sxs-angels_of_death_v458752.nfo	-	4652	1	0	0	0
sxs-angels_of_death_v458752.r00	-	50000000	1	4652	0	1
sxs-angels_of_death_v458752.r01	-	50000000	1	50004652	0	49
sxs-angels_of_death_v458752.r02	-	50000000	1	100004652	0	97
sxs-angels_of_death_v458752.r03	-	50000000	1	150004652	0	145
sxs-angels_of_death_v458752.r04	-	50000000	1	200004652	0	193
sxs-angels_of_death_v458752.r05	-	50000000	1	250004652	0	241
sxs-angels_of_death_v458752.r06	-	50000000	1	300004652	0	289
sxs-angels_of_death_v458752.r07	-	41356496	1	350004652	0	337
sxs-angels_of_death_v458752.rar	-	50000000	1	391361148	0	377
sxs-angels_of_death_v458752.sfv	-	378	1	441361148	0	425
