v-sdbhwm_v393216.nfo	-	5278	1	0	0	0
v-sdbhwm_v393216.r00	-	50000000	1	5278	0	1
v-sdbhwm_v393216.r01	-	50000000	1	50005278	0	49
v-sdbhwm_v393216.r02	-	50000000	1	100005278	0	97
v-sdbhwm_v393216.r03	-	50000000	1	150005278	0	145
v-sdbhwm_v393216.r04	-	50000000	1	200005278	0	193
v-sdbhwm_v393216.r05	-	50000000	1	250005278	0	241
v-sdbhwm_v393216.r06	-	50000000	1	300005278	0	289
v-sdbhwm_v393216.r07	-	50000000	1	350005278	0	337
v-sdbhwm_v393216.r08	-	50000000	1	400005278	0	385
v-sdbhwm_v393216.r09	-	30568034	1	450005278	0	433
v-sdbhwm_v393216.rar	-	50000000	1	480573312	0	463
v-sdbhwm_v393216.sfv	-	341	1	530573312	0	511
