n-hauntedhouse.nfo	-	6072	1	0	0	0
n-hauntedhouse.r00	-	50000000	1	6072	0	1
n-hauntedhouse.r01	-	50000000	1	50006072	0	49
n-hauntedhouse.r02	-	50000000	1	100006072	0	97
n-hauntedhouse.r03	-	50000000	1	150006072	0	145
n-hauntedhouse.r04	-	50000000	1	200006072	0	193
n-hauntedhouse.r05	-	50000000	1	250006072	0	241
n-hauntedhouse.r06	-	50000000	1	300006072	0	289
n-hauntedhouse.r07	-	50000000	1	350006072	0	337
n-hauntedhouse.r08	-	50000000	1	400006072	0	385
n-hauntedhouse.r09	-	50000000	1	450006072	0	433
n-hauntedhouse.r10	-	50000000	1	500006072	0	481
n-hauntedhouse.r11	-	50000000	1	12251264	1	12
n-hauntedhouse.r12	-	50000000	1	62251264	1	60
n-hauntedhouse.r13	-	50000000	1	112251264	1	108
n-hauntedhouse.r14	-	50000000	1	162251264	1	156
n-hauntedhouse.r15	-	50000000	1	212251264	1	204
n-hauntedhouse.r16	-	50000000	1	262251264	1	252
n-hauntedhouse.r17	-	50000000	1	312251264	1	300
n-hauntedhouse.r18	-	50000000	1	362251264	1	348
n-hauntedhouse.r19	-	50000000	1	412251264	1	396
n-hauntedhouse.r20	-	50000000	1	462251264	1	444
n-hauntedhouse.r21	-	50000000	1	512251264	1	492
n-hauntedhouse.r22	-	50000000	1	24834176	2	24
n-hauntedhouse.r23	-	50000000	1	74834176	2	72
n-hauntedhouse.r24	-	50000000	1	124834176	2	120
n-hauntedhouse.r25	-	50000000	1	174834176	2	168
n-hauntedhouse.r26	-	50000000	1	224834176	2	216
n-hauntedhouse.r27	-	50000000	1	274834176	2	264
n-hauntedhouse.r28	-	50000000	1	324834176	2	312
n-hauntedhouse.r29	-	50000000	1	374834176	2	360
n-hauntedhouse.r30	-	50000000	1	424834176	2	408
n-hauntedhouse.r31	-	50000000	1	474834176	2	456
n-hauntedhouse.r32	-	50000000	1	524834176	2	504
n-hauntedhouse.r33	-	4792128	1	37417088	3	36
n-hauntedhouse.rar	-	50000000	1	42209216	3	41
n-hauntedhouse.sfv	-	1015	1	92209216	3	89
