hr-ax7lav589824.nfo	-	11258	1	0	0	0
hr-ax7lav589824.r00	-	50000000	1	11258	0	1
hr-ax7lav589824.r01	-	50000000	1	50011258	0	49
hr-ax7lav589824.r02	-	50000000	1	100011258	0	97
hr-ax7lav589824.r03	-	50000000	1	150011258	0	145
hr-ax7lav589824.r04	-	50000000	1	200011258	0	193
hr-ax7lav589824.r05	-	50000000	1	250011258	0	241
hr-ax7lav589824.r06	-	50000000	1	300011258	0	289
hr-ax7lav589824.r07	-	50000000	1	350011258	0	337
hr-ax7lav589824.r08	-	50000000	1	400011258	0	385
hr-ax7lav589824.r09	-	50000000	1	450011258	0	433
hr-ax7lav589824.r10	-	50000000	1	500011258	0	481
hr-ax7lav589824.r11	-	50000000	1	12251264	1	12
hr-ax7lav589824.r12	-	50000000	1	62251264	1	60
hr-ax7lav589824.r13	-	50000000	1	112251264	1	108
hr-ax7lav589824.r14	-	50000000	1	162251264	1	156
hr-ax7lav589824.r15	-	11159501	1	212251264	1	204
hr-ax7lav589824.rar	-	50000000	1	223410765	1	215
hr-ax7lav589824.sfv	-	510	1	273410765	1	263
