v-doom_1993_v196608.nfo	-	4654	1	0	0	0
v-doom_1993_v196608.r00	-	50000000	1	4654	0	1
v-doom_1993_v196608.r01	-	50000000	1	50004654	0	49
v-doom_1993_v196608.r02	-	50000000	1	100004654	0	97
v-doom_1993_v196608.r03	-	50000000	1	150004654	0	145
v-doom_1993_v196608.r04	-	50000000	1	200004654	0	193
v-doom_1993_v196608.r05	-	50000000	1	250004654	0	241
v-doom_1993_v196608.r06	-	50000000	1	300004654	0	289
v-doom_1993_v196608.r07	-	50000000	1	350004654	0	337
v-doom_1993_v196608.r08	-	8730631	1	400004654	0	385
v-doom_1993_v196608.rar	-	50000000	1	408735285	0	394
v-doom_1993_v196608.sfv	-	340	1	458735285	0	442
