hr-apnvb.jpg	-	77809	1	0	0	0
hr-apnvb.nfo	-	20150	1	77809	0	1
hr-apnvb.r00	-	100000000	1	97959	0	2
hr-apnvb.r01	-	100000000	1	100097959	0	98
hr-apnvb.r02	-	100000000	1	200097959	0	194
hr-apnvb.r03	-	100000000	1	300097959	0	290
hr-apnvb.r04	-	100000000	1	400097959	0	386
hr-apnvb.r05	-	100000000	1	500097959	0	482
hr-apnvb.r06	-	100000000	1	62251264	1	60
hr-apnvb.r07	-	100000000	1	162251264	1	156
hr-apnvb.r08	-	100000000	1	262251264	1	252
hr-apnvb.r09	-	100000000	1	362251264	1	348
hr-apnvb.r10	-	100000000	1	462251264	1	444
hr-apnvb.r11	-	100000000	1	24502528	2	24
hr-apnvb.r12	-	100000000	1	124502528	2	120
hr-apnvb.r13	-	100000000	1	224502528	2	216
hr-apnvb.r14	-	100000000	1	324502528	2	312
hr-apnvb.r15	-	100000000	1	424502528	2	408
hr-apnvb.r16	-	55846634	1	524502528	2	504
hr-apnvb.rar	-	100000000	1	43263722	3	42
hr-apnvb.sfv	-	414	1	143263722	3	138
