v-decay_of_logos_v65536.nfo	-	5902	1	0	0	0
v-decay_of_logos_v65536.r00	-	50000000	1	5902	0	1
v-decay_of_logos_v65536.r01	-	50000000	1	50005902	0	49
v-decay_of_logos_v65536.r02	-	50000000	1	100005902	0	97
v-decay_of_logos_v65536.r03	-	50000000	1	150005902	0	145
v-decay_of_logos_v65536.r04	-	50000000	1	200005902	0	193
v-decay_of_logos_v65536.r05	-	50000000	1	250005902	0	241
v-decay_of_logos_v65536.r06	-	38691157	1	300005902	0	289
v-decay_of_logos_v65536.rar	-	50000000	1	338697059	0	326
v-decay_of_logos_v65536.sfv	-	304	1	388697059	0	374
