lfc-claybook.nfo	-	4585	1	0	0	0
lfc-claybook.r00	-	50000000	1	4585	0	1
lfc-claybook.r01	-	50000000	1	50004585	0	49
lfc-claybook.r02	-	50000000	1	100004585	0	97
lfc-claybook.r03	-	50000000	1	150004585	0	145
lfc-claybook.r04	-	50000000	1	200004585	0	193
lfc-claybook.r05	-	50000000	1	250004585	0	241
lfc-claybook.r06	-	50000000	1	300004585	0	289
lfc-claybook.r07	-	50000000	1	350004585	0	337
lfc-claybook.r08	-	50000000	1	400004585	0	385
lfc-claybook.r09	-	50000000	1	450004585	0	433
lfc-claybook.r10	-	50000000	1	500004585	0	481
lfc-claybook.r11	-	50000000	1	12251264	1	12
lfc-claybook.r12	-	50000000	1	62251264	1	60
lfc-claybook.r13	-	50000000	1	112251264	1	108
lfc-claybook.r14	-	50000000	1	162251264	1	156
lfc-claybook.r15	-	50000000	1	212251264	1	204
lfc-claybook.r16	-	50000000	1	262251264	1	252
lfc-claybook.r17	-	50000000	1	312251264	1	300
lfc-claybook.r18	-	50000000	1	362251264	1	348
lfc-claybook.r19	-	50000000	1	412251264	1	396
lfc-claybook.r20	-	50000000	1	462251264	1	444
lfc-claybook.r21	-	50000000	1	512251264	1	492
lfc-claybook.r22	-	50000000	1	24834176	2	24
lfc-claybook.r23	-	50000000	1	74834176	2	72
lfc-claybook.r24	-	50000000	1	124834176	2	120
lfc-claybook.r25	-	50000000	1	174834176	2	168
lfc-claybook.r26	-	50000000	1	224834176	2	216
lfc-claybook.r27	-	50000000	1	274834176	2	264
lfc-claybook.r28	-	50000000	1	324834176	2	312
lfc-claybook.r29	-	50000000	1	374834176	2	360
lfc-claybook.r30	-	7479370	1	424834176	2	408
lfc-claybook.rar	-	50000000	1	432313546	2	416
lfc-claybook.sfv	-	864	1	482313546	2	464
