v-conduct_together_v262144.nfo	-	6605	1	0	0	0
v-conduct_together_v262144.r00	-	50000000	1	6605	0	1
v-conduct_together_v262144.r01	-	50000000	1	50006605	0	49
v-conduct_together_v262144.r02	-	50000000	1	100006605	0	97
v-conduct_together_v262144.r03	-	50000000	1	150006605	0	145
v-conduct_together_v262144.r04	-	50000000	1	200006605	0	193
v-conduct_together_v262144.r05	-	50000000	1	250006605	0	241
v-conduct_together_v262144.r06	-	50000000	1	300006605	0	289
v-conduct_together_v262144.r07	-	50000000	1	350006605	0	337
v-conduct_together_v262144.r08	-	50000000	1	400006605	0	385
v-conduct_together_v262144.r09	-	50000000	1	450006605	0	433
v-conduct_together_v262144.r10	-	50000000	1	500006605	0	481
v-conduct_together_v262144.r11	-	50000000	1	12251264	1	12
v-conduct_together_v262144.r12	-	50000000	1	62251264	1	60
v-conduct_together_v262144.r13	-	50000000	1	112251264	1	108
v-conduct_together_v262144.r14	-	50000000	1	162251264	1	156
v-conduct_together_v262144.r15	-	50000000	1	212251264	1	204
v-conduct_together_v262144.r16	-	50000000	1	262251264	1	252
v-conduct_together_v262144.r17	-	50000000	1	312251264	1	300
v-conduct_together_v262144.r18	-	50000000	1	362251264	1	348
v-conduct_together_v262144.r19	-	19623198	1	412251264	1	396
v-conduct_together_v262144.rar	-	50000000	1	431874462	1	415
v-conduct_together_v262144.sfv	-	861	1	481874462	1	463
