v-one_true_hero_v196608.nfo	-	6214	1	0	0	0
v-one_true_hero_v196608.r00	-	100000000	1	6214	0	1
v-one_true_hero_v196608.r01	-	100000000	1	100006214	0	97
v-one_true_hero_v196608.r02	-	100000000	1	200006214	0	193
v-one_true_hero_v196608.r03	-	100000000	1	300006214	0	289
v-one_true_hero_v196608.r04	-	100000000	1	400006214	0	385
v-one_true_hero_v196608.r05	-	100000000	1	500006214	0	481
v-one_true_hero_v196608.r06	-	100000000	1	62251264	1	60
v-one_true_hero_v196608.r07	-	100000000	1	162251264	1	156
v-one_true_hero_v196608.r08	-	100000000	1	262251264	1	252
v-one_true_hero_v196608.r09	-	100000000	1	362251264	1	348
v-one_true_hero_v196608.r10	-	98619501	1	462251264	1	444
v-one_true_hero_v196608.rar	-	100000000	1	23122029	2	23
v-one_true_hero_v196608.sfv	-	456	1	123122029	2	119
