sxs-clea_2_v262144.nfo	-	6134	1	0	0	0
sxs-clea_2_v262144.r00	-	50000000	1	6134	0	1
sxs-clea_2_v262144.r01	-	50000000	1	50006134	0	49
sxs-clea_2_v262144.r02	-	50000000	1	100006134	0	97
sxs-clea_2_v262144.r03	-	50000000	1	150006134	0	145
sxs-clea_2_v262144.r04	-	50000000	1	200006134	0	193
sxs-clea_2_v262144.r05	-	50000000	1	250006134	0	241
sxs-clea_2_v262144.r06	-	50000000	1	300006134	0	289
sxs-clea_2_v262144.r07	-	50000000	1	350006134	0	337
sxs-clea_2_v262144.r08	-	50000000	1	400006134	0	385
sxs-clea_2_v262144.r09	-	50000000	1	450006134	0	433
sxs-clea_2_v262144.r10	-	50000000	1	500006134	0	481
sxs-clea_2_v262144.r11	-	50000000	1	12251264	1	12
sxs-clea_2_v262144.r12	-	50000000	1	62251264	1	60
sxs-clea_2_v262144.r13	-	50000000	1	112251264	1	108
sxs-clea_2_v262144.r14	-	50000000	1	162251264	1	156
sxs-clea_2_v262144.r15	-	50000000	1	212251264	1	204
sxs-clea_2_v262144.r16	-	50000000	1	262251264	1	252
sxs-clea_2_v262144.r17	-	50000000	1	312251264	1	300
sxs-clea_2_v262144.r18	-	50000000	1	362251264	1	348
sxs-clea_2_v262144.r19	-	50000000	1	412251264	1	396
sxs-clea_2_v262144.r20	-	50000000	1	462251264	1	444
sxs-clea_2_v262144.r21	-	50000000	1	512251264	1	492
sxs-clea_2_v262144.r22	-	50000000	1	24834176	2	24
sxs-clea_2_v262144.r23	-	50000000	1	74834176	2	72
sxs-clea_2_v262144.r24	-	50000000	1	124834176	2	120
sxs-clea_2_v262144.r25	-	50000000	1	174834176	2	168
sxs-clea_2_v262144.r26	-	50000000	1	224834176	2	216
sxs-clea_2_v262144.r27	-	50000000	1	274834176	2	264
sxs-clea_2_v262144.r28	-	50000000	1	324834176	2	312
sxs-clea_2_v262144.r29	-	50000000	1	374834176	2	360
sxs-clea_2_v262144.r30	-	50000000	1	424834176	2	408
sxs-clea_2_v262144.r31	-	50000000	1	474834176	2	456
sxs-clea_2_v262144.r32	-	50000000	1	524834176	2	504
sxs-clea_2_v262144.r33	-	50000000	1	37417088	3	36
sxs-clea_2_v262144.r34	-	50000000	1	87417088	3	84
sxs-clea_2_v262144.r35	-	50000000	1	137417088	3	132
sxs-clea_2_v262144.r36	-	50000000	1	187417088	3	180
sxs-clea_2_v262144.r37	-	50000000	1	237417088	3	228
sxs-clea_2_v262144.r38	-	50000000	1	287417088	3	276
sxs-clea_2_v262144.r39	-	50000000	1	337417088	3	324
sxs-clea_2_v262144.r40	-	50000000	1	387417088	3	372
sxs-clea_2_v262144.r41	-	50000000	1	437417088	3	420
sxs-clea_2_v262144.r42	-	50000000	1	487417088	3	468
sxs-clea_2_v262144.r43	-	50000000	1	0	4	0
sxs-clea_2_v262144.r44	-	50000000	1	50000000	4	48
sxs-clea_2_v262144.r45	-	21217258	1	100000000	4	96
sxs-clea_2_v262144.rar	-	50000000	1	121217258	4	117
sxs-clea_2_v262144.sfv	-	1551	1	171217258	4	165
