v-doublecross.nfo	-	5981	1	0	0	0
v-doublecross.r00	-	50000000	1	5981	0	1
v-doublecross.r01	-	50000000	1	50005981	0	49
v-doublecross.r02	-	50000000	1	100005981	0	97
v-doublecross.r03	-	50000000	1	150005981	0	145
v-doublecross.r04	-	50000000	1	200005981	0	193
v-doublecross.r05	-	50000000	1	250005981	0	241
v-doublecross.r06	-	50000000	1	300005981	0	289
v-doublecross.r07	-	50000000	1	350005981	0	337
v-doublecross.r08	-	50000000	1	400005981	0	385
v-doublecross.r09	-	50000000	1	450005981	0	433
v-doublecross.r10	-	8158049	1	500005981	0	481
v-doublecross.rar	-	50000202	1	508164030	0	489
v-doublecross.sfv	-	336	1	20640074	1	20
