sxs-voez_v655360.nfo	-	5042	1	0	0	0
sxs-voez_v655360.r00	-	50000000	1	5042	0	1
sxs-voez_v655360.r01	-	50000000	1	50005042	0	49
sxs-voez_v655360.r02	-	50000000	1	100005042	0	97
sxs-voez_v655360.r03	-	50000000	1	150005042	0	145
sxs-voez_v655360.r04	-	50000000	1	200005042	0	193
sxs-voez_v655360.r05	-	50000000	1	250005042	0	241
sxs-voez_v655360.r06	-	50000000	1	300005042	0	289
sxs-voez_v655360.r07	-	50000000	1	350005042	0	337
sxs-voez_v655360.r08	-	50000000	1	400005042	0	385
sxs-voez_v655360.r09	-	50000000	1	450005042	0	433
sxs-voez_v655360.r10	-	42669240	1	500005042	0	481
sxs-voez_v655360.rar	-	50000000	1	4920504	1	5
sxs-voez_v655360.sfv	-	372	1	54920504	1	53
