hr-avv7av65536.nfo	-	11258	1	0	0	0
hr-avv7av65536.r00	-	50000000	1	11258	0	1
hr-avv7av65536.r01	-	50000000	1	50011258	0	49
hr-avv7av65536.r02	-	50000000	1	100011258	0	97
hr-avv7av65536.r03	-	50000000	1	150011258	0	145
hr-avv7av65536.r04	-	50000000	1	200011258	0	193
hr-avv7av65536.r05	-	50000000	1	250011258	0	241
hr-avv7av65536.r06	-	50000000	1	300011258	0	289
hr-avv7av65536.r07	-	50000000	1	350011258	0	337
hr-avv7av65536.r08	-	2640377	1	400011258	0	385
hr-avv7av65536.rar	-	50000000	1	402651635	0	388
hr-avv7av65536.sfv	-	290	1	452651635	0	436
