n-minecraftlgds.nfo	-	6072	1	0	0	0
n-minecraftlgds.r00	-	150000000	1	6072	0	1
n-minecraftlgds.r01	-	150000000	1	150006072	0	145
n-minecraftlgds.r02	-	150000000	1	300006072	0	289
n-minecraftlgds.r03	-	150000000	1	450006072	0	433
n-minecraftlgds.r04	-	150000000	1	62968192	1	61
n-minecraftlgds.r05	-	150000000	1	212968192	1	205
n-minecraftlgds.r06	-	150000000	1	362968192	1	349
n-minecraftlgds.r07	-	150000000	1	512968192	1	493
n-minecraftlgds.r08	-	150000000	1	125882752	2	121
n-minecraftlgds.r09	-	150000000	1	275882752	2	265
n-minecraftlgds.r10	-	150000000	1	425882752	2	409
n-minecraftlgds.r11	-	150000000	1	38850944	3	38
n-minecraftlgds.r12	-	150000000	1	188850944	3	182
n-minecraftlgds.r13	-	150000000	1	338850944	3	326
n-minecraftlgds.r14	-	150000000	1	488850944	3	470
n-minecraftlgds.r15	-	150000000	1	101765504	4	98
n-minecraftlgds.r16	-	150000000	1	251765504	4	242
n-minecraftlgds.r17	-	150000000	1	401765504	4	386
n-minecraftlgds.r18	-	150000000	1	14733696	5	15
n-minecraftlgds.r19	-	150000000	1	164733696	5	159
n-minecraftlgds.r20	-	150000000	1	314733696	5	303
n-minecraftlgds.r21	-	150000000	1	464733696	5	447
n-minecraftlgds.r22	-	150000000	1	77648256	6	75
n-minecraftlgds.r23	-	150000000	1	227648256	6	219
n-minecraftlgds.r24	-	150000000	1	377648256	6	363
n-minecraftlgds.r25	-	150000000	1	527648256	6	507
n-minecraftlgds.r26	-	150000000	1	140562816	7	135
n-minecraftlgds.r27	-	150000000	1	290562816	7	279
n-minecraftlgds.r28	-	150000000	1	440562816	7	423
n-minecraftlgds.r29	-	150000000	1	53531008	8	52
n-minecraftlgds.r30	-	150000000	1	203531008	8	196
n-minecraftlgds.r31	-	150000000	1	353531008	8	340
n-minecraftlgds.r32	-	150000000	1	503531008	8	484
n-minecraftlgds.r33	-	150000000	1	116445568	9	112
n-minecraftlgds.r34	-	150000000	1	266445568	9	256
n-minecraftlgds.r35	-	150000000	1	416445568	9	400
n-minecraftlgds.r36	-	150000000	1	29413760	10	29
n-minecraftlgds.r37	-	150000000	1	179413760	10	173
n-minecraftlgds.r38	-	150000000	1	329413760	10	317
n-minecraftlgds.r39	-	150000000	1	479413760	10	461
n-minecraftlgds.r40	-	150000000	1	92328320	11	89
n-minecraftlgds.r41	-	150000000	1	242328320	11	233
n-minecraftlgds.r42	-	150000000	1	392328320	11	377
n-minecraftlgds.r43	-	150000000	1	5296512	12	6
n-minecraftlgds.r44	-	150000000	1	155296512	12	150
n-minecraftlgds.r45	-	150000000	1	305296512	12	294
n-minecraftlgds.r46	-	27834728	1	455296512	12	438
n-minecraftlgds.rar	-	150000000	1	483131240	12	465
n-minecraftlgds.sfv	-	1440	1	95474048	13	92
