n-miabsfid.nfo	-	6071	1	0	0	0
n-miabsfid.r00	-	150000000	1	6071	0	1
n-miabsfid.r01	-	150000000	1	150006071	0	145
n-miabsfid.r02	-	150000000	1	300006071	0	289
n-miabsfid.r03	-	150000000	1	450006071	0	433
n-miabsfid.r04	-	150000000	1	62968192	1	61
n-miabsfid.r05	-	150000000	1	212968192	1	205
n-miabsfid.r06	-	150000000	1	362968192	1	349
n-miabsfid.r07	-	150000000	1	512968192	1	493
n-miabsfid.r08	-	150000000	1	125882752	2	121
n-miabsfid.r09	-	150000000	1	275882752	2	265
n-miabsfid.r10	-	150000000	1	425882752	2	409
n-miabsfid.r11	-	150000000	1	38850944	3	38
n-miabsfid.r12	-	150000000	1	188850944	3	182
n-miabsfid.r13	-	150000000	1	338850944	3	326
n-miabsfid.r14	-	150000000	1	488850944	3	470
n-miabsfid.r15	-	150000000	1	101765504	4	98
n-miabsfid.r16	-	150000000	1	251765504	4	242
n-miabsfid.r17	-	150000000	1	401765504	4	386
n-miabsfid.r18	-	150000000	1	14733696	5	15
n-miabsfid.r19	-	150000000	1	164733696	5	159
n-miabsfid.r20	-	150000000	1	314733696	5	303
n-miabsfid.r21	-	150000000	1	464733696	5	447
n-miabsfid.r22	-	150000000	1	77648256	6	75
n-miabsfid.r23	-	150000000	1	227648256	6	219
n-miabsfid.r24	-	150000000	1	377648256	6	363
n-miabsfid.r25	-	150000000	1	527648256	6	507
n-miabsfid.r26	-	150000000	1	140562816	7	135
n-miabsfid.r27	-	150000000	1	290562816	7	279
n-miabsfid.r28	-	150000000	1	440562816	7	423
n-miabsfid.r29	-	150000000	1	53531008	8	52
n-miabsfid.r30	-	150000000	1	203531008	8	196
n-miabsfid.r31	-	150000000	1	353531008	8	340
n-miabsfid.r32	-	150000000	1	503531008	8	484
n-miabsfid.r33	-	150000000	1	116445568	9	112
n-miabsfid.r34	-	150000000	1	266445568	9	256
n-miabsfid.r35	-	150000000	1	416445568	9	400
n-miabsfid.r36	-	150000000	1	29413760	10	29
n-miabsfid.r37	-	150000000	1	179413760	10	173
n-miabsfid.r38	-	150000000	1	329413760	10	317
n-miabsfid.r39	-	150000000	1	479413760	10	461
n-miabsfid.r40	-	150000000	1	92328320	11	89
n-miabsfid.r41	-	150000000	1	242328320	11	233
n-miabsfid.r42	-	150000000	1	392328320	11	377
n-miabsfid.r43	-	65605661	1	5296512	12	6
n-miabsfid.rar	-	150000000	1	70902173	12	69
n-miabsfid.sfv	-	1125	1	220902173	12	213
