w-perseverance.nfo	-	8766	1	0	0	0
w-perseverance.r00	-	50000000	1	8766	0	1
w-perseverance.r01	-	50000000	1	50008766	0	49
w-perseverance.r02	-	50000000	1	100008766	0	97
w-perseverance.r03	-	50000000	1	150008766	0	145
w-perseverance.r04	-	50000000	1	200008766	0	193
w-perseverance.r05	-	50000000	1	250008766	0	241
w-perseverance.r06	-	50000000	1	300008766	0	289
w-perseverance.r07	-	50000000	1	350008766	0	337
w-perseverance.r08	-	50000000	1	400008766	0	385
w-perseverance.r09	-	31278164	1	450008766	0	433
w-perseverance.rar	-	50000000	1	481286930	0	463
w-perseverance.sfv	-	319	1	531286930	0	511
