hr-au7za.nfo	-	11258	1	0	0	0
hr-au7za.r00	-	100000000	1	11258	0	1
hr-au7za.r01	-	100000000	1	100011258	0	97
hr-au7za.r02	-	100000000	1	200011258	0	193
hr-au7za.r03	-	100000000	1	300011258	0	289
hr-au7za.r04	-	100000000	1	400011258	0	385
hr-au7za.r05	-	100000000	1	500011258	0	481
hr-au7za.r06	-	100000000	1	62251264	1	60
hr-au7za.r07	-	100000000	1	162251264	1	156
hr-au7za.r08	-	100000000	1	262251264	1	252
hr-au7za.r09	-	100000000	1	362251264	1	348
hr-au7za.r10	-	100000000	1	462251264	1	444
hr-au7za.r11	-	100000000	1	24502528	2	24
hr-au7za.r12	-	100000000	1	124502528	2	120
hr-au7za.r13	-	100000000	1	224502528	2	216
hr-au7za.r14	-	100000000	1	324502528	2	312
hr-au7za.r15	-	100000000	1	424502528	2	408
hr-au7za.r16	-	100000000	1	524502528	2	504
hr-au7za.r17	-	100000000	1	87417088	3	84
hr-au7za.r18	-	100000000	1	187417088	3	180
hr-au7za.r19	-	100000000	1	287417088	3	276
hr-au7za.r20	-	100000000	1	387417088	3	372
hr-au7za.r21	-	100000000	1	487417088	3	468
hr-au7za.r22	-	100000000	1	49668352	4	48
hr-au7za.r23	-	100000000	1	149668352	4	144
hr-au7za.r24	-	100000000	1	249668352	4	240
hr-au7za.r25	-	100000000	1	349668352	4	336
hr-au7za.r26	-	100000000	1	449668352	4	432
hr-au7za.r27	-	100000000	1	11919616	5	12
hr-au7za.r28	-	100000000	1	111919616	5	108
hr-au7za.r29	-	100000000	1	211919616	5	204
hr-au7za.r30	-	100000000	1	311919616	5	300
hr-au7za.r31	-	100000000	1	411919616	5	396
hr-au7za.r32	-	100000000	1	511919616	5	492
hr-au7za.r33	-	100000000	1	74834176	6	72
hr-au7za.r34	-	100000000	1	174834176	6	168
hr-au7za.r35	-	100000000	1	274834176	6	264
hr-au7za.r36	-	100000000	1	374834176	6	360
hr-au7za.r37	-	100000000	1	474834176	6	456
hr-au7za.r38	-	100000000	1	37085440	7	36
hr-au7za.r39	-	100000000	1	137085440	7	132
hr-au7za.r40	-	100000000	1	237085440	7	228
hr-au7za.r41	-	100000000	1	337085440	7	324
hr-au7za.r42	-	100000000	1	437085440	7	420
hr-au7za.r43	-	100000000	1	0	8	0
hr-au7za.r44	-	100000000	1	100000000	8	96
hr-au7za.r45	-	100000000	1	200000000	8	192
hr-au7za.r46	-	100000000	1	300000000	8	288
hr-au7za.r47	-	100000000	1	400000000	8	384
hr-au7za.r48	-	100000000	1	500000000	8	480
hr-au7za.r49	-	100000000	1	62251264	9	60
hr-au7za.r50	-	100000000	1	162251264	9	156
hr-au7za.r51	-	100000000	1	262251264	9	252
hr-au7za.r52	-	100000000	1	362251264	9	348
hr-au7za.r53	-	100000000	1	462251264	9	444
hr-au7za.r54	-	100000000	1	24502528	10	24
hr-au7za.r55	-	100000000	1	124502528	10	120
hr-au7za.r56	-	100000000	1	224502528	10	216
hr-au7za.r57	-	100000000	1	324502528	10	312
hr-au7za.r58	-	100000000	1	424502528	10	408
hr-au7za.r59	-	100000000	1	524502528	10	504
hr-au7za.r60	-	100000000	1	87417088	11	84
hr-au7za.r61	-	100000000	1	187417088	11	180
hr-au7za.r62	-	100000000	1	287417088	11	276
hr-au7za.r63	-	100000000	1	387417088	11	372
hr-au7za.r64	-	100000000	1	487417088	11	468
hr-au7za.r65	-	100000000	1	49668352	12	48
hr-au7za.r66	-	100000000	1	149668352	12	144
hr-au7za.r67	-	58163846	1	249668352	12	240
hr-au7za.rar	-	100000000	1	307832198	12	296
hr-au7za.sfv	-	1587	1	407832198	12	392
Proof	d	0	1	407833785	12	393
Proof/hr-au7za.jpg	-	148991	1	407833785	12	393
