Proof	d	0	1	0	0	0
Proof/v-hogwarts_legacy.jpg	-	237442	1	0	0	0
v-hogwarts_legacy.nfo	-	5590	1	237442	0	1
v-hogwarts_legacy.r00	-	100000000	1	243032	0	2
v-hogwarts_legacy.r01	-	100000000	1	100243032	0	98
v-hogwarts_legacy.r02	-	100000000	1	200243032	0	194
v-hogwarts_legacy.r03	-	100000000	1	300243032	0	290
v-hogwarts_legacy.r04	-	100000000	1	400243032	0	386
v-hogwarts_legacy.r05	-	100000000	1	500243032	0	482
v-hogwarts_legacy.r06	-	100000000	1	63299840	1	61
v-hogwarts_legacy.r07	-	100000000	1	163299840	1	157
v-hogwarts_legacy.r08	-	100000000	1	263299840	1	253
v-hogwarts_legacy.r09	-	100000000	1	363299840	1	349
v-hogwarts_legacy.r10	-	100000000	1	463299840	1	445
v-hogwarts_legacy.r11	-	100000000	1	25551104	2	25
v-hogwarts_legacy.r12	-	100000000	1	125551104	2	121
v-hogwarts_legacy.r13	-	100000000	1	225551104	2	217
v-hogwarts_legacy.r14	-	100000000	1	325551104	2	313
v-hogwarts_legacy.r15	-	100000000	1	425551104	2	409
v-hogwarts_legacy.r16	-	100000000	1	525551104	2	505
v-hogwarts_legacy.r17	-	100000000	1	88465664	3	85
v-hogwarts_legacy.r18	-	100000000	1	188465664	3	181
v-hogwarts_legacy.r19	-	100000000	1	288465664	3	277
v-hogwarts_legacy.r20	-	100000000	1	388465664	3	373
v-hogwarts_legacy.r21	-	100000000	1	488465664	3	469
v-hogwarts_legacy.r22	-	100000000	1	50716928	4	49
v-hogwarts_legacy.r23	-	100000000	1	150716928	4	145
v-hogwarts_legacy.r24	-	100000000	1	250716928	4	241
v-hogwarts_legacy.r25	-	100000000	1	350716928	4	337
v-hogwarts_legacy.r26	-	100000000	1	450716928	4	433
v-hogwarts_legacy.r27	-	100000000	1	12968192	5	13
v-hogwarts_legacy.r28	-	100000000	1	112968192	5	109
v-hogwarts_legacy.r29	-	100000000	1	212968192	5	205
v-hogwarts_legacy.r30	-	100000000	1	312968192	5	301
v-hogwarts_legacy.r31	-	100000000	1	412968192	5	397
v-hogwarts_legacy.r32	-	100000000	1	512968192	5	493
v-hogwarts_legacy.r33	-	100000000	1	75882752	6	73
v-hogwarts_legacy.r34	-	100000000	1	175882752	6	169
v-hogwarts_legacy.r35	-	100000000	1	275882752	6	265
v-hogwarts_legacy.r36	-	100000000	1	375882752	6	361
v-hogwarts_legacy.r37	-	100000000	1	475882752	6	457
v-hogwarts_legacy.r38	-	100000000	1	38134016	7	37
v-hogwarts_legacy.r39	-	100000000	1	138134016	7	133
v-hogwarts_legacy.r40	-	100000000	1	238134016	7	229
v-hogwarts_legacy.r41	-	100000000	1	338134016	7	325
v-hogwarts_legacy.r42	-	100000000	1	438134016	7	421
v-hogwarts_legacy.r43	-	100000000	1	385280	8	1
v-hogwarts_legacy.r44	-	100000000	1	100385280	8	97
v-hogwarts_legacy.r45	-	100000000	1	200385280	8	193
v-hogwarts_legacy.r46	-	100000000	1	300385280	8	289
v-hogwarts_legacy.r47	-	100000000	1	400385280	8	385
v-hogwarts_legacy.r48	-	100000000	1	500385280	8	481
v-hogwarts_legacy.r49	-	100000000	1	63299840	9	61
v-hogwarts_legacy.r50	-	100000000	1	163299840	9	157
v-hogwarts_legacy.r51	-	100000000	1	263299840	9	253
v-hogwarts_legacy.r52	-	100000000	1	363299840	9	349
v-hogwarts_legacy.r53	-	100000000	1	463299840	9	445
v-hogwarts_legacy.r54	-	100000000	1	25551104	10	25
v-hogwarts_legacy.r55	-	100000000	1	125551104	10	121
v-hogwarts_legacy.r56	-	100000000	1	225551104	10	217
v-hogwarts_legacy.r57	-	100000000	1	325551104	10	313
v-hogwarts_legacy.r58	-	100000000	1	425551104	10	409
v-hogwarts_legacy.r59	-	100000000	1	525551104	10	505
v-hogwarts_legacy.r60	-	100000000	1	88465664	11	85
v-hogwarts_legacy.r61	-	100000000	1	188465664	11	181
v-hogwarts_legacy.r62	-	100000000	1	288465664	11	277
v-hogwarts_legacy.r63	-	100000000	1	388465664	11	373
v-hogwarts_legacy.r64	-	100000000	1	488465664	11	469
v-hogwarts_legacy.r65	-	100000000	1	50716928	12	49
v-hogwarts_legacy.r66	-	100000000	1	150716928	12	145
v-hogwarts_legacy.r67	-	100000000	1	250716928	12	241
v-hogwarts_legacy.r68	-	100000000	1	350716928	12	337
v-hogwarts_legacy.r69	-	100000000	1	450716928	12	433
v-hogwarts_legacy.r70	-	100000000	1	12968192	13	13
v-hogwarts_legacy.r71	-	100000000	1	112968192	13	109
v-hogwarts_legacy.r72	-	100000000	1	212968192	13	205
v-hogwarts_legacy.r73	-	100000000	1	312968192	13	301
v-hogwarts_legacy.r74	-	100000000	1	412968192	13	397
v-hogwarts_legacy.r75	-	89317664	1	512968192	13	493
v-hogwarts_legacy.rar	-	100000000	1	65200416	14	63
v-hogwarts_legacy.sfv	-	2464	1	165200416	14	159
