sxs-apparition.nfo	-	8170	1	0	0	0
sxs-apparition.r00	-	100000000	1	8170	0	1
sxs-apparition.r01	-	100000000	1	100008170	0	97
sxs-apparition.r02	-	100000000	1	200008170	0	193
sxs-apparition.r03	-	100000000	1	300008170	0	289
sxs-apparition.r04	-	100000000	1	400008170	0	385
sxs-apparition.r05	-	100000000	1	500008170	0	481
sxs-apparition.r06	-	100000000	1	62251264	1	60
sxs-apparition.r07	-	100000000	1	162251264	1	156
sxs-apparition.r08	-	100000000	1	262251264	1	252
sxs-apparition.r09	-	100000000	1	362251264	1	348
sxs-apparition.r10	-	47323561	1	462251264	1	444
sxs-apparition.rar	-	100000000	1	509574825	1	490
sxs-apparition.sfv	-	348	1	71688448	2	69
