v-taiko_v2424832.nfo	-	5434	1	0	0	0
v-taiko_v2424832.r00	-	50000000	1	5434	0	1
v-taiko_v2424832.r01	-	50000000	1	50005434	0	49
v-taiko_v2424832.r02	-	50000000	1	100005434	0	97
v-taiko_v2424832.r03	-	50000000	1	150005434	0	145
v-taiko_v2424832.r04	-	50000000	1	200005434	0	193
v-taiko_v2424832.r05	-	50000000	1	250005434	0	241
v-taiko_v2424832.r06	-	50000000	1	300005434	0	289
v-taiko_v2424832.r07	-	50000000	1	350005434	0	337
v-taiko_v2424832.r08	-	50000000	1	400005434	0	385
v-taiko_v2424832.r09	-	50000000	1	450005434	0	433
v-taiko_v2424832.r10	-	50000000	1	500005434	0	481
v-taiko_v2424832.r11	-	50000000	1	12251264	1	12
v-taiko_v2424832.r12	-	50000000	1	62251264	1	60
v-taiko_v2424832.r13	-	50000000	1	112251264	1	108
v-taiko_v2424832.r14	-	50000000	1	162251264	1	156
v-taiko_v2424832.r15	-	50000000	1	212251264	1	204
v-taiko_v2424832.r16	-	50000000	1	262251264	1	252
v-taiko_v2424832.r17	-	50000000	1	312251264	1	300
v-taiko_v2424832.r18	-	50000000	1	362251264	1	348
v-taiko_v2424832.r19	-	50000000	1	412251264	1	396
v-taiko_v2424832.r20	-	50000000	1	462251264	1	444
v-taiko_v2424832.r21	-	50000000	1	512251264	1	492
v-taiko_v2424832.r22	-	50000000	1	24834176	2	24
v-taiko_v2424832.r23	-	50000000	1	74834176	2	72
v-taiko_v2424832.r24	-	50000000	1	124834176	2	120
v-taiko_v2424832.r25	-	50000000	1	174834176	2	168
v-taiko_v2424832.r26	-	50000000	1	224834176	2	216
v-taiko_v2424832.r27	-	50000000	1	274834176	2	264
v-taiko_v2424832.r28	-	50000000	1	324834176	2	312
v-taiko_v2424832.r29	-	50000000	1	374834176	2	360
v-taiko_v2424832.r30	-	50000000	1	424834176	2	408
v-taiko_v2424832.r31	-	50000000	1	474834176	2	456
v-taiko_v2424832.r32	-	50000000	1	524834176	2	504
v-taiko_v2424832.r33	-	50000000	1	37417088	3	36
v-taiko_v2424832.r34	-	50000000	1	87417088	3	84
v-taiko_v2424832.r35	-	50000000	1	137417088	3	132
v-taiko_v2424832.r36	-	50000000	1	187417088	3	180
v-taiko_v2424832.r37	-	50000000	1	237417088	3	228
v-taiko_v2424832.r38	-	50000000	1	287417088	3	276
v-taiko_v2424832.r39	-	50000000	1	337417088	3	324
v-taiko_v2424832.r40	-	50000000	1	387417088	3	372
v-taiko_v2424832.r41	-	50000000	1	437417088	3	420
v-taiko_v2424832.r42	-	50000000	1	487417088	3	468
v-taiko_v2424832.r43	-	50000000	1	0	4	0
v-taiko_v2424832.r44	-	50000000	1	50000000	4	48
v-taiko_v2424832.r45	-	50000000	1	100000000	4	96
v-taiko_v2424832.r46	-	50000000	1	150000000	4	144
v-taiko_v2424832.r47	-	50000000	1	200000000	4	192
v-taiko_v2424832.r48	-	50000000	1	250000000	4	240
v-taiko_v2424832.r49	-	50000000	1	300000000	4	288
v-taiko_v2424832.r50	-	9376798	1	350000000	4	336
v-taiko_v2424832.rar	-	50000000	1	359376798	4	345
v-taiko_v2424832.sfv	-	1612	1	409376798	4	393
