sxs-rims_racing_v65536.nfo	-	8475	1	0	0	0
sxs-rims_racing_v65536.r00	-	50000000	1	8475	0	1
sxs-rims_racing_v65536.r01	-	50000000	1	50008475	0	49
sxs-rims_racing_v65536.r02	-	50000000	1	100008475	0	97
sxs-rims_racing_v65536.r03	-	50000000	1	150008475	0	145
sxs-rims_racing_v65536.r04	-	50000000	1	200008475	0	193
sxs-rims_racing_v65536.r05	-	50000000	1	250008475	0	241
sxs-rims_racing_v65536.r06	-	50000000	1	300008475	0	289
sxs-rims_racing_v65536.r07	-	50000000	1	350008475	0	337
sxs-rims_racing_v65536.r08	-	50000000	1	400008475	0	385
sxs-rims_racing_v65536.r09	-	50000000	1	450008475	0	433
sxs-rims_racing_v65536.r10	-	50000000	1	500008475	0	481
sxs-rims_racing_v65536.r11	-	50000000	1	12251264	1	12
sxs-rims_racing_v65536.r12	-	50000000	1	62251264	1	60
sxs-rims_racing_v65536.r13	-	50000000	1	112251264	1	108
sxs-rims_racing_v65536.r14	-	50000000	1	162251264	1	156
sxs-rims_racing_v65536.r15	-	50000000	1	212251264	1	204
sxs-rims_racing_v65536.r16	-	50000000	1	262251264	1	252
sxs-rims_racing_v65536.r17	-	50000000	1	312251264	1	300
sxs-rims_racing_v65536.r18	-	50000000	1	362251264	1	348
sxs-rims_racing_v65536.r19	-	50000000	1	412251264	1	396
sxs-rims_racing_v65536.r20	-	50000000	1	462251264	1	444
sxs-rims_racing_v65536.r21	-	50000000	1	512251264	1	492
sxs-rims_racing_v65536.r22	-	50000000	1	24834176	2	24
sxs-rims_racing_v65536.r23	-	50000000	1	74834176	2	72
sxs-rims_racing_v65536.r24	-	50000000	1	124834176	2	120
sxs-rims_racing_v65536.r25	-	50000000	1	174834176	2	168
sxs-rims_racing_v65536.r26	-	3493694	1	224834176	2	216
sxs-rims_racing_v65536.rar	-	50000000	1	228327870	2	220
sxs-rims_racing_v65536.sfv	-	1036	1	278327870	2	268
