sxs-retimed_v983040.nfo	-	8162	1	0	0	0
sxs-retimed_v983040.r00	-	50000000	1	8162	0	1
sxs-retimed_v983040.r01	-	50000000	1	50008162	0	49
sxs-retimed_v983040.r02	-	50000000	1	100008162	0	97
sxs-retimed_v983040.r03	-	50000000	1	150008162	0	145
sxs-retimed_v983040.r04	-	50000000	1	200008162	0	193
sxs-retimed_v983040.r05	-	50000000	1	250008162	0	241
sxs-retimed_v983040.r06	-	50000000	1	300008162	0	289
sxs-retimed_v983040.r07	-	19489859	1	350008162	0	337
sxs-retimed_v983040.rar	-	50000000	1	369498021	0	356
sxs-retimed_v983040.sfv	-	306	1	419498021	0	404
