hr-at7qa.nfo	-	20150	1	0	0	0
hr-at7qa.r00	-	50000000	1	20150	0	1
hr-at7qa.r01	-	50000000	1	50020150	0	49
hr-at7qa.r02	-	50000000	1	100020150	0	97
hr-at7qa.r03	-	50000000	1	150020150	0	145
hr-at7qa.r04	-	50000000	1	200020150	0	193
hr-at7qa.r05	-	50000000	1	250020150	0	241
hr-at7qa.r06	-	50000000	1	300020150	0	289
hr-at7qa.r07	-	50000000	1	350020150	0	337
hr-at7qa.r08	-	50000000	1	400020150	0	385
hr-at7qa.r09	-	50000000	1	450020150	0	433
hr-at7qa.r10	-	50000000	1	500020150	0	481
hr-at7qa.r11	-	22061201	1	12251264	1	12
hr-at7qa.rar	-	50000000	1	34312465	1	34
hr-at7qa.sfv	-	299	1	84312465	1	82
Proof	d	0	1	84312764	1	83
Proof/hr-at7qa.jpg	-	131348	1	84312764	1	83
