hr-a6hva.nfo	-	11258	1	0	0	0
hr-a6hva.r00	-	50000000	1	11258	0	1
hr-a6hva.r01	-	50000000	1	50011258	0	49
hr-a6hva.r02	-	50000000	1	100011258	0	97
hr-a6hva.r03	-	50000000	1	150011258	0	145
hr-a6hva.r04	-	50000000	1	200011258	0	193
hr-a6hva.r05	-	50000000	1	250011258	0	241
hr-a6hva.r06	-	50000000	1	300011258	0	289
hr-a6hva.r07	-	50000000	1	350011258	0	337
hr-a6hva.r08	-	50000000	1	400011258	0	385
hr-a6hva.r09	-	50000000	1	450011258	0	433
hr-a6hva.r10	-	50000000	1	500011258	0	481
hr-a6hva.r11	-	50000000	1	12251264	1	12
hr-a6hva.r12	-	50000000	1	62251264	1	60
hr-a6hva.r13	-	50000000	1	112251264	1	108
hr-a6hva.r14	-	50000000	1	162251264	1	156
hr-a6hva.r15	-	50000000	1	212251264	1	204
hr-a6hva.r16	-	50000000	1	262251264	1	252
hr-a6hva.r17	-	50000000	1	312251264	1	300
hr-a6hva.r18	-	50000000	1	362251264	1	348
hr-a6hva.r19	-	50000000	1	412251264	1	396
hr-a6hva.r20	-	50000000	1	462251264	1	444
hr-a6hva.r21	-	50000000	1	512251264	1	492
hr-a6hva.r22	-	50000000	1	24834176	2	24
hr-a6hva.r23	-	50000000	1	74834176	2	72
hr-a6hva.r24	-	50000000	1	124834176	2	120
hr-a6hva.r25	-	50000000	1	174834176	2	168
hr-a6hva.r26	-	50000000	1	224834176	2	216
hr-a6hva.r27	-	50000000	1	274834176	2	264
hr-a6hva.r28	-	50000000	1	324834176	2	312
hr-a6hva.r29	-	50000000	1	374834176	2	360
hr-a6hva.r30	-	50000000	1	424834176	2	408
hr-a6hva.r31	-	50000000	1	474834176	2	456
hr-a6hva.r32	-	50000000	1	524834176	2	504
hr-a6hva.r33	-	50000000	1	37417088	3	36
hr-a6hva.r34	-	50000000	1	87417088	3	84
hr-a6hva.r35	-	50000000	1	137417088	3	132
hr-a6hva.r36	-	50000000	1	187417088	3	180
hr-a6hva.r37	-	50000000	1	237417088	3	228
hr-a6hva.r38	-	50000000	1	287417088	3	276
hr-a6hva.r39	-	50000000	1	337417088	3	324
hr-a6hva.r40	-	50000000	1	387417088	3	372
hr-a6hva.r41	-	50000000	1	437417088	3	420
hr-a6hva.r42	-	50000000	1	487417088	3	468
hr-a6hva.r43	-	50000000	1	0	4	0
hr-a6hva.r44	-	50000000	1	50000000	4	48
hr-a6hva.r45	-	50000000	1	100000000	4	96
hr-a6hva.r46	-	50000000	1	150000000	4	144
hr-a6hva.r47	-	50000000	1	200000000	4	192
hr-a6hva.r48	-	50000000	1	250000000	4	240
hr-a6hva.r49	-	50000000	1	300000000	4	288
hr-a6hva.r50	-	50000000	1	350000000	4	336
hr-a6hva.r51	-	50000000	1	400000000	4	384
hr-a6hva.r52	-	50000000	1	450000000	4	432
hr-a6hva.r53	-	50000000	1	500000000	4	480
hr-a6hva.r54	-	50000000	1	12251264	5	12
hr-a6hva.r55	-	50000000	1	62251264	5	60
hr-a6hva.r56	-	50000000	1	112251264	5	108
hr-a6hva.r57	-	50000000	1	162251264	5	156
hr-a6hva.r58	-	50000000	1	212251264	5	204
hr-a6hva.r59	-	50000000	1	262251264	5	252
hr-a6hva.r60	-	50000000	1	312251264	5	300
hr-a6hva.r61	-	50000000	1	362251264	5	348
hr-a6hva.r62	-	50000000	1	412251264	5	396
hr-a6hva.r63	-	50000000	1	462251264	5	444
hr-a6hva.r64	-	50000000	1	512251264	5	492
hr-a6hva.r65	-	50000000	1	24834176	6	24
hr-a6hva.r66	-	50000000	1	74834176	6	72
hr-a6hva.r67	-	50000000	1	124834176	6	120
hr-a6hva.r68	-	50000000	1	174834176	6	168
hr-a6hva.r69	-	50000000	1	224834176	6	216
hr-a6hva.r70	-	50000000	1	274834176	6	264
hr-a6hva.r71	-	50000000	1	324834176	6	312
hr-a6hva.r72	-	50000000	1	374834176	6	360
hr-a6hva.r73	-	50000000	1	424834176	6	408
hr-a6hva.r74	-	50000000	1	474834176	6	456
hr-a6hva.r75	-	50000000	1	524834176	6	504
hr-a6hva.r76	-	11779278	1	37417088	7	36
hr-a6hva.rar	-	50000000	1	49196366	7	48
hr-a6hva.sfv	-	1794	1	99196366	7	96
Proof	d	0	1	99198160	7	97
Proof/hr-a6hva.jpg	-	32768	1	99198160	7	97
