v-warriors_orochi4_v196608.nfo	-	4498	1	0	0	0
v-warriors_orochi4_v196608.r00	-	50000000	1	4498	0	1
v-warriors_orochi4_v196608.r01	-	50000000	1	50004498	0	49
v-warriors_orochi4_v196608.r02	-	50000000	1	100004498	0	97
v-warriors_orochi4_v196608.r03	-	50000000	1	150004498	0	145
v-warriors_orochi4_v196608.r04	-	50000000	1	200004498	0	193
v-warriors_orochi4_v196608.r05	-	50000000	1	250004498	0	241
v-warriors_orochi4_v196608.r06	-	50000000	1	300004498	0	289
v-warriors_orochi4_v196608.r07	-	2801828	1	350004498	0	337
v-warriors_orochi4_v196608.rar	-	50000000	1	352806326	0	340
v-warriors_orochi4_v196608.sfv	-	369	1	402806326	0	388
