v-cadence_of_hyrule_v196608.nfo	-	6058	1	0	0	0
v-cadence_of_hyrule_v196608.r00	-	50000000	1	6058	0	1
v-cadence_of_hyrule_v196608.r01	-	50000000	1	50006058	0	49
v-cadence_of_hyrule_v196608.r02	-	50000000	1	100006058	0	97
v-cadence_of_hyrule_v196608.r03	-	50000000	1	150006058	0	145
v-cadence_of_hyrule_v196608.r04	-	50000000	1	200006058	0	193
v-cadence_of_hyrule_v196608.r05	-	50000000	1	250006058	0	241
v-cadence_of_hyrule_v196608.r06	-	50000000	1	300006058	0	289
v-cadence_of_hyrule_v196608.r07	-	50000000	1	350006058	0	337
v-cadence_of_hyrule_v196608.r08	-	50000000	1	400006058	0	385
v-cadence_of_hyrule_v196608.r09	-	50000000	1	450006058	0	433
v-cadence_of_hyrule_v196608.r10	-	50000000	1	500006058	0	481
v-cadence_of_hyrule_v196608.r11	-	50000000	1	12251264	1	12
v-cadence_of_hyrule_v196608.r12	-	50000000	1	62251264	1	60
v-cadence_of_hyrule_v196608.r13	-	50000000	1	112251264	1	108
v-cadence_of_hyrule_v196608.r14	-	20162218	1	162251264	1	156
v-cadence_of_hyrule_v196608.rar	-	50000000	1	182413482	1	176
v-cadence_of_hyrule_v196608.sfv	-	672	1	232413482	1	224
