Proof	d	0	1	0	0	0
Proof/v-girls_und_panzer.jpg	-	112789	1	0	0	0
v-girls_und_panzer.nfo	-	3874	1	112789	0	1
v-girls_und_panzer.r00	-	100000000	1	116663	0	2
v-girls_und_panzer.r01	-	100000000	1	100116663	0	98
v-girls_und_panzer.r02	-	100000000	1	200116663	0	194
v-girls_und_panzer.r03	-	100000000	1	300116663	0	290
v-girls_und_panzer.r04	-	100000000	1	400116663	0	386
v-girls_und_panzer.r05	-	100000000	1	500116663	0	482
v-girls_und_panzer.r06	-	100000000	1	62251264	1	60
v-girls_und_panzer.r07	-	100000000	1	162251264	1	156
v-girls_und_panzer.r08	-	100000000	1	262251264	1	252
v-girls_und_panzer.r09	-	100000000	1	362251264	1	348
v-girls_und_panzer.r10	-	100000000	1	462251264	1	444
v-girls_und_panzer.r11	-	100000000	1	24502528	2	24
v-girls_und_panzer.r12	-	100000000	1	124502528	2	120
v-girls_und_panzer.r13	-	100000000	1	224502528	2	216
v-girls_und_panzer.r14	-	100000000	1	324502528	2	312
v-girls_und_panzer.r15	-	100000000	1	424502528	2	408
v-girls_und_panzer.r16	-	100000000	1	524502528	2	504
v-girls_und_panzer.r17	-	100000000	1	87417088	3	84
v-girls_und_panzer.r18	-	100000000	1	187417088	3	180
v-girls_und_panzer.r19	-	100000000	1	287417088	3	276
v-girls_und_panzer.r20	-	100000000	1	387417088	3	372
v-girls_und_panzer.r21	-	100000000	1	487417088	3	468
v-girls_und_panzer.r22	-	100000000	1	49668352	4	48
v-girls_und_panzer.r23	-	100000000	1	149668352	4	144
v-girls_und_panzer.r24	-	100000000	1	249668352	4	240
v-girls_und_panzer.r25	-	100000000	1	349668352	4	336
v-girls_und_panzer.r26	-	100000000	1	449668352	4	432
v-girls_und_panzer.r27	-	100000000	1	11919616	5	12
v-girls_und_panzer.r28	-	100000000	1	111919616	5	108
v-girls_und_panzer.r29	-	100000000	1	211919616	5	204
v-girls_und_panzer.r30	-	100000000	1	311919616	5	300
v-girls_und_panzer.r31	-	100000000	1	411919616	5	396
v-girls_und_panzer.r32	-	100000000	1	511919616	5	492
v-girls_und_panzer.r33	-	100000000	1	74834176	6	72
v-girls_und_panzer.r34	-	100000000	1	174834176	6	168
v-girls_und_panzer.r35	-	100000000	1	274834176	6	264
v-girls_und_panzer.r36	-	100000000	1	374834176	6	360
v-girls_und_panzer.r37	-	100000000	1	474834176	6	456
v-girls_und_panzer.r38	-	100000000	1	37085440	7	36
v-girls_und_panzer.r39	-	100000000	1	137085440	7	132
v-girls_und_panzer.r40	-	100000000	1	237085440	7	228
v-girls_und_panzer.r41	-	100000000	1	337085440	7	324
v-girls_und_panzer.r42	-	100000000	1	437085440	7	420
v-girls_und_panzer.r43	-	100000000	1	0	8	0
v-girls_und_panzer.r44	-	100000000	1	100000000	8	96
v-girls_und_panzer.r45	-	100000000	1	200000000	8	192
v-girls_und_panzer.r46	-	100000000	1	300000000	8	288
v-girls_und_panzer.r47	-	100000000	1	400000000	8	384
v-girls_und_panzer.r48	-	100000000	1	500000000	8	480
v-girls_und_panzer.r49	-	100000000	1	62251264	9	60
v-girls_und_panzer.r50	-	100000000	1	162251264	9	156
v-girls_und_panzer.r51	-	100000000	1	262251264	9	252
v-girls_und_panzer.r52	-	100000000	1	362251264	9	348
v-girls_und_panzer.r53	-	100000000	1	462251264	9	444
v-girls_und_panzer.r54	-	100000000	1	24502528	10	24
v-girls_und_panzer.r55	-	100000000	1	124502528	10	120
v-girls_und_panzer.r56	-	100000000	1	224502528	10	216
v-girls_und_panzer.r57	-	100000000	1	324502528	10	312
v-girls_und_panzer.r58	-	100000000	1	424502528	10	408
v-girls_und_panzer.r59	-	100000000	1	524502528	10	504
v-girls_und_panzer.r60	-	100000000	1	87417088	11	84
v-girls_und_panzer.r61	-	100000000	1	187417088	11	180
v-girls_und_panzer.r62	-	100000000	1	287417088	11	276
v-girls_und_panzer.r63	-	100000000	1	387417088	11	372
v-girls_und_panzer.r64	-	100000000	1	487417088	11	468
v-girls_und_panzer.r65	-	100000000	1	49668352	12	48
v-girls_und_panzer.r66	-	100000000	1	149668352	12	144
v-girls_und_panzer.r67	-	100000000	1	249668352	12	240
v-girls_und_panzer.r68	-	87101609	1	349668352	12	336
v-girls_und_panzer.rar	-	100000000	1	436769961	12	420
v-girls_und_panzer.sfv	-	2310	1	536769961	12	516
