brw-hobo.nfo	-	3515	1	0	0	0
brw-hobo.r00	-	50000000	1	3515	0	1
brw-hobo.r01	-	50000000	1	50003515	0	49
brw-hobo.r02	-	50000000	1	100003515	0	97
brw-hobo.r03	-	50000000	1	150003515	0	145
brw-hobo.r04	-	50000000	1	200003515	0	193
brw-hobo.r05	-	50000000	1	250003515	0	241
brw-hobo.r06	-	50000000	1	300003515	0	289
brw-hobo.r07	-	50000000	1	350003515	0	337
brw-hobo.r08	-	50000000	1	400003515	0	385
brw-hobo.r09	-	50000000	1	450003515	0	433
brw-hobo.r10	-	50000000	1	500003515	0	481
brw-hobo.r11	-	50000000	1	12251264	1	12
brw-hobo.r12	-	50000000	1	62251264	1	60
brw-hobo.r13	-	50000000	1	112251264	1	108
brw-hobo.r14	-	50000000	1	162251264	1	156
brw-hobo.r15	-	50000000	1	212251264	1	204
brw-hobo.r16	-	50000000	1	262251264	1	252
brw-hobo.r17	-	50000000	1	312251264	1	300
brw-hobo.r18	-	50000000	1	362251264	1	348
brw-hobo.r19	-	50000000	1	412251264	1	396
brw-hobo.r20	-	50000000	1	462251264	1	444
brw-hobo.r21	-	50000000	1	512251264	1	492
brw-hobo.r22	-	50000000	1	24834176	2	24
brw-hobo.r23	-	24798541	1	74834176	2	72
brw-hobo.rar	-	50000000	1	99632717	2	96
brw-hobo.sfv	-	575	1	149632717	2	144
