bbb-n-acnca.nfo	-	5517	1	0	0	0
bbb-n-acnca.part01.rar	-	250000000	1	5517	0	1
bbb-n-acnca.part02.rar	-	250000000	1	250005517	0	240
bbb-n-acnca.part03.rar	-	250000000	1	500005517	0	479
bbb-n-acnca.part04.rar	-	250000000	1	212251264	1	203
bbb-n-acnca.part05.rar	-	250000000	1	462251264	1	442
bbb-n-acnca.part06.rar	-	250000000	1	174502528	2	167
bbb-n-acnca.part07.rar	-	250000000	1	424502528	2	406
bbb-n-acnca.part08.rar	-	250000000	1	136753792	3	131
bbb-n-acnca.part09.rar	-	250000000	1	386753792	3	370
bbb-n-acnca.part10.rar	-	250000000	1	99005056	4	95
bbb-n-acnca.part11.rar	-	250000000	1	349005056	4	334
bbb-n-acnca.part12.rar	-	250000000	1	61256320	5	59
bbb-n-acnca.part13.rar	-	250000000	1	311256320	5	298
bbb-n-acnca.part14.rar	-	250000000	1	23507584	6	23
bbb-n-acnca.part15.rar	-	250000000	1	273507584	6	262
bbb-n-acnca.part16.rar	-	213516351	1	523507584	6	501
bbb-n-acnca.sfv	-	528	1	199884863	7	191
