brw-noct_v131072.nfo	-	3203	1	0	0	0
brw-noct_v131072.r00	-	50000000	1	3203	0	1
brw-noct_v131072.r01	-	50000000	1	50003203	0	49
brw-noct_v131072.r02	-	50000000	1	100003203	0	97
brw-noct_v131072.r03	-	50000000	1	150003203	0	145
brw-noct_v131072.r04	-	50000000	1	200003203	0	193
brw-noct_v131072.r05	-	50000000	1	250003203	0	241
brw-noct_v131072.r06	-	50000000	1	300003203	0	289
brw-noct_v131072.r07	-	41667395	1	350003203	0	337
brw-noct_v131072.rar	-	50000000	1	391670598	0	377
brw-noct_v131072.sfv	-	279	1	441670598	0	425
