v-mk11_v131072.nfo	-	4654	1	0	0	0
v-mk11_v131072.r00	-	250000000	1	4654	0	1
v-mk11_v131072.r01	-	250000000	1	250004654	0	240
v-mk11_v131072.r02	-	250000000	1	500004654	0	479
v-mk11_v131072.r03	-	250000000	1	212251264	1	203
v-mk11_v131072.r04	-	250000000	1	462251264	1	442
v-mk11_v131072.r05	-	250000000	1	174502528	2	167
v-mk11_v131072.r06	-	250000000	1	424502528	2	406
v-mk11_v131072.r07	-	250000000	1	136753792	3	131
v-mk11_v131072.r08	-	250000000	1	386753792	3	370
v-mk11_v131072.r09	-	250000000	1	99005056	4	95
v-mk11_v131072.r10	-	250000000	1	349005056	4	334
v-mk11_v131072.r11	-	250000000	1	61256320	5	59
v-mk11_v131072.r12	-	250000000	1	311256320	5	298
v-mk11_v131072.r13	-	250000000	1	23507584	6	23
v-mk11_v131072.r14	-	250000000	1	273507584	6	262
v-mk11_v131072.r15	-	250000000	1	523507584	6	501
v-mk11_v131072.r16	-	250000000	1	236368512	7	226
v-mk11_v131072.r17	-	250000000	1	486368512	7	465
v-mk11_v131072.r18	-	250000000	1	198619776	8	190
v-mk11_v131072.r19	-	250000000	1	448619776	8	429
v-mk11_v131072.r20	-	250000000	1	160871040	9	154
v-mk11_v131072.r21	-	250000000	1	410871040	9	393
v-mk11_v131072.r22	-	250000000	1	123122304	10	118
v-mk11_v131072.r23	-	250000000	1	373122304	10	357
v-mk11_v131072.r24	-	250000000	1	85373568	11	82
v-mk11_v131072.r25	-	250000000	1	335373568	11	321
v-mk11_v131072.r26	-	250000000	1	47624832	12	46
v-mk11_v131072.r27	-	250000000	1	297624832	12	285
v-mk11_v131072.r28	-	250000000	1	9876096	13	10
v-mk11_v131072.r29	-	250000000	1	259876096	13	249
v-mk11_v131072.r30	-	250000000	1	509876096	13	488
v-mk11_v131072.r31	-	250000000	1	222737024	14	213
v-mk11_v131072.r32	-	250000000	1	472737024	14	452
v-mk11_v131072.r33	-	250000000	1	184988288	15	177
v-mk11_v131072.r34	-	250000000	1	434988288	15	416
v-mk11_v131072.r35	-	250000000	1	147239552	16	141
v-mk11_v131072.r36	-	250000000	1	397239552	16	380
v-mk11_v131072.r37	-	250000000	1	109490816	17	105
v-mk11_v131072.r38	-	250000000	1	359490816	17	344
v-mk11_v131072.r39	-	250000000	1	71742080	18	69
v-mk11_v131072.r40	-	250000000	1	321742080	18	308
v-mk11_v131072.r41	-	250000000	1	33993344	19	33
v-mk11_v131072.r42	-	250000000	1	283993344	19	272
v-mk11_v131072.r43	-	250000000	1	533993344	19	511
v-mk11_v131072.r44	-	250000000	1	246854272	20	236
v-mk11_v131072.r45	-	250000000	1	496854272	20	475
v-mk11_v131072.r46	-	250000000	1	209105536	21	200
v-mk11_v131072.r47	-	250000000	1	459105536	21	439
v-mk11_v131072.r48	-	250000000	1	171356800	22	164
v-mk11_v131072.r49	-	250000000	1	421356800	22	403
v-mk11_v131072.r50	-	250000000	1	133608064	23	128
v-mk11_v131072.r51	-	250000000	1	383608064	23	367
v-mk11_v131072.r52	-	250000000	1	95859328	24	92
v-mk11_v131072.r53	-	250000000	1	345859328	24	331
v-mk11_v131072.r54	-	250000000	1	58110592	25	56
v-mk11_v131072.r55	-	250000000	1	308110592	25	295
v-mk11_v131072.r56	-	250000000	1	20361856	26	20
v-mk11_v131072.r57	-	250000000	1	270361856	26	259
v-mk11_v131072.r58	-	250000000	1	520361856	26	498
v-mk11_v131072.r59	-	250000000	1	233222784	27	223
v-mk11_v131072.r60	-	250000000	1	483222784	27	462
v-mk11_v131072.r61	-	250000000	1	195474048	28	187
v-mk11_v131072.r62	-	250000000	1	445474048	28	426
v-mk11_v131072.r63	-	250000000	1	157725312	29	151
v-mk11_v131072.r64	-	250000000	1	407725312	29	390
v-mk11_v131072.r65	-	250000000	1	119976576	30	115
v-mk11_v131072.r66	-	250000000	1	369976576	30	354
v-mk11_v131072.r67	-	250000000	1	82227840	31	79
v-mk11_v131072.r68	-	250000000	1	332227840	31	318
v-mk11_v131072.r69	-	250000000	1	44479104	32	43
v-mk11_v131072.r70	-	250000000	1	294479104	32	282
v-mk11_v131072.r71	-	250000000	1	6730368	33	7
v-mk11_v131072.r72	-	250000000	1	256730368	33	246
v-mk11_v131072.r73	-	250000000	1	506730368	33	485
v-mk11_v131072.r74	-	250000000	1	219591296	34	210
v-mk11_v131072.r75	-	250000000	1	469591296	34	449
v-mk11_v131072.r76	-	250000000	1	181842560	35	174
v-mk11_v131072.r77	-	250000000	1	431842560	35	413
v-mk11_v131072.r78	-	250000000	1	144093824	36	138
v-mk11_v131072.r79	-	250000000	1	394093824	36	377
v-mk11_v131072.r80	-	250000000	1	106345088	37	102
v-mk11_v131072.r81	-	250000000	1	356345088	37	341
v-mk11_v131072.r82	-	250000000	1	68596352	38	66
v-mk11_v131072.r83	-	250000000	1	318596352	38	305
v-mk11_v131072.r84	-	250000000	1	30847616	39	30
v-mk11_v131072.r85	-	250000000	1	280847616	39	269
v-mk11_v131072.r86	-	250000000	1	530847616	39	508
v-mk11_v131072.r87	-	250000000	1	243708544	40	233
v-mk11_v131072.r88	-	250000000	1	493708544	40	472
v-mk11_v131072.r89	-	250000000	1	205959808	41	197
v-mk11_v131072.r90	-	250000000	1	455959808	41	436
v-mk11_v131072.r91	-	250000000	1	168211072	42	161
v-mk11_v131072.r92	-	250000000	1	418211072	42	400
v-mk11_v131072.r93	-	250000000	1	130462336	43	125
v-mk11_v131072.r94	-	250000000	1	380462336	43	364
v-mk11_v131072.r95	-	250000000	1	92713600	44	89
v-mk11_v131072.r96	-	173777720	1	342713600	44	328
v-mk11_v131072.rar	-	250000000	1	516491320	44	494
v-mk11_v131072.sfv	-	2842	1	229028480	45	219
