sxs-grand_guilds_v131072.nfo	-	7460	1	0	0	0
sxs-grand_guilds_v131072.r00	-	50000000	1	7460	0	1
sxs-grand_guilds_v131072.r01	-	50000000	1	50007460	0	49
sxs-grand_guilds_v131072.r02	-	50000000	1	100007460	0	97
sxs-grand_guilds_v131072.r03	-	50000000	1	150007460	0	145
sxs-grand_guilds_v131072.r04	-	50000000	1	200007460	0	193
sxs-grand_guilds_v131072.r05	-	50000000	1	250007460	0	241
sxs-grand_guilds_v131072.r06	-	50000000	1	300007460	0	289
sxs-grand_guilds_v131072.r07	-	50000000	1	350007460	0	337
sxs-grand_guilds_v131072.r08	-	50000000	1	400007460	0	385
sxs-grand_guilds_v131072.r09	-	50000000	1	450007460	0	433
sxs-grand_guilds_v131072.r10	-	50000000	1	500007460	0	481
sxs-grand_guilds_v131072.r11	-	50000000	1	12251264	1	12
sxs-grand_guilds_v131072.r12	-	50000000	1	62251264	1	60
sxs-grand_guilds_v131072.r13	-	50000000	1	112251264	1	108
sxs-grand_guilds_v131072.r14	-	50000000	1	162251264	1	156
sxs-grand_guilds_v131072.r15	-	50000000	1	212251264	1	204
sxs-grand_guilds_v131072.r16	-	50000000	1	262251264	1	252
sxs-grand_guilds_v131072.r17	-	50000000	1	312251264	1	300
sxs-grand_guilds_v131072.r18	-	50000000	1	362251264	1	348
sxs-grand_guilds_v131072.r19	-	50000000	1	412251264	1	396
sxs-grand_guilds_v131072.r20	-	50000000	1	462251264	1	444
sxs-grand_guilds_v131072.r21	-	50000000	1	512251264	1	492
sxs-grand_guilds_v131072.r22	-	50000000	1	24834176	2	24
sxs-grand_guilds_v131072.r23	-	50000000	1	74834176	2	72
sxs-grand_guilds_v131072.r24	-	50000000	1	124834176	2	120
sxs-grand_guilds_v131072.r25	-	50000000	1	174834176	2	168
sxs-grand_guilds_v131072.r26	-	50000000	1	224834176	2	216
sxs-grand_guilds_v131072.r27	-	50000000	1	274834176	2	264
sxs-grand_guilds_v131072.r28	-	50000000	1	324834176	2	312
sxs-grand_guilds_v131072.r29	-	50000000	1	374834176	2	360
sxs-grand_guilds_v131072.r30	-	50000000	1	424834176	2	408
sxs-grand_guilds_v131072.r31	-	50000000	1	474834176	2	456
sxs-grand_guilds_v131072.r32	-	50000000	1	524834176	2	504
sxs-grand_guilds_v131072.r33	-	50000000	1	37417088	3	36
sxs-grand_guilds_v131072.r34	-	50000000	1	87417088	3	84
sxs-grand_guilds_v131072.r35	-	50000000	1	137417088	3	132
sxs-grand_guilds_v131072.r36	-	50000000	1	187417088	3	180
sxs-grand_guilds_v131072.r37	-	50000000	1	237417088	3	228
sxs-grand_guilds_v131072.r38	-	50000000	1	287417088	3	276
sxs-grand_guilds_v131072.r39	-	50000000	1	337417088	3	324
sxs-grand_guilds_v131072.r40	-	50000000	1	387417088	3	372
sxs-grand_guilds_v131072.r41	-	50000000	1	437417088	3	420
sxs-grand_guilds_v131072.r42	-	50000000	1	487417088	3	468
sxs-grand_guilds_v131072.r43	-	50000000	1	0	4	0
sxs-grand_guilds_v131072.r44	-	50000000	1	50000000	4	48
sxs-grand_guilds_v131072.r45	-	50000000	1	100000000	4	96
sxs-grand_guilds_v131072.r46	-	50000000	1	150000000	4	144
sxs-grand_guilds_v131072.r47	-	50000000	1	200000000	4	192
sxs-grand_guilds_v131072.r48	-	50000000	1	250000000	4	240
sxs-grand_guilds_v131072.r49	-	50000000	1	300000000	4	288
sxs-grand_guilds_v131072.r50	-	50000000	1	350000000	4	336
sxs-grand_guilds_v131072.r51	-	50000000	1	400000000	4	384
sxs-grand_guilds_v131072.r52	-	34853262	1	450000000	4	432
sxs-grand_guilds_v131072.rar	-	50000000	1	484853262	4	466
sxs-grand_guilds_v131072.sfv	-	2106	1	534853262	4	514
