sxs-war_theatre_v131072.nfo	-	4340	1	0	0	0
sxs-war_theatre_v131072.r00	-	50000000	1	4340	0	1
sxs-war_theatre_v131072.r01	-	50000000	1	50004340	0	49
sxs-war_theatre_v131072.r02	-	50000000	1	100004340	0	97
sxs-war_theatre_v131072.r03	-	50000000	1	150004340	0	145
sxs-war_theatre_v131072.r04	-	50000000	1	200004340	0	193
sxs-war_theatre_v131072.r05	-	50000000	1	250004340	0	241
sxs-war_theatre_v131072.r06	-	50000000	1	300004340	0	289
sxs-war_theatre_v131072.r07	-	50000000	1	350004340	0	337
sxs-war_theatre_v131072.r08	-	36483535	1	400004340	0	385
sxs-war_theatre_v131072.rar	-	50000000	1	436487875	0	420
sxs-war_theatre_v131072.sfv	-	380	1	486487875	0	468
