lfc-bca8a.nfo	-	7019	1	0	0	0
lfc-bca8a.r00	-	50000000	1	7019	0	1
lfc-bca8a.r01	-	50000000	1	50007019	0	49
lfc-bca8a.r02	-	50000000	1	100007019	0	97
lfc-bca8a.r03	-	50000000	1	150007019	0	145
lfc-bca8a.r04	-	50000000	1	200007019	0	193
lfc-bca8a.r05	-	50000000	1	250007019	0	241
lfc-bca8a.r06	-	50000000	1	300007019	0	289
lfc-bca8a.r07	-	50000000	1	350007019	0	337
lfc-bca8a.r08	-	50000000	1	400007019	0	385
lfc-bca8a.r09	-	50000000	1	450007019	0	433
lfc-bca8a.r10	-	50000000	1	500007019	0	481
lfc-bca8a.r11	-	50000000	1	12251264	1	12
lfc-bca8a.r12	-	50000000	1	62251264	1	60
lfc-bca8a.r13	-	50000000	1	112251264	1	108
lfc-bca8a.r14	-	50000000	1	162251264	1	156
lfc-bca8a.r15	-	50000000	1	212251264	1	204
lfc-bca8a.r16	-	50000000	1	262251264	1	252
lfc-bca8a.r17	-	50000000	1	312251264	1	300
lfc-bca8a.r18	-	50000000	1	362251264	1	348
lfc-bca8a.r19	-	50000000	1	412251264	1	396
lfc-bca8a.r20	-	50000000	1	462251264	1	444
lfc-bca8a.r21	-	50000000	1	512251264	1	492
lfc-bca8a.r22	-	22295700	1	24834176	2	24
lfc-bca8a.rar	-	50000000	1	47129876	2	46
lfc-bca8a.sfv	-	576	1	97129876	2	94
Proof	d	0	1	97130452	2	95
Proof/lfc-bca8a.jpg	-	379529	1	97130452	2	95
