Proof	d	0	1	0	0	0
Proof/v-days_of_doom.jpg	-	3672695	1	0	0	0
v-days_of_doom.nfo	-	7228	1	3672695	0	4
v-days_of_doom.r00	-	100000000	1	3679923	0	5
v-days_of_doom.r01	-	100000000	1	103679923	0	101
v-days_of_doom.r02	-	100000000	1	203679923	0	197
v-days_of_doom.r03	-	100000000	1	303679923	0	293
v-days_of_doom.r04	-	100000000	1	403679923	0	389
v-days_of_doom.r05	-	100000000	1	503679923	0	485
v-days_of_doom.r06	-	100000000	1	66445568	1	64
v-days_of_doom.r07	-	100000000	1	166445568	1	160
v-days_of_doom.r08	-	100000000	1	266445568	1	256
v-days_of_doom.r09	-	100000000	1	366445568	1	352
v-days_of_doom.r10	-	100000000	1	466445568	1	448
v-days_of_doom.r11	-	100000000	1	28696832	2	28
v-days_of_doom.r12	-	100000000	1	128696832	2	124
v-days_of_doom.r13	-	100000000	1	228696832	2	220
v-days_of_doom.r14	-	100000000	1	328696832	2	316
v-days_of_doom.r15	-	100000000	1	428696832	2	412
v-days_of_doom.r16	-	100000000	1	528696832	2	508
v-days_of_doom.r17	-	100000000	1	91611392	3	88
v-days_of_doom.r18	-	96490604	1	191611392	3	184
v-days_of_doom.rar	-	100000000	1	288101996	3	277
v-days_of_doom.sfv	-	580	1	388101996	3	373
