sxs-rpg_maker_mv_v1245184.nfo	-	7461	1	0	0	0
sxs-rpg_maker_mv_v1245184.r00	-	50000000	1	7461	0	1
sxs-rpg_maker_mv_v1245184.r01	-	50000000	1	50007461	0	49
sxs-rpg_maker_mv_v1245184.r02	-	50000000	1	100007461	0	97
sxs-rpg_maker_mv_v1245184.r03	-	50000000	1	150007461	0	145
sxs-rpg_maker_mv_v1245184.r04	-	50000000	1	200007461	0	193
sxs-rpg_maker_mv_v1245184.r05	-	50000000	1	250007461	0	241
sxs-rpg_maker_mv_v1245184.r06	-	50000000	1	300007461	0	289
sxs-rpg_maker_mv_v1245184.r07	-	50000000	1	350007461	0	337
sxs-rpg_maker_mv_v1245184.r08	-	50000000	1	400007461	0	385
sxs-rpg_maker_mv_v1245184.r09	-	50000000	1	450007461	0	433
sxs-rpg_maker_mv_v1245184.r10	-	50000000	1	500007461	0	481
sxs-rpg_maker_mv_v1245184.r11	-	50000000	1	12251264	1	12
sxs-rpg_maker_mv_v1245184.r12	-	50000000	1	62251264	1	60
sxs-rpg_maker_mv_v1245184.r13	-	50000000	1	112251264	1	108
sxs-rpg_maker_mv_v1245184.r14	-	50000000	1	162251264	1	156
sxs-rpg_maker_mv_v1245184.r15	-	50000000	1	212251264	1	204
sxs-rpg_maker_mv_v1245184.r16	-	50000000	1	262251264	1	252
sxs-rpg_maker_mv_v1245184.r17	-	50000000	1	312251264	1	300
sxs-rpg_maker_mv_v1245184.r18	-	50000000	1	362251264	1	348
sxs-rpg_maker_mv_v1245184.r19	-	50000000	1	412251264	1	396
sxs-rpg_maker_mv_v1245184.r20	-	50000000	1	462251264	1	444
sxs-rpg_maker_mv_v1245184.r21	-	50000000	1	512251264	1	492
sxs-rpg_maker_mv_v1245184.r22	-	50000000	1	24834176	2	24
sxs-rpg_maker_mv_v1245184.r23	-	50000000	1	74834176	2	72
sxs-rpg_maker_mv_v1245184.r24	-	50000000	1	124834176	2	120
sxs-rpg_maker_mv_v1245184.r25	-	50000000	1	174834176	2	168
sxs-rpg_maker_mv_v1245184.r26	-	50000000	1	224834176	2	216
sxs-rpg_maker_mv_v1245184.r27	-	50000000	1	274834176	2	264
sxs-rpg_maker_mv_v1245184.r28	-	50000000	1	324834176	2	312
sxs-rpg_maker_mv_v1245184.r29	-	50000000	1	374834176	2	360
sxs-rpg_maker_mv_v1245184.r30	-	50000000	1	424834176	2	408
sxs-rpg_maker_mv_v1245184.r31	-	50000000	1	474834176	2	456
sxs-rpg_maker_mv_v1245184.r32	-	50000000	1	524834176	2	504
sxs-rpg_maker_mv_v1245184.r33	-	50000000	1	37417088	3	36
sxs-rpg_maker_mv_v1245184.r34	-	50000000	1	87417088	3	84
sxs-rpg_maker_mv_v1245184.r35	-	50000000	1	137417088	3	132
sxs-rpg_maker_mv_v1245184.r36	-	50000000	1	187417088	3	180
sxs-rpg_maker_mv_v1245184.r37	-	50000000	1	237417088	3	228
sxs-rpg_maker_mv_v1245184.r38	-	50000000	1	287417088	3	276
sxs-rpg_maker_mv_v1245184.r39	-	50000000	1	337417088	3	324
sxs-rpg_maker_mv_v1245184.r40	-	50000000	1	387417088	3	372
sxs-rpg_maker_mv_v1245184.r41	-	50000000	1	437417088	3	420
sxs-rpg_maker_mv_v1245184.r42	-	50000000	1	487417088	3	468
sxs-rpg_maker_mv_v1245184.r43	-	50000000	1	0	4	0
sxs-rpg_maker_mv_v1245184.r44	-	50000000	1	50000000	4	48
sxs-rpg_maker_mv_v1245184.r45	-	50000000	1	100000000	4	96
sxs-rpg_maker_mv_v1245184.r46	-	50000000	1	150000000	4	144
sxs-rpg_maker_mv_v1245184.r47	-	50000000	1	200000000	4	192
sxs-rpg_maker_mv_v1245184.r48	-	50000000	1	250000000	4	240
sxs-rpg_maker_mv_v1245184.r49	-	46478096	1	300000000	4	288
sxs-rpg_maker_mv_v1245184.rar	-	50000000	1	346478096	4	333
sxs-rpg_maker_mv_v1245184.sfv	-	2040	1	396478096	4	381
