v-hogwarts_legacy_v65536.nfo	-	5746	1	0	0	0
v-hogwarts_legacy_v65536.r00	-	100000000	1	5746	0	1
v-hogwarts_legacy_v65536.r01	-	100000000	1	100005746	0	97
v-hogwarts_legacy_v65536.r02	-	100000000	1	200005746	0	193
v-hogwarts_legacy_v65536.r03	-	100000000	1	300005746	0	289
v-hogwarts_legacy_v65536.r04	-	100000000	1	400005746	0	385
v-hogwarts_legacy_v65536.r05	-	100000000	1	500005746	0	481
v-hogwarts_legacy_v65536.r06	-	100000000	1	62251264	1	60
v-hogwarts_legacy_v65536.r07	-	100000000	1	162251264	1	156
v-hogwarts_legacy_v65536.r08	-	100000000	1	262251264	1	252
v-hogwarts_legacy_v65536.r09	-	100000000	1	362251264	1	348
v-hogwarts_legacy_v65536.r10	-	100000000	1	462251264	1	444
v-hogwarts_legacy_v65536.r11	-	100000000	1	24502528	2	24
v-hogwarts_legacy_v65536.r12	-	100000000	1	124502528	2	120
v-hogwarts_legacy_v65536.r13	-	100000000	1	224502528	2	216
v-hogwarts_legacy_v65536.r14	-	100000000	1	324502528	2	312
v-hogwarts_legacy_v65536.r15	-	100000000	1	424502528	2	408
v-hogwarts_legacy_v65536.r16	-	100000000	1	524502528	2	504
v-hogwarts_legacy_v65536.r17	-	100000000	1	87417088	3	84
v-hogwarts_legacy_v65536.r18	-	100000000	1	187417088	3	180
v-hogwarts_legacy_v65536.r19	-	100000000	1	287417088	3	276
v-hogwarts_legacy_v65536.r20	-	100000000	1	387417088	3	372
v-hogwarts_legacy_v65536.r21	-	100000000	1	487417088	3	468
v-hogwarts_legacy_v65536.r22	-	100000000	1	49668352	4	48
v-hogwarts_legacy_v65536.r23	-	100000000	1	149668352	4	144
v-hogwarts_legacy_v65536.r24	-	100000000	1	249668352	4	240
v-hogwarts_legacy_v65536.r25	-	100000000	1	349668352	4	336
v-hogwarts_legacy_v65536.r26	-	100000000	1	449668352	4	432
v-hogwarts_legacy_v65536.r27	-	100000000	1	11919616	5	12
v-hogwarts_legacy_v65536.r28	-	100000000	1	111919616	5	108
v-hogwarts_legacy_v65536.r29	-	100000000	1	211919616	5	204
v-hogwarts_legacy_v65536.r30	-	100000000	1	311919616	5	300
v-hogwarts_legacy_v65536.r31	-	100000000	1	411919616	5	396
v-hogwarts_legacy_v65536.r32	-	100000000	1	511919616	5	492
v-hogwarts_legacy_v65536.r33	-	100000000	1	74834176	6	72
v-hogwarts_legacy_v65536.r34	-	100000000	1	174834176	6	168
v-hogwarts_legacy_v65536.r35	-	100000000	1	274834176	6	264
v-hogwarts_legacy_v65536.r36	-	100000000	1	374834176	6	360
v-hogwarts_legacy_v65536.r37	-	100000000	1	474834176	6	456
v-hogwarts_legacy_v65536.r38	-	100000000	1	37085440	7	36
v-hogwarts_legacy_v65536.r39	-	100000000	1	137085440	7	132
v-hogwarts_legacy_v65536.r40	-	100000000	1	237085440	7	228
v-hogwarts_legacy_v65536.r41	-	100000000	1	337085440	7	324
v-hogwarts_legacy_v65536.r42	-	100000000	1	437085440	7	420
v-hogwarts_legacy_v65536.r43	-	100000000	1	0	8	0
v-hogwarts_legacy_v65536.r44	-	100000000	1	100000000	8	96
v-hogwarts_legacy_v65536.r45	-	100000000	1	200000000	8	192
v-hogwarts_legacy_v65536.r46	-	100000000	1	300000000	8	288
v-hogwarts_legacy_v65536.r47	-	100000000	1	400000000	8	384
v-hogwarts_legacy_v65536.r48	-	100000000	1	500000000	8	480
v-hogwarts_legacy_v65536.r49	-	100000000	1	62251264	9	60
v-hogwarts_legacy_v65536.r50	-	100000000	1	162251264	9	156
v-hogwarts_legacy_v65536.r51	-	100000000	1	262251264	9	252
v-hogwarts_legacy_v65536.r52	-	100000000	1	362251264	9	348
v-hogwarts_legacy_v65536.r53	-	100000000	1	462251264	9	444
v-hogwarts_legacy_v65536.r54	-	100000000	1	24502528	10	24
v-hogwarts_legacy_v65536.r55	-	100000000	1	124502528	10	120
v-hogwarts_legacy_v65536.r56	-	100000000	1	224502528	10	216
v-hogwarts_legacy_v65536.r57	-	100000000	1	324502528	10	312
v-hogwarts_legacy_v65536.r58	-	100000000	1	424502528	10	408
v-hogwarts_legacy_v65536.r59	-	100000000	1	524502528	10	504
v-hogwarts_legacy_v65536.r60	-	100000000	1	87417088	11	84
v-hogwarts_legacy_v65536.r61	-	100000000	1	187417088	11	180
v-hogwarts_legacy_v65536.r62	-	100000000	1	287417088	11	276
v-hogwarts_legacy_v65536.r63	-	100000000	1	387417088	11	372
v-hogwarts_legacy_v65536.r64	-	100000000	1	487417088	11	468
v-hogwarts_legacy_v65536.r65	-	100000000	1	49668352	12	48
v-hogwarts_legacy_v65536.r66	-	100000000	1	149668352	12	144
v-hogwarts_legacy_v65536.r67	-	100000000	1	249668352	12	240
v-hogwarts_legacy_v65536.r68	-	100000000	1	349668352	12	336
v-hogwarts_legacy_v65536.r69	-	100000000	1	449668352	12	432
v-hogwarts_legacy_v65536.r70	-	100000000	1	11919616	13	12
v-hogwarts_legacy_v65536.r71	-	100000000	1	111919616	13	108
v-hogwarts_legacy_v65536.r72	-	100000000	1	211919616	13	204
v-hogwarts_legacy_v65536.r73	-	100000000	1	311919616	13	300
v-hogwarts_legacy_v65536.r74	-	100000000	1	411919616	13	396
v-hogwarts_legacy_v65536.r75	-	100000000	1	511919616	13	492
v-hogwarts_legacy_v65536.r76	-	100000000	1	74834176	14	72
v-hogwarts_legacy_v65536.r77	-	100000000	1	174834176	14	168
v-hogwarts_legacy_v65536.r78	-	64709077	1	274834176	14	264
v-hogwarts_legacy_v65536.rar	-	100000000	1	339543253	14	326
v-hogwarts_legacy_v65536.sfv	-	3120	1	439543253	14	422
