sxs-stardew_valley_v720896.nfo	-	4730	1	0	0	0
sxs-stardew_valley_v720896.r00	-	50000000	1	4730	0	1
sxs-stardew_valley_v720896.r01	-	50000000	1	50004730	0	49
sxs-stardew_valley_v720896.r02	-	50000000	1	100004730	0	97
sxs-stardew_valley_v720896.r03	-	50000000	1	150004730	0	145
sxs-stardew_valley_v720896.r04	-	50000000	1	200004730	0	193
sxs-stardew_valley_v720896.r05	-	50000000	1	250004730	0	241
sxs-stardew_valley_v720896.r06	-	50000000	1	300004730	0	289
sxs-stardew_valley_v720896.r07	-	50000000	1	350004730	0	337
sxs-stardew_valley_v720896.r08	-	50000000	1	400004730	0	385
sxs-stardew_valley_v720896.r09	-	50000000	1	450004730	0	433
sxs-stardew_valley_v720896.r10	-	50000000	1	500004730	0	481
sxs-stardew_valley_v720896.r11	-	50000000	1	12251264	1	12
sxs-stardew_valley_v720896.r12	-	50000000	1	62251264	1	60
sxs-stardew_valley_v720896.r13	-	37258528	1	112251264	1	108
sxs-stardew_valley_v720896.rar	-	50000000	1	149509792	1	144
sxs-stardew_valley_v720896.sfv	-	615	1	199509792	1	192
