v-chocobo_gp_v786432.nfo	-	5902	1	0	0	0
v-chocobo_gp_v786432.r00	-	50000000	1	5902	0	1
v-chocobo_gp_v786432.r01	-	50000000	1	50005902	0	49
v-chocobo_gp_v786432.r02	-	50000000	1	100005902	0	97
v-chocobo_gp_v786432.r03	-	50000000	1	150005902	0	145
v-chocobo_gp_v786432.r04	-	50000000	1	200005902	0	193
v-chocobo_gp_v786432.r05	-	50000000	1	250005902	0	241
v-chocobo_gp_v786432.r06	-	50000000	1	300005902	0	289
v-chocobo_gp_v786432.r07	-	50000000	1	350005902	0	337
v-chocobo_gp_v786432.r08	-	50000000	1	400005902	0	385
v-chocobo_gp_v786432.r09	-	50000000	1	450005902	0	433
v-chocobo_gp_v786432.r10	-	50000000	1	500005902	0	481
v-chocobo_gp_v786432.r11	-	50000000	1	12251264	1	12
v-chocobo_gp_v786432.r12	-	50000000	1	62251264	1	60
v-chocobo_gp_v786432.r13	-	50000000	1	112251264	1	108
v-chocobo_gp_v786432.r14	-	50000000	1	162251264	1	156
v-chocobo_gp_v786432.r15	-	50000000	1	212251264	1	204
v-chocobo_gp_v786432.r16	-	50000000	1	262251264	1	252
v-chocobo_gp_v786432.r17	-	50000000	1	312251264	1	300
v-chocobo_gp_v786432.r18	-	50000000	1	362251264	1	348
v-chocobo_gp_v786432.r19	-	50000000	1	412251264	1	396
v-chocobo_gp_v786432.r20	-	50000000	1	462251264	1	444
v-chocobo_gp_v786432.r21	-	50000000	1	512251264	1	492
v-chocobo_gp_v786432.r22	-	50000000	1	24834176	2	24
v-chocobo_gp_v786432.r23	-	50000000	1	74834176	2	72
v-chocobo_gp_v786432.r24	-	50000000	1	124834176	2	120
v-chocobo_gp_v786432.r25	-	50000000	1	174834176	2	168
v-chocobo_gp_v786432.r26	-	50000000	1	224834176	2	216
v-chocobo_gp_v786432.r27	-	50000000	1	274834176	2	264
v-chocobo_gp_v786432.r28	-	50000000	1	324834176	2	312
v-chocobo_gp_v786432.r29	-	50000000	1	374834176	2	360
v-chocobo_gp_v786432.r30	-	50000000	1	424834176	2	408
v-chocobo_gp_v786432.r31	-	50000000	1	474834176	2	456
v-chocobo_gp_v786432.r32	-	50000000	1	524834176	2	504
v-chocobo_gp_v786432.r33	-	50000000	1	37417088	3	36
v-chocobo_gp_v786432.r34	-	50000000	1	87417088	3	84
v-chocobo_gp_v786432.r35	-	50000000	1	137417088	3	132
v-chocobo_gp_v786432.r36	-	50000000	1	187417088	3	180
v-chocobo_gp_v786432.r37	-	50000000	1	237417088	3	228
v-chocobo_gp_v786432.r38	-	50000000	1	287417088	3	276
v-chocobo_gp_v786432.r39	-	50000000	1	337417088	3	324
v-chocobo_gp_v786432.r40	-	50000000	1	387417088	3	372
v-chocobo_gp_v786432.r41	-	50000000	1	437417088	3	420
v-chocobo_gp_v786432.r42	-	50000000	1	487417088	3	468
v-chocobo_gp_v786432.r43	-	50000000	1	0	4	0
v-chocobo_gp_v786432.r44	-	50000000	1	50000000	4	48
v-chocobo_gp_v786432.r45	-	50000000	1	100000000	4	96
v-chocobo_gp_v786432.r46	-	50000000	1	150000000	4	144
v-chocobo_gp_v786432.r47	-	50000000	1	200000000	4	192
v-chocobo_gp_v786432.r48	-	50000000	1	250000000	4	240
v-chocobo_gp_v786432.r49	-	50000000	1	300000000	4	288
v-chocobo_gp_v786432.r50	-	50000000	1	350000000	4	336
v-chocobo_gp_v786432.r51	-	50000000	1	400000000	4	384
v-chocobo_gp_v786432.r52	-	50000000	1	450000000	4	432
v-chocobo_gp_v786432.r53	-	50000000	1	500000000	4	480
v-chocobo_gp_v786432.r54	-	50000000	1	12251264	5	12
v-chocobo_gp_v786432.r55	-	50000000	1	62251264	5	60
v-chocobo_gp_v786432.r56	-	50000000	1	112251264	5	108
v-chocobo_gp_v786432.r57	-	50000000	1	162251264	5	156
v-chocobo_gp_v786432.r58	-	50000000	1	212251264	5	204
v-chocobo_gp_v786432.r59	-	50000000	1	262251264	5	252
v-chocobo_gp_v786432.r60	-	50000000	1	312251264	5	300
v-chocobo_gp_v786432.r61	-	1904538	1	362251264	5	348
v-chocobo_gp_v786432.rar	-	50000000	1	364155802	5	350
v-chocobo_gp_v786432.sfv	-	2205	1	414155802	5	398
