sxs-blow_and_fly.nfo	-	5900	1	0	0	0
sxs-blow_and_fly.r00	-	50000000	1	5900	0	1
sxs-blow_and_fly.r01	-	50000000	1	50005900	0	49
sxs-blow_and_fly.r02	-	50000000	1	100005900	0	97
sxs-blow_and_fly.r03	-	50000000	1	150005900	0	145
sxs-blow_and_fly.r04	-	50000000	1	200005900	0	193
sxs-blow_and_fly.r05	-	50000000	1	250005900	0	241
sxs-blow_and_fly.r06	-	50000000	1	300005900	0	289
sxs-blow_and_fly.r07	-	50000000	1	350005900	0	337
sxs-blow_and_fly.r08	-	50000000	1	400005900	0	385
sxs-blow_and_fly.r09	-	50000000	1	450005900	0	433
sxs-blow_and_fly.r10	-	50000000	1	500005900	0	481
sxs-blow_and_fly.r11	-	50000000	1	12251264	1	12
sxs-blow_and_fly.r12	-	50000000	1	62251264	1	60
sxs-blow_and_fly.r13	-	50000000	1	112251264	1	108
sxs-blow_and_fly.r14	-	50000000	1	162251264	1	156
sxs-blow_and_fly.r15	-	50000000	1	212251264	1	204
sxs-blow_and_fly.r16	-	50000000	1	262251264	1	252
sxs-blow_and_fly.r17	-	50000000	1	312251264	1	300
sxs-blow_and_fly.r18	-	50000000	1	362251264	1	348
sxs-blow_and_fly.r19	-	30327580	1	412251264	1	396
sxs-blow_and_fly.rar	-	50000000	1	442578844	1	425
sxs-blow_and_fly.sfv	-	651	1	492578844	1	473
