Proof	d	0	1	0	0	0
Proof/v-trialm.jpg	-	3083055	1	0	0	0
v-trialm.nfo	-	4654	1	3083055	0	3
v-trialm.r00	-	150000000	1	3087709	0	4
v-trialm.r01	-	150000000	1	153087709	0	148
v-trialm.r02	-	150000000	1	303087709	0	292
v-trialm.r03	-	150000000	1	453087709	0	436
v-trialm.r04	-	150000000	1	66113920	1	64
v-trialm.r05	-	150000000	1	216113920	1	208
v-trialm.r06	-	150000000	1	366113920	1	352
v-trialm.r07	-	150000000	1	516113920	1	496
v-trialm.r08	-	150000000	1	129028480	2	124
v-trialm.r09	-	150000000	1	279028480	2	268
v-trialm.r10	-	150000000	1	429028480	2	412
v-trialm.r11	-	150000000	1	41996672	3	41
v-trialm.r12	-	150000000	1	191996672	3	185
v-trialm.r13	-	150000000	1	341996672	3	329
v-trialm.r14	-	150000000	1	491996672	3	473
v-trialm.r15	-	150000000	1	104911232	4	101
v-trialm.r16	-	150000000	1	254911232	4	245
v-trialm.r17	-	150000000	1	404911232	4	389
v-trialm.r18	-	150000000	1	17879424	5	18
v-trialm.r19	-	150000000	1	167879424	5	162
v-trialm.r20	-	150000000	1	317879424	5	306
v-trialm.r21	-	150000000	1	467879424	5	450
v-trialm.r22	-	150000000	1	80793984	6	78
v-trialm.r23	-	150000000	1	230793984	6	222
v-trialm.r24	-	150000000	1	380793984	6	366
v-trialm.r25	-	150000000	1	530793984	6	510
v-trialm.r26	-	150000000	1	143708544	7	138
v-trialm.r27	-	150000000	1	293708544	7	282
v-trialm.r28	-	150000000	1	443708544	7	426
v-trialm.r29	-	150000000	1	56676736	8	55
v-trialm.r30	-	150000000	1	206676736	8	199
v-trialm.r31	-	150000000	1	356676736	8	343
v-trialm.r32	-	150000000	1	506676736	8	487
v-trialm.r33	-	150000000	1	119591296	9	115
v-trialm.r34	-	150000000	1	269591296	9	259
v-trialm.r35	-	150000000	1	419591296	9	403
v-trialm.r36	-	150000000	1	32559488	10	32
v-trialm.r37	-	150000000	1	182559488	10	176
v-trialm.r38	-	150000000	1	332559488	10	320
v-trialm.r39	-	150000000	1	482559488	10	464
v-trialm.r40	-	150000000	1	95474048	11	92
v-trialm.r41	-	150000000	1	245474048	11	236
v-trialm.r42	-	150000000	1	395474048	11	380
v-trialm.r43	-	150000000	1	8442240	12	9
v-trialm.r44	-	150000000	1	158442240	12	153
v-trialm.r45	-	150000000	1	308442240	12	297
v-trialm.r46	-	150000000	1	458442240	12	441
v-trialm.r47	-	150000000	1	71356800	13	69
v-trialm.r48	-	150000000	1	221356800	13	213
v-trialm.r49	-	150000000	1	371356800	13	357
v-trialm.r50	-	150000000	1	521356800	13	501
v-trialm.r51	-	150000000	1	134271360	14	129
v-trialm.r52	-	150000000	1	284271360	14	273
v-trialm.r53	-	150000000	1	434271360	14	417
v-trialm.r54	-	150000000	1	47239552	15	46
v-trialm.r55	-	150000000	1	197239552	15	190
v-trialm.r56	-	150000000	1	347239552	15	334
v-trialm.r57	-	150000000	1	497239552	15	478
v-trialm.r58	-	150000000	1	110154112	16	106
v-trialm.r59	-	150000000	1	260154112	16	250
v-trialm.r60	-	150000000	1	410154112	16	394
v-trialm.r61	-	150000000	1	23122304	17	23
v-trialm.r62	-	150000000	1	173122304	17	167
v-trialm.r63	-	150000000	1	323122304	17	311
v-trialm.r64	-	150000000	1	473122304	17	455
v-trialm.r65	-	150000000	1	86036864	18	83
v-trialm.r66	-	150000000	1	236036864	18	227
v-trialm.r67	-	150000000	1	386036864	18	371
v-trialm.r68	-	150000000	1	536036864	18	515
v-trialm.r69	-	150000000	1	148951424	19	143
v-trialm.r70	-	150000000	1	298951424	19	287
v-trialm.r71	-	150000000	1	448951424	19	431
v-trialm.r72	-	150000000	1	61919616	20	60
v-trialm.r73	-	150000000	1	211919616	20	204
v-trialm.r74	-	150000000	1	361919616	20	348
v-trialm.r75	-	150000000	1	511919616	20	492
v-trialm.r76	-	71403037	1	124834176	21	120
v-trialm.rar	-	150000000	1	196237213	21	189
v-trialm.sfv	-	1794	1	346237213	21	333
