v-mbatck_v131072.nfo	-	6448	1	0	0	0
v-mbatck_v131072.r00	-	50000000	1	6448	0	1
v-mbatck_v131072.r01	-	50000000	1	50006448	0	49
v-mbatck_v131072.r02	-	50000000	1	100006448	0	97
v-mbatck_v131072.r03	-	50000000	1	150006448	0	145
v-mbatck_v131072.r04	-	50000000	1	200006448	0	193
v-mbatck_v131072.r05	-	50000000	1	250006448	0	241
v-mbatck_v131072.r06	-	50000000	1	300006448	0	289
v-mbatck_v131072.r07	-	50000000	1	350006448	0	337
v-mbatck_v131072.r08	-	50000000	1	400006448	0	385
v-mbatck_v131072.r09	-	50000000	1	450006448	0	433
v-mbatck_v131072.r10	-	50000000	1	500006448	0	481
v-mbatck_v131072.r11	-	50000000	1	12251264	1	12
v-mbatck_v131072.r12	-	50000000	1	62251264	1	60
v-mbatck_v131072.r13	-	50000000	1	112251264	1	108
v-mbatck_v131072.r14	-	50000000	1	162251264	1	156
v-mbatck_v131072.r15	-	50000000	1	212251264	1	204
v-mbatck_v131072.r16	-	50000000	1	262251264	1	252
v-mbatck_v131072.r17	-	50000000	1	312251264	1	300
v-mbatck_v131072.r18	-	50000000	1	362251264	1	348
v-mbatck_v131072.r19	-	50000000	1	412251264	1	396
v-mbatck_v131072.r20	-	50000000	1	462251264	1	444
v-mbatck_v131072.r21	-	50000000	1	512251264	1	492
v-mbatck_v131072.r22	-	50000000	1	24834176	2	24
v-mbatck_v131072.r23	-	50000000	1	74834176	2	72
v-mbatck_v131072.r24	-	16892978	1	124834176	2	120
v-mbatck_v131072.rar	-	50000000	1	141727154	2	137
v-mbatck_v131072.sfv	-	806	1	191727154	2	185
