hr-axhpd.nfo	-	11258	1	0	0	0
hr-axhpd.r00	-	100000000	1	11258	0	1
hr-axhpd.r01	-	100000000	1	100011258	0	97
hr-axhpd.r02	-	100000000	1	200011258	0	193
hr-axhpd.r03	-	100000000	1	300011258	0	289
hr-axhpd.r04	-	100000000	1	400011258	0	385
hr-axhpd.r05	-	100000000	1	500011258	0	481
hr-axhpd.r06	-	100000000	1	62251264	1	60
hr-axhpd.r07	-	100000000	1	162251264	1	156
hr-axhpd.r08	-	100000000	1	262251264	1	252
hr-axhpd.r09	-	100000000	1	362251264	1	348
hr-axhpd.r10	-	100000000	1	462251264	1	444
hr-axhpd.r11	-	100000000	1	24502528	2	24
hr-axhpd.r12	-	100000000	1	124502528	2	120
hr-axhpd.r13	-	100000000	1	224502528	2	216
hr-axhpd.r14	-	100000000	1	324502528	2	312
hr-axhpd.r15	-	100000000	1	424502528	2	408
hr-axhpd.r16	-	100000000	1	524502528	2	504
hr-axhpd.r17	-	100000000	1	87417088	3	84
hr-axhpd.r18	-	100000000	1	187417088	3	180
hr-axhpd.r19	-	100000000	1	287417088	3	276
hr-axhpd.r20	-	100000000	1	387417088	3	372
hr-axhpd.r21	-	100000000	1	487417088	3	468
hr-axhpd.r22	-	100000000	1	49668352	4	48
hr-axhpd.r23	-	100000000	1	149668352	4	144
hr-axhpd.r24	-	100000000	1	249668352	4	240
hr-axhpd.r25	-	100000000	1	349668352	4	336
hr-axhpd.r26	-	100000000	1	449668352	4	432
hr-axhpd.r27	-	100000000	1	11919616	5	12
hr-axhpd.r28	-	100000000	1	111919616	5	108
hr-axhpd.r29	-	100000000	1	211919616	5	204
hr-axhpd.r30	-	100000000	1	311919616	5	300
hr-axhpd.r31	-	100000000	1	411919616	5	396
hr-axhpd.r32	-	100000000	1	511919616	5	492
hr-axhpd.r33	-	100000000	1	74834176	6	72
hr-axhpd.r34	-	100000000	1	174834176	6	168
hr-axhpd.r35	-	100000000	1	274834176	6	264
hr-axhpd.r36	-	100000000	1	374834176	6	360
hr-axhpd.r37	-	100000000	1	474834176	6	456
hr-axhpd.r38	-	100000000	1	37085440	7	36
hr-axhpd.r39	-	100000000	1	137085440	7	132
hr-axhpd.r40	-	100000000	1	237085440	7	228
hr-axhpd.r41	-	100000000	1	337085440	7	324
hr-axhpd.r42	-	100000000	1	437085440	7	420
hr-axhpd.r43	-	100000000	1	0	8	0
hr-axhpd.r44	-	100000000	1	100000000	8	96
hr-axhpd.r45	-	100000000	1	200000000	8	192
hr-axhpd.r46	-	100000000	1	300000000	8	288
hr-axhpd.r47	-	100000000	1	400000000	8	384
hr-axhpd.r48	-	100000000	1	500000000	8	480
hr-axhpd.r49	-	100000000	1	62251264	9	60
hr-axhpd.r50	-	100000000	1	162251264	9	156
hr-axhpd.r51	-	100000000	1	262251264	9	252
hr-axhpd.r52	-	100000000	1	362251264	9	348
hr-axhpd.r53	-	100000000	1	462251264	9	444
hr-axhpd.r54	-	100000000	1	24502528	10	24
hr-axhpd.r55	-	100000000	1	124502528	10	120
hr-axhpd.r56	-	100000000	1	224502528	10	216
hr-axhpd.r57	-	100000000	1	324502528	10	312
hr-axhpd.r58	-	100000000	1	424502528	10	408
hr-axhpd.r59	-	100000000	1	524502528	10	504
hr-axhpd.r60	-	100000000	1	87417088	11	84
hr-axhpd.r61	-	100000000	1	187417088	11	180
hr-axhpd.r62	-	100000000	1	287417088	11	276
hr-axhpd.r63	-	100000000	1	387417088	11	372
hr-axhpd.r64	-	100000000	1	487417088	11	468
hr-axhpd.r65	-	100000000	1	49668352	12	48
hr-axhpd.r66	-	11324748	1	149668352	12	144
hr-axhpd.rar	-	100000000	1	160993100	12	155
hr-axhpd.sfv	-	1564	1	260993100	12	251
Proof	d	0	1	260994664	12	252
Proof/hr-axhpd.jpg	-	3448745	1	260994664	12	252
