sxs-diablo3_german.nfo	-	7773	1	0	0	0
sxs-diablo3_german.r00	-	100000000	1	7773	0	1
sxs-diablo3_german.r01	-	100000000	1	100007773	0	97
sxs-diablo3_german.r02	-	100000000	1	200007773	0	193
sxs-diablo3_german.r03	-	100000000	1	300007773	0	289
sxs-diablo3_german.r04	-	100000000	1	400007773	0	385
sxs-diablo3_german.r05	-	100000000	1	500007773	0	481
sxs-diablo3_german.r06	-	100000000	1	62251264	1	60
sxs-diablo3_german.r07	-	100000000	1	162251264	1	156
sxs-diablo3_german.r08	-	100000000	1	262251264	1	252
sxs-diablo3_german.r09	-	100000000	1	362251264	1	348
sxs-diablo3_german.r10	-	100000000	1	462251264	1	444
sxs-diablo3_german.r11	-	100000000	1	24502528	2	24
sxs-diablo3_german.r12	-	100000000	1	124502528	2	120
sxs-diablo3_german.r13	-	100000000	1	224502528	2	216
sxs-diablo3_german.r14	-	100000000	1	324502528	2	312
sxs-diablo3_german.r15	-	100000000	1	424502528	2	408
sxs-diablo3_german.r16	-	100000000	1	524502528	2	504
sxs-diablo3_german.r17	-	100000000	1	87417088	3	84
sxs-diablo3_german.r18	-	100000000	1	187417088	3	180
sxs-diablo3_german.r19	-	100000000	1	287417088	3	276
sxs-diablo3_german.r20	-	100000000	1	387417088	3	372
sxs-diablo3_german.r21	-	100000000	1	487417088	3	468
sxs-diablo3_german.r22	-	100000000	1	49668352	4	48
sxs-diablo3_german.r23	-	100000000	1	149668352	4	144
sxs-diablo3_german.r24	-	100000000	1	249668352	4	240
sxs-diablo3_german.r25	-	100000000	1	349668352	4	336
sxs-diablo3_german.r26	-	100000000	1	449668352	4	432
sxs-diablo3_german.r27	-	100000000	1	11919616	5	12
sxs-diablo3_german.r28	-	100000000	1	111919616	5	108
sxs-diablo3_german.r29	-	100000000	1	211919616	5	204
sxs-diablo3_german.r30	-	100000000	1	311919616	5	300
sxs-diablo3_german.r31	-	100000000	1	411919616	5	396
sxs-diablo3_german.r32	-	100000000	1	511919616	5	492
sxs-diablo3_german.r33	-	100000000	1	74834176	6	72
sxs-diablo3_german.r34	-	100000000	1	174834176	6	168
sxs-diablo3_german.r35	-	100000000	1	274834176	6	264
sxs-diablo3_german.r36	-	100000000	1	374834176	6	360
sxs-diablo3_german.r37	-	100000000	1	474834176	6	456
sxs-diablo3_german.r38	-	100000000	1	37085440	7	36
sxs-diablo3_german.r39	-	100000000	1	137085440	7	132
sxs-diablo3_german.r40	-	100000000	1	237085440	7	228
sxs-diablo3_german.r41	-	100000000	1	337085440	7	324
sxs-diablo3_german.r42	-	100000000	1	437085440	7	420
sxs-diablo3_german.r43	-	100000000	1	0	8	0
sxs-diablo3_german.r44	-	100000000	1	100000000	8	96
sxs-diablo3_german.r45	-	100000000	1	200000000	8	192
sxs-diablo3_german.r46	-	100000000	1	300000000	8	288
sxs-diablo3_german.r47	-	100000000	1	400000000	8	384
sxs-diablo3_german.r48	-	100000000	1	500000000	8	480
sxs-diablo3_german.r49	-	100000000	1	62251264	9	60
sxs-diablo3_german.r50	-	100000000	1	162251264	9	156
sxs-diablo3_german.r51	-	100000000	1	262251264	9	252
sxs-diablo3_german.r52	-	100000000	1	362251264	9	348
sxs-diablo3_german.r53	-	100000000	1	462251264	9	444
sxs-diablo3_german.r54	-	100000000	1	24502528	10	24
sxs-diablo3_german.r55	-	100000000	1	124502528	10	120
sxs-diablo3_german.r56	-	100000000	1	224502528	10	216
sxs-diablo3_german.r57	-	34830389	1	324502528	10	312
sxs-diablo3_german.rar	-	100000000	1	359332917	10	346
sxs-diablo3_german.sfv	-	1947	1	459332917	10	442
