sxs-moving_out_2_v262144.nfo	-	5900	1	0	0	0
sxs-moving_out_2_v262144.r00	-	100000000	1	5900	0	1
sxs-moving_out_2_v262144.r01	-	100000000	1	100005900	0	97
sxs-moving_out_2_v262144.r02	-	100000000	1	200005900	0	193
sxs-moving_out_2_v262144.r03	-	100000000	1	300005900	0	289
sxs-moving_out_2_v262144.r04	-	100000000	1	400005900	0	385
sxs-moving_out_2_v262144.r05	-	100000000	1	500005900	0	481
sxs-moving_out_2_v262144.r06	-	100000000	1	62251264	1	60
sxs-moving_out_2_v262144.r07	-	100000000	1	162251264	1	156
sxs-moving_out_2_v262144.r08	-	100000000	1	262251264	1	252
sxs-moving_out_2_v262144.r09	-	100000000	1	362251264	1	348
sxs-moving_out_2_v262144.r10	-	100000000	1	462251264	1	444
sxs-moving_out_2_v262144.r11	-	100000000	1	24502528	2	24
sxs-moving_out_2_v262144.r12	-	100000000	1	124502528	2	120
sxs-moving_out_2_v262144.r13	-	100000000	1	224502528	2	216
sxs-moving_out_2_v262144.r14	-	100000000	1	324502528	2	312
sxs-moving_out_2_v262144.r15	-	100000000	1	424502528	2	408
sxs-moving_out_2_v262144.r16	-	100000000	1	524502528	2	504
sxs-moving_out_2_v262144.r17	-	100000000	1	87417088	3	84
sxs-moving_out_2_v262144.r18	-	100000000	1	187417088	3	180
sxs-moving_out_2_v262144.r19	-	100000000	1	287417088	3	276
sxs-moving_out_2_v262144.r20	-	100000000	1	387417088	3	372
sxs-moving_out_2_v262144.r21	-	76179972	1	487417088	3	468
sxs-moving_out_2_v262144.rar	-	100000000	1	25848324	4	25
sxs-moving_out_2_v262144.sfv	-	897	1	125848324	4	121
