lfc-sospootupdv1.0.3.nfo	-	7269	1	0	0	0
lfc-sospootupdv1.0.3.r00	-	100000000	1	7269	0	1
lfc-sospootupdv1.0.3.r01	-	100000000	1	100007269	0	97
lfc-sospootupdv1.0.3.r02	-	100000000	1	200007269	0	193
lfc-sospootupdv1.0.3.r03	-	100000000	1	300007269	0	289
lfc-sospootupdv1.0.3.r04	-	100000000	1	400007269	0	385
lfc-sospootupdv1.0.3.r05	-	100000000	1	500007269	0	481
lfc-sospootupdv1.0.3.r06	-	100000000	1	62251264	1	60
lfc-sospootupdv1.0.3.r07	-	100000000	1	162251264	1	156
lfc-sospootupdv1.0.3.r08	-	87984518	1	262251264	1	252
lfc-sospootupdv1.0.3.rar	-	100000000	1	350235782	1	336
lfc-sospootupdv1.0.3.sfv	-	350	1	450235782	1	432
