gant-wgrv.nfo	-	9802	1	0	0	0
gant-wgrv.r00	-	50000000	1	9802	0	1
gant-wgrv.r01	-	50000000	1	50009802	0	49
gant-wgrv.r02	-	50000000	1	100009802	0	97
gant-wgrv.r03	-	50000000	1	150009802	0	145
gant-wgrv.r04	-	50000000	1	200009802	0	193
gant-wgrv.r05	-	50000000	1	250009802	0	241
gant-wgrv.r06	-	50000000	1	300009802	0	289
gant-wgrv.r07	-	50000000	1	350009802	0	337
gant-wgrv.r08	-	50000000	1	400009802	0	385
gant-wgrv.r09	-	50000000	1	450009802	0	433
gant-wgrv.r10	-	50000000	1	500009802	0	481
gant-wgrv.r11	-	50000000	1	12251264	1	12
gant-wgrv.r12	-	6737911	1	62251264	1	60
gant-wgrv.rar	-	50000000	1	68989175	1	67
gant-wgrv.sfv	-	336	1	118989175	1	115
Proof	d	0	1	118989511	1	116
Proof/gant-wgrv.jpg	-	5024598	1	118989511	1	116
