Proof	d	0	1	0	0	0
Proof/sxs-samshom.jpg	-	50948	1	0	0	0
sxs-samshom.nfo	-	5900	1	50948	0	1
sxs-samshom.r00	-	150000000	1	56848	0	2
sxs-samshom.r01	-	150000000	1	150056848	0	146
sxs-samshom.r02	-	150000000	1	300056848	0	290
sxs-samshom.r03	-	150000000	1	450056848	0	434
sxs-samshom.r04	-	150000000	1	62968192	1	61
sxs-samshom.r05	-	150000000	1	212968192	1	205
sxs-samshom.r06	-	150000000	1	362968192	1	349
sxs-samshom.r07	-	150000000	1	512968192	1	493
sxs-samshom.r08	-	150000000	1	125882752	2	121
sxs-samshom.r09	-	150000000	1	275882752	2	265
sxs-samshom.r10	-	150000000	1	425882752	2	409
sxs-samshom.r11	-	150000000	1	38850944	3	38
sxs-samshom.r12	-	150000000	1	188850944	3	182
sxs-samshom.r13	-	150000000	1	338850944	3	326
sxs-samshom.r14	-	150000000	1	488850944	3	470
sxs-samshom.r15	-	150000000	1	101765504	4	98
sxs-samshom.r16	-	150000000	1	251765504	4	242
sxs-samshom.r17	-	150000000	1	401765504	4	386
sxs-samshom.r18	-	150000000	1	14733696	5	15
sxs-samshom.r19	-	150000000	1	164733696	5	159
sxs-samshom.r20	-	150000000	1	314733696	5	303
sxs-samshom.r21	-	150000000	1	464733696	5	447
sxs-samshom.r22	-	150000000	1	77648256	6	75
sxs-samshom.r23	-	150000000	1	227648256	6	219
sxs-samshom.r24	-	150000000	1	377648256	6	363
sxs-samshom.r25	-	150000000	1	527648256	6	507
sxs-samshom.r26	-	150000000	1	140562816	7	135
sxs-samshom.r27	-	150000000	1	290562816	7	279
sxs-samshom.r28	-	150000000	1	440562816	7	423
sxs-samshom.r29	-	150000000	1	53531008	8	52
sxs-samshom.r30	-	150000000	1	203531008	8	196
sxs-samshom.r31	-	150000000	1	353531008	8	340
sxs-samshom.r32	-	150000000	1	503531008	8	484
sxs-samshom.r33	-	150000000	1	116445568	9	112
sxs-samshom.r34	-	150000000	1	266445568	9	256
sxs-samshom.r35	-	150000000	1	416445568	9	400
sxs-samshom.r36	-	150000000	1	29413760	10	29
sxs-samshom.r37	-	150000000	1	179413760	10	173
sxs-samshom.r38	-	150000000	1	329413760	10	317
sxs-samshom.r39	-	150000000	1	479413760	10	461
sxs-samshom.r40	-	150000000	1	92328320	11	89
sxs-samshom.r41	-	150000000	1	242328320	11	233
sxs-samshom.r42	-	150000000	1	392328320	11	377
sxs-samshom.r43	-	150000000	1	5296512	12	6
sxs-samshom.r44	-	150000000	1	155296512	12	150
sxs-samshom.r45	-	150000000	1	305296512	12	294
sxs-samshom.r46	-	150000000	1	455296512	12	438
sxs-samshom.r47	-	150000000	1	68211072	13	66
sxs-samshom.r48	-	150000000	1	218211072	13	210
sxs-samshom.r49	-	150000000	1	368211072	13	354
sxs-samshom.r50	-	150000000	1	518211072	13	498
sxs-samshom.r51	-	150000000	1	131125632	14	126
sxs-samshom.r52	-	150000000	1	281125632	14	270
sxs-samshom.r53	-	150000000	1	431125632	14	414
sxs-samshom.r54	-	150000000	1	44093824	15	43
sxs-samshom.r55	-	150000000	1	194093824	15	187
sxs-samshom.r56	-	150000000	1	344093824	15	331
sxs-samshom.r57	-	150000000	1	494093824	15	475
sxs-samshom.r58	-	150000000	1	107008384	16	103
sxs-samshom.r59	-	150000000	1	257008384	16	247
sxs-samshom.r60	-	150000000	1	407008384	16	391
sxs-samshom.r61	-	150000000	1	19976576	17	20
sxs-samshom.r62	-	150000000	1	169976576	17	164
sxs-samshom.r63	-	150000000	1	319976576	17	308
sxs-samshom.r64	-	150000000	1	469976576	17	452
sxs-samshom.r65	-	150000000	1	82891136	18	80
sxs-samshom.r66	-	150000000	1	232891136	18	224
sxs-samshom.r67	-	150000000	1	382891136	18	368
sxs-samshom.r68	-	58220356	1	532891136	18	512
sxs-samshom.rar	-	150000000	1	54026052	19	52
sxs-samshom.sfv	-	1820	1	204026052	19	196
