gant-ycwcn.nfo	-	11825	1	0	0	0
gant-ycwcn.r00	-	100000000	1	11825	0	1
gant-ycwcn.r01	-	100000000	1	100011825	0	97
gant-ycwcn.r02	-	100000000	1	200011825	0	193
gant-ycwcn.r03	-	100000000	1	300011825	0	289
gant-ycwcn.r04	-	100000000	1	400011825	0	385
gant-ycwcn.r05	-	100000000	1	500011825	0	481
gant-ycwcn.r06	-	100000000	1	62251264	1	60
gant-ycwcn.r07	-	100000000	1	162251264	1	156
gant-ycwcn.r08	-	100000000	1	262251264	1	252
gant-ycwcn.r09	-	100000000	1	362251264	1	348
gant-ycwcn.r10	-	100000000	1	462251264	1	444
gant-ycwcn.r11	-	100000000	1	24502528	2	24
gant-ycwcn.r12	-	100000000	1	124502528	2	120
gant-ycwcn.r13	-	100000000	1	224502528	2	216
gant-ycwcn.r14	-	100000000	1	324502528	2	312
gant-ycwcn.r15	-	100000000	1	424502528	2	408
gant-ycwcn.r16	-	100000000	1	524502528	2	504
gant-ycwcn.r17	-	100000000	1	87417088	3	84
gant-ycwcn.r18	-	100000000	1	187417088	3	180
gant-ycwcn.r19	-	100000000	1	287417088	3	276
gant-ycwcn.r20	-	100000000	1	387417088	3	372
gant-ycwcn.r21	-	100000000	1	487417088	3	468
gant-ycwcn.r22	-	100000000	1	49668352	4	48
gant-ycwcn.r23	-	100000000	1	149668352	4	144
gant-ycwcn.r24	-	100000000	1	249668352	4	240
gant-ycwcn.r25	-	100000000	1	349668352	4	336
gant-ycwcn.r26	-	100000000	1	449668352	4	432
gant-ycwcn.r27	-	100000000	1	11919616	5	12
gant-ycwcn.r28	-	100000000	1	111919616	5	108
gant-ycwcn.r29	-	100000000	1	211919616	5	204
gant-ycwcn.r30	-	100000000	1	311919616	5	300
gant-ycwcn.r31	-	100000000	1	411919616	5	396
gant-ycwcn.r32	-	100000000	1	511919616	5	492
gant-ycwcn.r33	-	100000000	1	74834176	6	72
gant-ycwcn.r34	-	100000000	1	174834176	6	168
gant-ycwcn.r35	-	100000000	1	274834176	6	264
gant-ycwcn.r36	-	100000000	1	374834176	6	360
gant-ycwcn.r37	-	100000000	1	474834176	6	456
gant-ycwcn.r38	-	100000000	1	37085440	7	36
gant-ycwcn.r39	-	100000000	1	137085440	7	132
gant-ycwcn.r40	-	100000000	1	237085440	7	228
gant-ycwcn.r41	-	100000000	1	337085440	7	324
gant-ycwcn.r42	-	100000000	1	437085440	7	420
gant-ycwcn.r43	-	100000000	1	0	8	0
gant-ycwcn.r44	-	100000000	1	100000000	8	96
gant-ycwcn.r45	-	100000000	1	200000000	8	192
gant-ycwcn.r46	-	100000000	1	300000000	8	288
gant-ycwcn.r47	-	100000000	1	400000000	8	384
gant-ycwcn.r48	-	100000000	1	500000000	8	480
gant-ycwcn.r49	-	100000000	1	62251264	9	60
gant-ycwcn.r50	-	100000000	1	162251264	9	156
gant-ycwcn.r51	-	100000000	1	262251264	9	252
gant-ycwcn.r52	-	100000000	1	362251264	9	348
gant-ycwcn.r53	-	100000000	1	462251264	9	444
gant-ycwcn.r54	-	100000000	1	24502528	10	24
gant-ycwcn.r55	-	100000000	1	124502528	10	120
gant-ycwcn.r56	-	100000000	1	224502528	10	216
gant-ycwcn.r57	-	100000000	1	324502528	10	312
gant-ycwcn.r58	-	100000000	1	424502528	10	408
gant-ycwcn.r59	-	7992613	1	524502528	10	504
gant-ycwcn.rar	-	100000000	1	532495141	10	512
gant-ycwcn.sfv	-	1525	1	94757120	11	91
Proof	d	0	1	94758645	11	92
Proof/gant-ycwcn.jpg	-	2766558	1	94758645	11	92
