sxs-hoa_v196608.nfo	-	5744	1	0	0	0
sxs-hoa_v196608.r00	-	50000000	1	5744	0	1
sxs-hoa_v196608.r01	-	50000000	1	50005744	0	49
sxs-hoa_v196608.r02	-	50000000	1	100005744	0	97
sxs-hoa_v196608.r03	-	50000000	1	150005744	0	145
sxs-hoa_v196608.r04	-	50000000	1	200005744	0	193
sxs-hoa_v196608.r05	-	50000000	1	250005744	0	241
sxs-hoa_v196608.r06	-	50000000	1	300005744	0	289
sxs-hoa_v196608.r07	-	50000000	1	350005744	0	337
sxs-hoa_v196608.r08	-	50000000	1	400005744	0	385
sxs-hoa_v196608.r09	-	50000000	1	450005744	0	433
sxs-hoa_v196608.r10	-	50000000	1	500005744	0	481
sxs-hoa_v196608.r11	-	50000000	1	12251264	1	12
sxs-hoa_v196608.r12	-	50000000	1	62251264	1	60
sxs-hoa_v196608.r13	-	50000000	1	112251264	1	108
sxs-hoa_v196608.r14	-	50000000	1	162251264	1	156
sxs-hoa_v196608.r15	-	50000000	1	212251264	1	204
sxs-hoa_v196608.r16	-	50000000	1	262251264	1	252
sxs-hoa_v196608.r17	-	50000000	1	312251264	1	300
sxs-hoa_v196608.r18	-	50000000	1	362251264	1	348
sxs-hoa_v196608.r19	-	50000000	1	412251264	1	396
sxs-hoa_v196608.r20	-	50000000	1	462251264	1	444
sxs-hoa_v196608.r21	-	50000000	1	512251264	1	492
sxs-hoa_v196608.r22	-	50000000	1	24834176	2	24
sxs-hoa_v196608.r23	-	50000000	1	74834176	2	72
sxs-hoa_v196608.r24	-	50000000	1	124834176	2	120
sxs-hoa_v196608.r25	-	31088984	1	174834176	2	168
sxs-hoa_v196608.rar	-	50000000	1	205923160	2	198
sxs-hoa_v196608.sfv	-	810	1	255923160	2	246
