sxs-reventure_v131072.nfo	-	8630	1	0	0	0
sxs-reventure_v131072.r00	-	50000000	1	8630	0	1
sxs-reventure_v131072.r01	-	50000000	1	50008630	0	49
sxs-reventure_v131072.r02	-	50000000	1	100008630	0	97
sxs-reventure_v131072.r03	-	50000000	1	150008630	0	145
sxs-reventure_v131072.r04	-	50000000	1	200008630	0	193
sxs-reventure_v131072.r05	-	50000000	1	250008630	0	241
sxs-reventure_v131072.r06	-	19582291	1	300008630	0	289
sxs-reventure_v131072.rar	-	50000000	1	319590921	0	308
sxs-reventure_v131072.sfv	-	288	1	369590921	0	356
