v-the_last_faith_v131072.nfo	-	5590	1	0	0	0
v-the_last_faith_v131072.r00	-	100000000	1	5590	0	1
v-the_last_faith_v131072.r01	-	100000000	1	100005590	0	97
v-the_last_faith_v131072.r02	-	100000000	1	200005590	0	193
v-the_last_faith_v131072.r03	-	100000000	1	300005590	0	289
v-the_last_faith_v131072.r04	-	100000000	1	400005590	0	385
v-the_last_faith_v131072.r05	-	100000000	1	500005590	0	481
v-the_last_faith_v131072.r06	-	100000000	1	62251264	1	60
v-the_last_faith_v131072.r07	-	100000000	1	162251264	1	156
v-the_last_faith_v131072.r08	-	100000000	1	262251264	1	252
v-the_last_faith_v131072.r09	-	100000000	1	362251264	1	348
v-the_last_faith_v131072.r10	-	100000000	1	462251264	1	444
v-the_last_faith_v131072.r11	-	100000000	1	24502528	2	24
v-the_last_faith_v131072.r12	-	74260059	1	124502528	2	120
v-the_last_faith_v131072.rar	-	100000000	1	198762587	2	191
v-the_last_faith_v131072.sfv	-	546	1	298762587	2	287
