sxs-moonlighter_v589824.nfo	-	8786	1	0	0	0
sxs-moonlighter_v589824.r00	-	50000000	1	8786	0	1
sxs-moonlighter_v589824.r01	-	50000000	1	50008786	0	49
sxs-moonlighter_v589824.r02	-	50000000	1	100008786	0	97
sxs-moonlighter_v589824.r03	-	50000000	1	150008786	0	145
sxs-moonlighter_v589824.r04	-	50000000	1	200008786	0	193
sxs-moonlighter_v589824.r05	-	50000000	1	250008786	0	241
sxs-moonlighter_v589824.r06	-	50000000	1	300008786	0	289
sxs-moonlighter_v589824.r07	-	50000000	1	350008786	0	337
sxs-moonlighter_v589824.r08	-	50000000	1	400008786	0	385
sxs-moonlighter_v589824.r09	-	50000000	1	450008786	0	433
sxs-moonlighter_v589824.r10	-	50000000	1	500008786	0	481
sxs-moonlighter_v589824.r11	-	50000000	1	12251264	1	12
sxs-moonlighter_v589824.r12	-	50000000	1	62251264	1	60
sxs-moonlighter_v589824.r13	-	50000000	1	112251264	1	108
sxs-moonlighter_v589824.r14	-	50000000	1	162251264	1	156
sxs-moonlighter_v589824.r15	-	50000000	1	212251264	1	204
sxs-moonlighter_v589824.r16	-	50000000	1	262251264	1	252
sxs-moonlighter_v589824.r17	-	50000000	1	312251264	1	300
sxs-moonlighter_v589824.r18	-	45227234	1	362251264	1	348
sxs-moonlighter_v589824.rar	-	50000000	1	407478498	1	392
sxs-moonlighter_v589824.sfv	-	760	1	457478498	1	440
