sxs-terrorbane_v262144.nfo	-	8096	1	0	0	0
sxs-terrorbane_v262144.r00	-	50000000	1	8096	0	1
sxs-terrorbane_v262144.r01	-	50000000	1	50008096	0	49
sxs-terrorbane_v262144.r02	-	50000000	1	100008096	0	97
sxs-terrorbane_v262144.r03	-	50000000	1	150008096	0	145
sxs-terrorbane_v262144.r04	-	50000000	1	200008096	0	193
sxs-terrorbane_v262144.r05	-	50000000	1	250008096	0	241
sxs-terrorbane_v262144.r06	-	50000000	1	300008096	0	289
sxs-terrorbane_v262144.r07	-	50000000	1	350008096	0	337
sxs-terrorbane_v262144.r08	-	50000000	1	400008096	0	385
sxs-terrorbane_v262144.r09	-	50000000	1	450008096	0	433
sxs-terrorbane_v262144.r10	-	50000000	1	500008096	0	481
sxs-terrorbane_v262144.r11	-	50000000	1	12251264	1	12
sxs-terrorbane_v262144.r12	-	50000000	1	62251264	1	60
sxs-terrorbane_v262144.r13	-	16248857	1	112251264	1	108
sxs-terrorbane_v262144.rar	-	50000000	1	128500121	1	124
sxs-terrorbane_v262144.sfv	-	555	1	178500121	1	172
