brw-appl.nfo	-	3047	1	0	0	0
brw-appl.r00	-	100000000	1	3047	0	1
brw-appl.r01	-	100000000	1	100003047	0	97
brw-appl.r02	-	100000000	1	200003047	0	193
brw-appl.r03	-	100000000	1	300003047	0	289
brw-appl.r04	-	100000000	1	400003047	0	385
brw-appl.r05	-	100000000	1	500003047	0	481
brw-appl.r06	-	100000000	1	62251264	1	60
brw-appl.r07	-	100000000	1	162251264	1	156
brw-appl.r08	-	100000000	1	262251264	1	252
brw-appl.r09	-	100000000	1	362251264	1	348
brw-appl.r10	-	100000000	1	462251264	1	444
brw-appl.r11	-	100000000	1	24502528	2	24
brw-appl.r12	-	100000000	1	124502528	2	120
brw-appl.r13	-	100000000	1	224502528	2	216
brw-appl.r14	-	100000000	1	324502528	2	312
brw-appl.r15	-	100000000	1	424502528	2	408
brw-appl.r16	-	100000000	1	524502528	2	504
brw-appl.r17	-	100000000	1	87417088	3	84
brw-appl.r18	-	100000000	1	187417088	3	180
brw-appl.r19	-	100000000	1	287417088	3	276
brw-appl.r20	-	100000000	1	387417088	3	372
brw-appl.r21	-	100000000	1	487417088	3	468
brw-appl.r22	-	100000000	1	49668352	4	48
brw-appl.r23	-	100000000	1	149668352	4	144
brw-appl.r24	-	100000000	1	249668352	4	240
brw-appl.r25	-	100000000	1	349668352	4	336
brw-appl.r26	-	100000000	1	449668352	4	432
brw-appl.r27	-	100000000	1	11919616	5	12
brw-appl.r28	-	100000000	1	111919616	5	108
brw-appl.r29	-	100000000	1	211919616	5	204
brw-appl.r30	-	100000000	1	311919616	5	300
brw-appl.r31	-	100000000	1	411919616	5	396
brw-appl.r32	-	100000000	1	511919616	5	492
brw-appl.r33	-	100000000	1	74834176	6	72
brw-appl.r34	-	100000000	1	174834176	6	168
brw-appl.r35	-	100000000	1	274834176	6	264
brw-appl.r36	-	100000000	1	374834176	6	360
brw-appl.r37	-	100000000	1	474834176	6	456
brw-appl.r38	-	100000000	1	37085440	7	36
brw-appl.r39	-	100000000	1	137085440	7	132
brw-appl.r40	-	100000000	1	237085440	7	228
brw-appl.r41	-	100000000	1	337085440	7	324
brw-appl.r42	-	100000000	1	437085440	7	420
brw-appl.r43	-	100000000	1	0	8	0
brw-appl.r44	-	100000000	1	100000000	8	96
brw-appl.r45	-	100000000	1	200000000	8	192
brw-appl.r46	-	100000000	1	300000000	8	288
brw-appl.r47	-	100000000	1	400000000	8	384
brw-appl.r48	-	100000000	1	500000000	8	480
brw-appl.r49	-	100000000	1	62251264	9	60
brw-appl.r50	-	22226948	1	162251264	9	156
brw-appl.rar	-	100000000	1	184478212	9	178
brw-appl.sfv	-	1196	1	284478212	9	274
