Proof	d	0	1	0	0	0
Proof/v-tgwre.jpg	-	108567	1	0	0	0
v-tgwre.nfo	-	3987	1	108567	0	1
v-tgwre.r00	-	100000000	1	112554	0	2
v-tgwre.r01	-	100000000	1	100112554	0	98
v-tgwre.r02	-	100000000	1	200112554	0	194
v-tgwre.r03	-	100000000	1	300112554	0	290
v-tgwre.r04	-	100000000	1	400112554	0	386
v-tgwre.r05	-	100000000	1	500112554	0	482
v-tgwre.r06	-	100000000	1	62251264	1	60
v-tgwre.r07	-	100000000	1	162251264	1	156
v-tgwre.r08	-	100000000	1	262251264	1	252
v-tgwre.r09	-	100000000	1	362251264	1	348
v-tgwre.r10	-	100000000	1	462251264	1	444
v-tgwre.r11	-	100000000	1	24502528	2	24
v-tgwre.r12	-	100000000	1	124502528	2	120
v-tgwre.r13	-	100000000	1	224502528	2	216
v-tgwre.r14	-	100000000	1	324502528	2	312
v-tgwre.r15	-	100000000	1	424502528	2	408
v-tgwre.r16	-	100000000	1	524502528	2	504
v-tgwre.r17	-	100000000	1	87417088	3	84
v-tgwre.r18	-	100000000	1	187417088	3	180
v-tgwre.r19	-	100000000	1	287417088	3	276
v-tgwre.r20	-	100000000	1	387417088	3	372
v-tgwre.r21	-	100000000	1	487417088	3	468
v-tgwre.r22	-	100000000	1	49668352	4	48
v-tgwre.r23	-	100000000	1	149668352	4	144
v-tgwre.r24	-	100000000	1	249668352	4	240
v-tgwre.r25	-	100000000	1	349668352	4	336
v-tgwre.r26	-	100000000	1	449668352	4	432
v-tgwre.r27	-	100000000	1	11919616	5	12
v-tgwre.r28	-	100000000	1	111919616	5	108
v-tgwre.r29	-	100000000	1	211919616	5	204
v-tgwre.r30	-	100000000	1	311919616	5	300
v-tgwre.r31	-	100000000	1	411919616	5	396
v-tgwre.r32	-	100000000	1	511919616	5	492
v-tgwre.r33	-	100000000	1	74834176	6	72
v-tgwre.r34	-	100000000	1	174834176	6	168
v-tgwre.r35	-	100000000	1	274834176	6	264
v-tgwre.r36	-	100000000	1	374834176	6	360
v-tgwre.r37	-	100000000	1	474834176	6	456
v-tgwre.r38	-	100000000	1	37085440	7	36
v-tgwre.r39	-	100000000	1	137085440	7	132
v-tgwre.r40	-	100000000	1	237085440	7	228
v-tgwre.r41	-	100000000	1	337085440	7	324
v-tgwre.r42	-	100000000	1	437085440	7	420
v-tgwre.r43	-	100000000	1	0	8	0
v-tgwre.r44	-	100000000	1	100000000	8	96
v-tgwre.r45	-	100000000	1	200000000	8	192
v-tgwre.r46	-	100000000	1	300000000	8	288
v-tgwre.r47	-	100000000	1	400000000	8	384
v-tgwre.r48	-	100000000	1	500000000	8	480
v-tgwre.r49	-	100000000	1	62251264	9	60
v-tgwre.r50	-	100000000	1	162251264	9	156
v-tgwre.r51	-	100000000	1	262251264	9	252
v-tgwre.r52	-	100000000	1	362251264	9	348
v-tgwre.r53	-	100000000	1	462251264	9	444
v-tgwre.r54	-	100000000	1	24502528	10	24
v-tgwre.r55	-	100000000	1	124502528	10	120
v-tgwre.r56	-	100000000	1	224502528	10	216
v-tgwre.r57	-	100000000	1	324502528	10	312
v-tgwre.r58	-	100000000	1	424502528	10	408
v-tgwre.r59	-	100000000	1	524502528	10	504
v-tgwre.r60	-	100000000	1	87417088	11	84
v-tgwre.r61	-	100000000	1	187417088	11	180
v-tgwre.r62	-	100000000	1	287417088	11	276
v-tgwre.r63	-	100000000	1	387417088	11	372
v-tgwre.r64	-	100000000	1	487417088	11	468
v-tgwre.r65	-	100000000	1	49668352	12	48
v-tgwre.r66	-	100000000	1	149668352	12	144
v-tgwre.r67	-	100000000	1	249668352	12	240
v-tgwre.r68	-	100000000	1	349668352	12	336
v-tgwre.r69	-	100000000	1	449668352	12	432
v-tgwre.r70	-	100000000	1	11919616	13	12
v-tgwre.r71	-	100000000	1	111919616	13	108
v-tgwre.r72	-	100000000	1	211919616	13	204
v-tgwre.r73	-	100000000	1	311919616	13	300
v-tgwre.r74	-	100000000	1	411919616	13	396
v-tgwre.r75	-	100000000	1	511919616	13	492
v-tgwre.r76	-	52556937	1	74834176	14	72
v-tgwre.rar	-	100000000	1	127391113	14	123
v-tgwre.sfv	-	1716	1	227391113	14	219
