sxs-trraria_v917504.nfo	-	7305	1	0	0	0
sxs-trraria_v917504.r00	-	50000000	1	7305	0	1
sxs-trraria_v917504.r01	-	50000000	1	50007305	0	49
sxs-trraria_v917504.r02	-	50000000	1	100007305	0	97
sxs-trraria_v917504.r03	-	50000000	1	150007305	0	145
sxs-trraria_v917504.r04	-	50000000	1	200007305	0	193
sxs-trraria_v917504.r05	-	50000000	1	250007305	0	241
sxs-trraria_v917504.r06	-	50000000	1	300007305	0	289
sxs-trraria_v917504.r07	-	1857564	1	350007305	0	337
sxs-trraria_v917504.rar	-	50000000	1	351864869	0	339
sxs-trraria_v917504.sfv	-	306	1	401864869	0	387
