sxs-indiecalypse_v65536.nfo	-	5588	1	0	0	0
sxs-indiecalypse_v65536.r00	-	50000000	1	5588	0	1
sxs-indiecalypse_v65536.r01	-	50000000	1	50005588	0	49
sxs-indiecalypse_v65536.r02	-	50000000	1	100005588	0	97
sxs-indiecalypse_v65536.r03	-	50000000	1	150005588	0	145
sxs-indiecalypse_v65536.r04	-	50000000	1	200005588	0	193
sxs-indiecalypse_v65536.r05	-	50000000	1	250005588	0	241
sxs-indiecalypse_v65536.r06	-	39592358	1	300005588	0	289
sxs-indiecalypse_v65536.rar	-	50000000	1	339597946	0	327
sxs-indiecalypse_v65536.sfv	-	304	1	389597946	0	375
