n-avatartlaqfb.nfo	-	6072	1	0	0	0
n-avatartlaqfb.r00	-	100000000	1	6072	0	1
n-avatartlaqfb.r01	-	100000000	1	100006072	0	97
n-avatartlaqfb.r02	-	100000000	1	200006072	0	193
n-avatartlaqfb.r03	-	100000000	1	300006072	0	289
n-avatartlaqfb.r04	-	100000000	1	400006072	0	385
n-avatartlaqfb.r05	-	100000000	1	500006072	0	481
n-avatartlaqfb.r06	-	100000000	1	62251264	1	60
n-avatartlaqfb.r07	-	100000000	1	162251264	1	156
n-avatartlaqfb.r08	-	100000000	1	262251264	1	252
n-avatartlaqfb.r09	-	100000000	1	362251264	1	348
n-avatartlaqfb.r10	-	100000000	1	462251264	1	444
n-avatartlaqfb.r11	-	100000000	1	24502528	2	24
n-avatartlaqfb.r12	-	100000000	1	124502528	2	120
n-avatartlaqfb.r13	-	100000000	1	224502528	2	216
n-avatartlaqfb.r14	-	100000000	1	324502528	2	312
n-avatartlaqfb.r15	-	100000000	1	424502528	2	408
n-avatartlaqfb.r16	-	100000000	1	524502528	2	504
n-avatartlaqfb.r17	-	100000000	1	87417088	3	84
n-avatartlaqfb.r18	-	100000000	1	187417088	3	180
n-avatartlaqfb.r19	-	100000000	1	287417088	3	276
n-avatartlaqfb.r20	-	100000000	1	387417088	3	372
n-avatartlaqfb.r21	-	100000000	1	487417088	3	468
n-avatartlaqfb.r22	-	100000000	1	49668352	4	48
n-avatartlaqfb.r23	-	100000000	1	149668352	4	144
n-avatartlaqfb.r24	-	100000000	1	249668352	4	240
n-avatartlaqfb.r25	-	100000000	1	349668352	4	336
n-avatartlaqfb.r26	-	100000000	1	449668352	4	432
n-avatartlaqfb.r27	-	100000000	1	11919616	5	12
n-avatartlaqfb.r28	-	100000000	1	111919616	5	108
n-avatartlaqfb.r29	-	100000000	1	211919616	5	204
n-avatartlaqfb.r30	-	100000000	1	311919616	5	300
n-avatartlaqfb.r31	-	100000000	1	411919616	5	396
n-avatartlaqfb.r32	-	100000000	1	511919616	5	492
n-avatartlaqfb.r33	-	100000000	1	74834176	6	72
n-avatartlaqfb.r34	-	100000000	1	174834176	6	168
n-avatartlaqfb.r35	-	100000000	1	274834176	6	264
n-avatartlaqfb.r36	-	100000000	1	374834176	6	360
n-avatartlaqfb.r37	-	100000000	1	474834176	6	456
n-avatartlaqfb.r38	-	100000000	1	37085440	7	36
n-avatartlaqfb.r39	-	100000000	1	137085440	7	132
n-avatartlaqfb.r40	-	100000000	1	237085440	7	228
n-avatartlaqfb.r41	-	100000000	1	337085440	7	324
n-avatartlaqfb.r42	-	100000000	1	437085440	7	420
n-avatartlaqfb.r43	-	100000000	1	0	8	0
n-avatartlaqfb.r44	-	100000000	1	100000000	8	96
n-avatartlaqfb.r45	-	100000000	1	200000000	8	192
n-avatartlaqfb.r46	-	100000000	1	300000000	8	288
n-avatartlaqfb.r47	-	54594947	1	400000000	8	384
n-avatartlaqfb.rar	-	100000000	1	454594947	8	437
n-avatartlaqfb.sfv	-	1421	1	17162496	9	17
Proof	d	0	1	17163917	9	18
Proof/n-avatartlaqfb.jpg	-	1515332	1	17163917	9	18
