v-crysis_remastered_v393216.nfo	-	6058	1	0	0	0
v-crysis_remastered_v393216.r00	-	50000000	1	6058	0	1
v-crysis_remastered_v393216.r01	-	50000000	1	50006058	0	49
v-crysis_remastered_v393216.r02	-	50000000	1	100006058	0	97
v-crysis_remastered_v393216.r03	-	50000000	1	150006058	0	145
v-crysis_remastered_v393216.r04	-	50000000	1	200006058	0	193
v-crysis_remastered_v393216.r05	-	50000000	1	250006058	0	241
v-crysis_remastered_v393216.r06	-	50000000	1	300006058	0	289
v-crysis_remastered_v393216.r07	-	50000000	1	350006058	0	337
v-crysis_remastered_v393216.r08	-	50000000	1	400006058	0	385
v-crysis_remastered_v393216.r09	-	50000000	1	450006058	0	433
v-crysis_remastered_v393216.r10	-	50000000	1	500006058	0	481
v-crysis_remastered_v393216.r11	-	50000000	1	12251264	1	12
v-crysis_remastered_v393216.r12	-	50000000	1	62251264	1	60
v-crysis_remastered_v393216.r13	-	50000000	1	112251264	1	108
v-crysis_remastered_v393216.r14	-	50000000	1	162251264	1	156
v-crysis_remastered_v393216.r15	-	50000000	1	212251264	1	204
v-crysis_remastered_v393216.r16	-	50000000	1	262251264	1	252
v-crysis_remastered_v393216.r17	-	50000000	1	312251264	1	300
v-crysis_remastered_v393216.r18	-	50000000	1	362251264	1	348
v-crysis_remastered_v393216.r19	-	50000000	1	412251264	1	396
v-crysis_remastered_v393216.r20	-	50000000	1	462251264	1	444
v-crysis_remastered_v393216.r21	-	50000000	1	512251264	1	492
v-crysis_remastered_v393216.r22	-	50000000	1	24834176	2	24
v-crysis_remastered_v393216.r23	-	50000000	1	74834176	2	72
v-crysis_remastered_v393216.r24	-	50000000	1	124834176	2	120
v-crysis_remastered_v393216.r25	-	50000000	1	174834176	2	168
v-crysis_remastered_v393216.r26	-	50000000	1	224834176	2	216
v-crysis_remastered_v393216.r27	-	50000000	1	274834176	2	264
v-crysis_remastered_v393216.r28	-	50000000	1	324834176	2	312
v-crysis_remastered_v393216.r29	-	50000000	1	374834176	2	360
v-crysis_remastered_v393216.r30	-	50000000	1	424834176	2	408
v-crysis_remastered_v393216.r31	-	50000000	1	474834176	2	456
v-crysis_remastered_v393216.r32	-	50000000	1	524834176	2	504
v-crysis_remastered_v393216.r33	-	50000000	1	37417088	3	36
v-crysis_remastered_v393216.r34	-	34145704	1	87417088	3	84
v-crysis_remastered_v393216.rar	-	50000000	1	121562792	3	117
v-crysis_remastered_v393216.sfv	-	1512	1	171562792	3	165
