brw-dlov.nfo	-	4919	1	0	0	0
brw-dlov.r00	-	100000000	1	4919	0	1
brw-dlov.r01	-	100000000	1	100004919	0	97
brw-dlov.r02	-	100000000	1	200004919	0	193
brw-dlov.r03	-	100000000	1	300004919	0	289
brw-dlov.r04	-	100000000	1	400004919	0	385
brw-dlov.r05	-	100000000	1	500004919	0	481
brw-dlov.r06	-	100000000	1	62251264	1	60
brw-dlov.r07	-	100000000	1	162251264	1	156
brw-dlov.r08	-	100000000	1	262251264	1	252
brw-dlov.r09	-	100000000	1	362251264	1	348
brw-dlov.r10	-	100000000	1	462251264	1	444
brw-dlov.r11	-	100000000	1	24502528	2	24
brw-dlov.r12	-	100000000	1	124502528	2	120
brw-dlov.r13	-	100000000	1	224502528	2	216
brw-dlov.r14	-	100000000	1	324502528	2	312
brw-dlov.r15	-	100000000	1	424502528	2	408
brw-dlov.r16	-	100000000	1	524502528	2	504
brw-dlov.r17	-	100000000	1	87417088	3	84
brw-dlov.r18	-	100000000	1	187417088	3	180
brw-dlov.r19	-	100000000	1	287417088	3	276
brw-dlov.r20	-	100000000	1	387417088	3	372
brw-dlov.r21	-	100000000	1	487417088	3	468
brw-dlov.r22	-	100000000	1	49668352	4	48
brw-dlov.r23	-	100000000	1	149668352	4	144
brw-dlov.r24	-	100000000	1	249668352	4	240
brw-dlov.r25	-	100000000	1	349668352	4	336
brw-dlov.r26	-	100000000	1	449668352	4	432
brw-dlov.r27	-	100000000	1	11919616	5	12
brw-dlov.r28	-	100000000	1	111919616	5	108
brw-dlov.r29	-	100000000	1	211919616	5	204
brw-dlov.r30	-	100000000	1	311919616	5	300
brw-dlov.r31	-	100000000	1	411919616	5	396
brw-dlov.r32	-	100000000	1	511919616	5	492
brw-dlov.r33	-	100000000	1	74834176	6	72
brw-dlov.r34	-	100000000	1	174834176	6	168
brw-dlov.r35	-	100000000	1	274834176	6	264
brw-dlov.r36	-	100000000	1	374834176	6	360
brw-dlov.r37	-	100000000	1	474834176	6	456
brw-dlov.r38	-	100000000	1	37085440	7	36
brw-dlov.r39	-	100000000	1	137085440	7	132
brw-dlov.r40	-	100000000	1	237085440	7	228
brw-dlov.r41	-	100000000	1	337085440	7	324
brw-dlov.r42	-	100000000	1	437085440	7	420
brw-dlov.r43	-	100000000	1	0	8	0
brw-dlov.r44	-	100000000	1	100000000	8	96
brw-dlov.r45	-	100000000	1	200000000	8	192
brw-dlov.r46	-	100000000	1	300000000	8	288
brw-dlov.r47	-	100000000	1	400000000	8	384
brw-dlov.r48	-	100000000	1	500000000	8	480
brw-dlov.r49	-	100000000	1	62251264	9	60
brw-dlov.r50	-	100000000	1	162251264	9	156
brw-dlov.r51	-	100000000	1	262251264	9	252
brw-dlov.r52	-	100000000	1	362251264	9	348
brw-dlov.r53	-	100000000	1	462251264	9	444
brw-dlov.r54	-	100000000	1	24502528	10	24
brw-dlov.r55	-	100000000	1	124502528	10	120
brw-dlov.r56	-	100000000	1	224502528	10	216
brw-dlov.r57	-	100000000	1	324502528	10	312
brw-dlov.r58	-	100000000	1	424502528	10	408
brw-dlov.r59	-	100000000	1	524502528	10	504
brw-dlov.r60	-	100000000	1	87417088	11	84
brw-dlov.r61	-	100000000	1	187417088	11	180
brw-dlov.r62	-	100000000	1	287417088	11	276
brw-dlov.r63	-	100000000	1	387417088	11	372
brw-dlov.r64	-	100000000	1	487417088	11	468
brw-dlov.r65	-	100000000	1	49668352	12	48
brw-dlov.r66	-	100000000	1	149668352	12	144
brw-dlov.r67	-	39549365	1	249668352	12	240
brw-dlov.rar	-	100000000	1	289217717	12	278
brw-dlov.sfv	-	1587	1	389217717	12	374
