v-posh_v65536.nfo	-	10852	1	0	0	0
v-posh_v65536.r00	-	50000000	1	10852	0	1
v-posh_v65536.r01	-	50000000	1	50010852	0	49
v-posh_v65536.r02	-	50000000	1	100010852	0	97
v-posh_v65536.r03	-	50000000	1	150010852	0	145
v-posh_v65536.r04	-	50000000	1	200010852	0	193
v-posh_v65536.r05	-	50000000	1	250010852	0	241
v-posh_v65536.r06	-	50000000	1	300010852	0	289
v-posh_v65536.r07	-	50000000	1	350010852	0	337
v-posh_v65536.r08	-	50000000	1	400010852	0	385
v-posh_v65536.r09	-	50000000	1	450010852	0	433
v-posh_v65536.r10	-	50000000	1	500010852	0	481
v-posh_v65536.r11	-	50000000	1	12251264	1	12
v-posh_v65536.r12	-	50000000	1	62251264	1	60
v-posh_v65536.r13	-	32358229	1	112251264	1	108
v-posh_v65536.rar	-	50000000	1	144609493	1	139
v-posh_v65536.sfv	-	420	1	194609493	1	187
