lfc-a2apb.r00	-	250000000	1	0	0	0
lfc-a2apb.r01	-	250000000	1	250000000	0	239
lfc-a2apb.r02	-	250000000	1	500000000	0	478
lfc-a2apb.r03	-	250000000	1	212251264	1	203
lfc-a2apb.r04	-	250000000	1	462251264	1	442
lfc-a2apb.r05	-	250000000	1	174502528	2	167
lfc-a2apb.r06	-	250000000	1	424502528	2	406
lfc-a2apb.r07	-	250000000	1	136753792	3	131
lfc-a2apb.r08	-	250000000	1	386753792	3	370
lfc-a2apb.r09	-	250000000	1	99005056	4	95
lfc-a2apb.r10	-	250000000	1	349005056	4	334
lfc-a2apb.r11	-	250000000	1	61256320	5	59
lfc-a2apb.r12	-	250000000	1	311256320	5	298
lfc-a2apb.r13	-	250000000	1	23507584	6	23
lfc-a2apb.r14	-	250000000	1	273507584	6	262
lfc-a2apb.r15	-	250000000	1	523507584	6	501
lfc-a2apb.r16	-	250000000	1	236368512	7	226
lfc-a2apb.r17	-	250000000	1	486368512	7	465
lfc-a2apb.r18	-	250000000	1	198619776	8	190
lfc-a2apb.r19	-	250000000	1	448619776	8	429
lfc-a2apb.r20	-	250000000	1	160871040	9	154
lfc-a2apb.r21	-	250000000	1	410871040	9	393
lfc-a2apb.r22	-	250000000	1	123122304	10	118
lfc-a2apb.r23	-	250000000	1	373122304	10	357
lfc-a2apb.r24	-	250000000	1	85373568	11	82
lfc-a2apb.r25	-	250000000	1	335373568	11	321
lfc-a2apb.r26	-	250000000	1	47624832	12	46
lfc-a2apb.r27	-	250000000	1	297624832	12	285
lfc-a2apb.r28	-	250000000	1	9876096	13	10
lfc-a2apb.r29	-	250000000	1	259876096	13	249
lfc-a2apb.r30	-	250000000	1	509876096	13	488
lfc-a2apb.r31	-	250000000	1	222737024	14	213
lfc-a2apb.r32	-	250000000	1	472737024	14	452
lfc-a2apb.r33	-	250000000	1	184988288	15	177
lfc-a2apb.r34	-	250000000	1	434988288	15	416
lfc-a2apb.r35	-	250000000	1	147239552	16	141
lfc-a2apb.r36	-	250000000	1	397239552	16	380
lfc-a2apb.r37	-	250000000	1	109490816	17	105
lfc-a2apb.r38	-	250000000	1	359490816	17	344
lfc-a2apb.r39	-	250000000	1	71742080	18	69
lfc-a2apb.r40	-	250000000	1	321742080	18	308
lfc-a2apb.r41	-	250000000	1	33993344	19	33
lfc-a2apb.r42	-	250000000	1	283993344	19	272
lfc-a2apb.r43	-	250000000	1	533993344	19	511
lfc-a2apb.r44	-	250000000	1	246854272	20	236
lfc-a2apb.r45	-	250000000	1	496854272	20	475
lfc-a2apb.r46	-	250000000	1	209105536	21	200
lfc-a2apb.r47	-	250000000	1	459105536	21	439
lfc-a2apb.r48	-	250000000	1	171356800	22	164
lfc-a2apb.r49	-	250000000	1	421356800	22	403
lfc-a2apb.r50	-	250000000	1	133608064	23	128
lfc-a2apb.r51	-	250000000	1	383608064	23	367
lfc-a2apb.r52	-	250000000	1	95859328	24	92
lfc-a2apb.r53	-	250000000	1	345859328	24	331
lfc-a2apb.r54	-	250000000	1	58110592	25	56
lfc-a2apb.r55	-	250000000	1	308110592	25	295
lfc-a2apb.r56	-	84091530	1	20361856	26	20
lfc-a2apb.rar	-	250000000	1	104453386	26	101
lfc-a2apb.sfv	-	1392	1	354453386	26	340
lfc-a2aqb.nfo	-	6901	1	354454778	26	341
Proof	d	0	1	354461679	26	342
Proof/lfc-a2apb.jpg	-	487670	1	354461679	26	342
