v-inmost_v393216.nfo	-	5980	1	0	0	0
v-inmost_v393216.r00	-	50000000	1	5980	0	1
v-inmost_v393216.r01	-	50000000	1	50005980	0	49
v-inmost_v393216.r02	-	50000000	1	100005980	0	97
v-inmost_v393216.r03	-	50000000	1	150005980	0	145
v-inmost_v393216.r04	-	50000000	1	200005980	0	193
v-inmost_v393216.r05	-	50000000	1	250005980	0	241
v-inmost_v393216.r06	-	50000000	1	300005980	0	289
v-inmost_v393216.r07	-	50000000	1	350005980	0	337
v-inmost_v393216.r08	-	21694169	1	400005980	0	385
v-inmost_v393216.rar	-	50000000	1	421700149	0	406
v-inmost_v393216.sfv	-	310	1	471700149	0	454
