v-finding_paradise_v131072.nfo	-	5278	1	0	0	0
v-finding_paradise_v131072.r00	-	100000000	1	5278	0	1
v-finding_paradise_v131072.r01	-	100000000	1	100005278	0	97
v-finding_paradise_v131072.r02	-	100000000	1	200005278	0	193
v-finding_paradise_v131072.r03	-	100000000	1	300005278	0	289
v-finding_paradise_v131072.r04	-	100000000	1	400005278	0	385
v-finding_paradise_v131072.r05	-	100000000	1	500005278	0	481
v-finding_paradise_v131072.r06	-	43400779	1	62251264	1	60
v-finding_paradise_v131072.rar	-	100000000	1	105652043	1	102
v-finding_paradise_v131072.sfv	-	328	1	205652043	1	198
