cat-anm4a.jpg	-	933711	1	0	0	0
cat-anm4a.nfo	-	12474	1	933711	0	1
cat-anm4a.r00	-	50000000	1	946185	0	2
cat-anm4a.r01	-	50000000	1	50946185	0	50
cat-anm4a.r02	-	50000000	1	100946185	0	98
cat-anm4a.r03	-	50000000	1	150946185	0	146
cat-anm4a.r04	-	50000000	1	200946185	0	194
cat-anm4a.r05	-	50000000	1	250946185	0	242
cat-anm4a.r06	-	50000000	1	300946185	0	290
cat-anm4a.r07	-	50000000	1	350946185	0	338
cat-anm4a.r08	-	50000000	1	400946185	0	386
cat-anm4a.r09	-	50000000	1	450946185	0	434
cat-anm4a.r10	-	50000000	1	500946185	0	482
cat-anm4a.r11	-	50000000	1	13299840	1	13
cat-anm4a.r12	-	50000000	1	63299840	1	61
cat-anm4a.r13	-	50000000	1	113299840	1	109
cat-anm4a.r14	-	50000000	1	163299840	1	157
cat-anm4a.r15	-	50000000	1	213299840	1	205
cat-anm4a.r16	-	50000000	1	263299840	1	253
cat-anm4a.r17	-	26427400	1	313299840	1	301
cat-anm4a.rar	-	50000000	1	339727240	1	327
cat-anm4a.sfv	-	456	1	389727240	1	375
