sxs-pato_box_v196608.nfo	-	5588	1	0	0	0
sxs-pato_box_v196608.r00	-	50000000	1	5588	0	1
sxs-pato_box_v196608.r01	-	50000000	1	50005588	0	49
sxs-pato_box_v196608.r02	-	50000000	1	100005588	0	97
sxs-pato_box_v196608.r03	-	50000000	1	150005588	0	145
sxs-pato_box_v196608.r04	-	50000000	1	200005588	0	193
sxs-pato_box_v196608.r05	-	50000000	1	250005588	0	241
sxs-pato_box_v196608.r06	-	50000000	1	300005588	0	289
sxs-pato_box_v196608.r07	-	33653987	1	350005588	0	337
sxs-pato_box_v196608.rar	-	50000000	1	383659575	0	370
sxs-pato_box_v196608.sfv	-	315	1	433659575	0	418
