v-doom_ii_classic_v655360.nfo	-	4888	1	0	0	0
v-doom_ii_classic_v655360.r00	-	50000000	1	4888	0	1
v-doom_ii_classic_v655360.r01	-	50000000	1	50004888	0	49
v-doom_ii_classic_v655360.r02	-	50000000	1	100004888	0	97
v-doom_ii_classic_v655360.r03	-	50000000	1	150004888	0	145
v-doom_ii_classic_v655360.r04	-	50000000	1	200004888	0	193
v-doom_ii_classic_v655360.r05	-	50000000	1	250004888	0	241
v-doom_ii_classic_v655360.r06	-	50000000	1	300004888	0	289
v-doom_ii_classic_v655360.r07	-	31502277	1	350004888	0	337
v-doom_ii_classic_v655360.rar	-	50000000	1	381507165	0	368
v-doom_ii_classic_v655360.sfv	-	360	1	431507165	0	416
