sxs-cult_of_the_lamb_v524288.nfo	-	5588	1	0	0	0
sxs-cult_of_the_lamb_v524288.r00	-	100000000	1	5588	0	1
sxs-cult_of_the_lamb_v524288.r01	-	100000000	1	100005588	0	97
sxs-cult_of_the_lamb_v524288.r02	-	100000000	1	200005588	0	193
sxs-cult_of_the_lamb_v524288.r03	-	100000000	1	300005588	0	289
sxs-cult_of_the_lamb_v524288.r04	-	100000000	1	400005588	0	385
sxs-cult_of_the_lamb_v524288.r05	-	100000000	1	500005588	0	481
sxs-cult_of_the_lamb_v524288.r06	-	100000000	1	62251264	1	60
sxs-cult_of_the_lamb_v524288.r07	-	100000000	1	162251264	1	156
sxs-cult_of_the_lamb_v524288.r08	-	100000000	1	262251264	1	252
sxs-cult_of_the_lamb_v524288.r09	-	100000000	1	362251264	1	348
sxs-cult_of_the_lamb_v524288.r10	-	88819636	1	462251264	1	444
sxs-cult_of_the_lamb_v524288.rar	-	100000000	1	13322164	2	13
sxs-cult_of_the_lamb_v524288.sfv	-	516	1	113322164	2	109
