hr-ar6sa.nfo	-	20150	1	0	0	0
hr-ar6sa.r00	-	50000000	1	20150	0	1
hr-ar6sa.r01	-	50000000	1	50020150	0	49
hr-ar6sa.r02	-	50000000	1	100020150	0	97
hr-ar6sa.r03	-	50000000	1	150020150	0	145
hr-ar6sa.r04	-	50000000	1	200020150	0	193
hr-ar6sa.r05	-	50000000	1	250020150	0	241
hr-ar6sa.r06	-	50000000	1	300020150	0	289
hr-ar6sa.r07	-	50000000	1	350020150	0	337
hr-ar6sa.r08	-	50000000	1	400020150	0	385
hr-ar6sa.r09	-	50000000	1	450020150	0	433
hr-ar6sa.r10	-	7945189	1	500020150	0	481
hr-ar6sa.rar	-	50000000	1	507965339	0	489
hr-ar6sa.sfv	-	276	1	20639872	1	20
Proof	d	0	1	20640148	1	21
Proof/hr-ar6sa.jpg	-	338670	1	20640148	1	21
