sxs-minecraft_v3145728.nfo	-	4028	1	0	0	0
sxs-minecraft_v3145728.r00	-	50000000	1	4028	0	1
sxs-minecraft_v3145728.r01	-	50000000	1	50004028	0	49
sxs-minecraft_v3145728.r02	-	50000000	1	100004028	0	97
sxs-minecraft_v3145728.r03	-	50000000	1	150004028	0	145
sxs-minecraft_v3145728.r04	-	50000000	1	200004028	0	193
sxs-minecraft_v3145728.r05	-	50000000	1	250004028	0	241
sxs-minecraft_v3145728.r06	-	50000000	1	300004028	0	289
sxs-minecraft_v3145728.r07	-	50000000	1	350004028	0	337
sxs-minecraft_v3145728.r08	-	50000000	1	400004028	0	385
sxs-minecraft_v3145728.r09	-	50000000	1	450004028	0	433
sxs-minecraft_v3145728.r10	-	50000000	1	500004028	0	481
sxs-minecraft_v3145728.r11	-	50000000	1	12251264	1	12
sxs-minecraft_v3145728.r12	-	50000000	1	62251264	1	60
sxs-minecraft_v3145728.r13	-	50000000	1	112251264	1	108
sxs-minecraft_v3145728.r14	-	17896842	1	162251264	1	156
sxs-minecraft_v3145728.rar	-	50000000	1	180148106	1	174
sxs-minecraft_v3145728.sfv	-	592	1	230148106	1	222
