sxs-minecraft_legends_v524288.nfo	-	4574	1	0	0	0
sxs-minecraft_legends_v524288.r00	-	100000000	1	4574	0	1
sxs-minecraft_legends_v524288.r01	-	100000000	1	100004574	0	97
sxs-minecraft_legends_v524288.r02	-	100000000	1	200004574	0	193
sxs-minecraft_legends_v524288.r03	-	100000000	1	300004574	0	289
sxs-minecraft_legends_v524288.r04	-	100000000	1	400004574	0	385
sxs-minecraft_legends_v524288.r05	-	100000000	1	500004574	0	481
sxs-minecraft_legends_v524288.r06	-	100000000	1	62251264	1	60
sxs-minecraft_legends_v524288.r07	-	100000000	1	162251264	1	156
sxs-minecraft_legends_v524288.r08	-	100000000	1	262251264	1	252
sxs-minecraft_legends_v524288.r09	-	5269498	1	362251264	1	348
sxs-minecraft_legends_v524288.rar	-	100000000	1	367520762	1	354
sxs-minecraft_legends_v524288.sfv	-	484	1	467520762	1	450
