w-rugbychallenge4.nfo	-	9338	1	0	0	0
w-rugbychallenge4.r00	-	150000000	1	9338	0	1
w-rugbychallenge4.r01	-	150000000	1	150009338	0	145
w-rugbychallenge4.r02	-	150000000	1	300009338	0	289
w-rugbychallenge4.r03	-	150000000	1	450009338	0	433
w-rugbychallenge4.r04	-	150000000	1	62968192	1	61
w-rugbychallenge4.r05	-	150000000	1	212968192	1	205
w-rugbychallenge4.r06	-	150000000	1	362968192	1	349
w-rugbychallenge4.r07	-	150000000	1	512968192	1	493
w-rugbychallenge4.r08	-	150000000	1	125882752	2	121
w-rugbychallenge4.r09	-	150000000	1	275882752	2	265
w-rugbychallenge4.r10	-	150000000	1	425882752	2	409
w-rugbychallenge4.r11	-	150000000	1	38850944	3	38
w-rugbychallenge4.r12	-	150000000	1	188850944	3	182
w-rugbychallenge4.r13	-	150000000	1	338850944	3	326
w-rugbychallenge4.r14	-	150000000	1	488850944	3	470
w-rugbychallenge4.r15	-	150000000	1	101765504	4	98
w-rugbychallenge4.r16	-	150000000	1	251765504	4	242
w-rugbychallenge4.r17	-	150000000	1	401765504	4	386
w-rugbychallenge4.r18	-	150000000	1	14733696	5	15
w-rugbychallenge4.r19	-	150000000	1	164733696	5	159
w-rugbychallenge4.r20	-	150000000	1	314733696	5	303
w-rugbychallenge4.r21	-	150000000	1	464733696	5	447
w-rugbychallenge4.r22	-	150000000	1	77648256	6	75
w-rugbychallenge4.r23	-	150000000	1	227648256	6	219
w-rugbychallenge4.r24	-	150000000	1	377648256	6	363
w-rugbychallenge4.r25	-	150000000	1	527648256	6	507
w-rugbychallenge4.r26	-	150000000	1	140562816	7	135
w-rugbychallenge4.r27	-	150000000	1	290562816	7	279
w-rugbychallenge4.r28	-	150000000	1	440562816	7	423
w-rugbychallenge4.r29	-	150000000	1	53531008	8	52
w-rugbychallenge4.r30	-	150000000	1	203531008	8	196
w-rugbychallenge4.r31	-	150000000	1	353531008	8	340
w-rugbychallenge4.r32	-	150000000	1	503531008	8	484
w-rugbychallenge4.r33	-	150000000	1	116445568	9	112
w-rugbychallenge4.r34	-	150000000	1	266445568	9	256
w-rugbychallenge4.r35	-	150000000	1	416445568	9	400
w-rugbychallenge4.r36	-	150000000	1	29413760	10	29
w-rugbychallenge4.r37	-	150000000	1	179413760	10	173
w-rugbychallenge4.r38	-	150000000	1	329413760	10	317
w-rugbychallenge4.r39	-	150000000	1	479413760	10	461
w-rugbychallenge4.r40	-	150000000	1	92328320	11	89
w-rugbychallenge4.r41	-	150000000	1	242328320	11	233
w-rugbychallenge4.r42	-	150000000	1	392328320	11	377
w-rugbychallenge4.r43	-	150000000	1	5296512	12	6
w-rugbychallenge4.r44	-	150000000	1	155296512	12	150
w-rugbychallenge4.r45	-	150000000	1	305296512	12	294
w-rugbychallenge4.r46	-	150000000	1	455296512	12	438
w-rugbychallenge4.r47	-	150000000	1	68211072	13	66
w-rugbychallenge4.r48	-	150000000	1	218211072	13	210
w-rugbychallenge4.r49	-	150000000	1	368211072	13	354
w-rugbychallenge4.r50	-	150000000	1	518211072	13	498
w-rugbychallenge4.r51	-	150000000	1	131125632	14	126
w-rugbychallenge4.r52	-	150000000	1	281125632	14	270
w-rugbychallenge4.r53	-	150000000	1	431125632	14	414
w-rugbychallenge4.r54	-	150000000	1	44093824	15	43
w-rugbychallenge4.r55	-	150000000	1	194093824	15	187
w-rugbychallenge4.r56	-	150000000	1	344093824	15	331
w-rugbychallenge4.r57	-	150000000	1	494093824	15	475
w-rugbychallenge4.r58	-	150000000	1	107008384	16	103
w-rugbychallenge4.r59	-	150000000	1	257008384	16	247
w-rugbychallenge4.r60	-	150000000	1	407008384	16	391
w-rugbychallenge4.r61	-	150000000	1	19976576	17	20
w-rugbychallenge4.r62	-	150000000	1	169976576	17	164
w-rugbychallenge4.r63	-	150000000	1	319976576	17	308
w-rugbychallenge4.r64	-	150000000	1	469976576	17	452
w-rugbychallenge4.r65	-	150000000	1	82891136	18	80
w-rugbychallenge4.r66	-	150000000	1	232891136	18	224
w-rugbychallenge4.r67	-	150000000	1	382891136	18	368
w-rugbychallenge4.r68	-	150000000	1	532891136	18	512
w-rugbychallenge4.r69	-	150000000	1	145805696	19	140
w-rugbychallenge4.r70	-	150000000	1	295805696	19	284
w-rugbychallenge4.r71	-	136209996	1	445805696	19	428
w-rugbychallenge4.rar	-	150000000	1	44983884	20	43
w-rugbychallenge4.sfv	-	2336	1	194983884	20	187
