v-lets_sing_2024_v131072.nfo	-	9568	1	0	0	0
v-lets_sing_2024_v131072.r00	-	100000000	1	9568	0	1
v-lets_sing_2024_v131072.r01	-	100000000	1	100009568	0	97
v-lets_sing_2024_v131072.r02	-	100000000	1	200009568	0	193
v-lets_sing_2024_v131072.r03	-	100000000	1	300009568	0	289
v-lets_sing_2024_v131072.r04	-	100000000	1	400009568	0	385
v-lets_sing_2024_v131072.r05	-	100000000	1	500009568	0	481
v-lets_sing_2024_v131072.r06	-	100000000	1	62251264	1	60
v-lets_sing_2024_v131072.r07	-	100000000	1	162251264	1	156
v-lets_sing_2024_v131072.r08	-	100000000	1	262251264	1	252
v-lets_sing_2024_v131072.r09	-	100000000	1	362251264	1	348
v-lets_sing_2024_v131072.r10	-	11297682	1	462251264	1	444
v-lets_sing_2024_v131072.rar	-	100000000	1	473548946	1	455
v-lets_sing_2024_v131072.sfv	-	468	1	36036864	2	35
