v-horizc_v1441792.nfo	-	5668	1	0	0	0
v-horizc_v1441792.r00	-	50000000	1	5668	0	1
v-horizc_v1441792.r01	-	50000000	1	50005668	0	49
v-horizc_v1441792.r02	-	50000000	1	100005668	0	97
v-horizc_v1441792.r03	-	50000000	1	150005668	0	145
v-horizc_v1441792.r04	-	50000000	1	200005668	0	193
v-horizc_v1441792.r05	-	50000000	1	250005668	0	241
v-horizc_v1441792.r06	-	50000000	1	300005668	0	289
v-horizc_v1441792.r07	-	50000000	1	350005668	0	337
v-horizc_v1441792.r08	-	50000000	1	400005668	0	385
v-horizc_v1441792.r09	-	50000000	1	450005668	0	433
v-horizc_v1441792.r10	-	50000000	1	500005668	0	481
v-horizc_v1441792.r11	-	50000000	1	12251264	1	12
v-horizc_v1441792.r12	-	50000000	1	62251264	1	60
v-horizc_v1441792.r13	-	50000000	1	112251264	1	108
v-horizc_v1441792.r14	-	50000000	1	162251264	1	156
v-horizc_v1441792.r15	-	50000000	1	212251264	1	204
v-horizc_v1441792.r16	-	50000000	1	262251264	1	252
v-horizc_v1441792.r17	-	50000000	1	312251264	1	300
v-horizc_v1441792.r18	-	50000000	1	362251264	1	348
v-horizc_v1441792.r19	-	50000000	1	412251264	1	396
v-horizc_v1441792.r20	-	50000000	1	462251264	1	444
v-horizc_v1441792.r21	-	50000000	1	512251264	1	492
v-horizc_v1441792.r22	-	50000000	1	24834176	2	24
v-horizc_v1441792.r23	-	2077221	1	74834176	2	72
v-horizc_v1441792.rar	-	50000000	1	76911397	2	74
v-horizc_v1441792.sfv	-	800	1	126911397	2	122
