v-grip_v327680.nfo	-	15808	1	0	0	0
v-grip_v327680.r00	-	50000000	1	15808	0	1
v-grip_v327680.r01	-	50000000	1	50015808	0	49
v-grip_v327680.r02	-	50000000	1	100015808	0	97
v-grip_v327680.r03	-	50000000	1	150015808	0	145
v-grip_v327680.r04	-	50000000	1	200015808	0	193
v-grip_v327680.r05	-	50000000	1	250015808	0	241
v-grip_v327680.r06	-	50000000	1	300015808	0	289
v-grip_v327680.r07	-	50000000	1	350015808	0	337
v-grip_v327680.r08	-	50000000	1	400015808	0	385
v-grip_v327680.r09	-	50000000	1	450015808	0	433
v-grip_v327680.r10	-	50000000	1	500015808	0	481
v-grip_v327680.r11	-	50000000	1	12251264	1	12
v-grip_v327680.r12	-	50000000	1	62251264	1	60
v-grip_v327680.r13	-	50000000	1	112251264	1	108
v-grip_v327680.r14	-	50000000	1	162251264	1	156
v-grip_v327680.r15	-	50000000	1	212251264	1	204
v-grip_v327680.r16	-	50000000	1	262251264	1	252
v-grip_v327680.r17	-	50000000	1	312251264	1	300
v-grip_v327680.r18	-	50000000	1	362251264	1	348
v-grip_v327680.r19	-	50000000	1	412251264	1	396
v-grip_v327680.r20	-	50000000	1	462251264	1	444
v-grip_v327680.r21	-	50000000	1	512251264	1	492
v-grip_v327680.r22	-	50000000	1	24834176	2	24
v-grip_v327680.r23	-	50000000	1	74834176	2	72
v-grip_v327680.r24	-	50000000	1	124834176	2	120
v-grip_v327680.r25	-	50000000	1	174834176	2	168
v-grip_v327680.r26	-	50000000	1	224834176	2	216
v-grip_v327680.r27	-	50000000	1	274834176	2	264
v-grip_v327680.r28	-	50000000	1	324834176	2	312
v-grip_v327680.r29	-	50000000	1	374834176	2	360
v-grip_v327680.r30	-	50000000	1	424834176	2	408
v-grip_v327680.r31	-	50000000	1	474834176	2	456
v-grip_v327680.r32	-	50000000	1	524834176	2	504
v-grip_v327680.r33	-	50000000	1	37417088	3	36
v-grip_v327680.r34	-	50000000	1	87417088	3	84
v-grip_v327680.r35	-	50000000	1	137417088	3	132
v-grip_v327680.r36	-	50000000	1	187417088	3	180
v-grip_v327680.r37	-	50000000	1	237417088	3	228
v-grip_v327680.r38	-	50000000	1	287417088	3	276
v-grip_v327680.r39	-	48114965	1	337417088	3	324
v-grip_v327680.rar	-	50000000	1	385532053	3	370
v-grip_v327680.sfv	-	1189	1	435532053	3	418
