v-pentiment.nfo	-	5824	1	0	0	0
v-pentiment.r00	-	100000000	1	5824	0	1
v-pentiment.r01	-	100000000	1	100005824	0	97
v-pentiment.r02	-	100000000	1	200005824	0	193
v-pentiment.r03	-	100000000	1	300005824	0	289
v-pentiment.r04	-	100000000	1	400005824	0	385
v-pentiment.r05	-	100000000	1	500005824	0	481
v-pentiment.r06	-	100000000	1	62251264	1	60
v-pentiment.r07	-	100000000	1	162251264	1	156
v-pentiment.r08	-	100000000	1	262251264	1	252
v-pentiment.r09	-	100000000	1	362251264	1	348
v-pentiment.r10	-	100000000	1	462251264	1	444
v-pentiment.r11	-	100000000	1	24502528	2	24
v-pentiment.r12	-	100000000	1	124502528	2	120
v-pentiment.r13	-	100000000	1	224502528	2	216
v-pentiment.r14	-	100000000	1	324502528	2	312
v-pentiment.r15	-	100000000	1	424502528	2	408
v-pentiment.r16	-	100000000	1	524502528	2	504
v-pentiment.r17	-	100000000	1	87417088	3	84
v-pentiment.r18	-	100000000	1	187417088	3	180
v-pentiment.r19	-	100000000	1	287417088	3	276
v-pentiment.r20	-	100000000	1	387417088	3	372
v-pentiment.r21	-	100000000	1	487417088	3	468
v-pentiment.r22	-	100000000	1	49668352	4	48
v-pentiment.r23	-	100000000	1	149668352	4	144
v-pentiment.r24	-	100000000	1	249668352	4	240
v-pentiment.r25	-	100000000	1	349668352	4	336
v-pentiment.r26	-	100000000	1	449668352	4	432
v-pentiment.r27	-	100000000	1	11919616	5	12
v-pentiment.r28	-	100000000	1	111919616	5	108
v-pentiment.r29	-	100000000	1	211919616	5	204
v-pentiment.r30	-	100000000	1	311919616	5	300
v-pentiment.r31	-	100000000	1	411919616	5	396
v-pentiment.r32	-	100000000	1	511919616	5	492
v-pentiment.r33	-	100000000	1	74834176	6	72
v-pentiment.r34	-	100000000	1	174834176	6	168
v-pentiment.r35	-	100000000	1	274834176	6	264
v-pentiment.r36	-	100000000	1	374834176	6	360
v-pentiment.r37	-	100000000	1	474834176	6	456
v-pentiment.r38	-	100000000	1	37085440	7	36
v-pentiment.r39	-	100000000	1	137085440	7	132
v-pentiment.r40	-	100000000	1	237085440	7	228
v-pentiment.r41	-	100000000	1	337085440	7	324
v-pentiment.r42	-	100000000	1	437085440	7	420
v-pentiment.r43	-	100000000	1	0	8	0
v-pentiment.r44	-	100000000	1	100000000	8	96
v-pentiment.r45	-	13569874	1	200000000	8	192
v-pentiment.rar	-	100000000	1	213569874	8	205
v-pentiment.sfv	-	1222	1	313569874	8	301
