sxs-little_witch_nobeta_v327680.nfo	-	4028	1	0	0	0
sxs-little_witch_nobeta_v327680.r00	-	100000000	1	4028	0	1
sxs-little_witch_nobeta_v327680.r01	-	100000000	1	100004028	0	97
sxs-little_witch_nobeta_v327680.r02	-	100000000	1	200004028	0	193
sxs-little_witch_nobeta_v327680.r03	-	100000000	1	300004028	0	289
sxs-little_witch_nobeta_v327680.r04	-	100000000	1	400004028	0	385
sxs-little_witch_nobeta_v327680.r05	-	100000000	1	500004028	0	481
sxs-little_witch_nobeta_v327680.r06	-	100000000	1	62251264	1	60
sxs-little_witch_nobeta_v327680.r07	-	100000000	1	162251264	1	156
sxs-little_witch_nobeta_v327680.r08	-	100000000	1	262251264	1	252
sxs-little_witch_nobeta_v327680.r09	-	100000000	1	362251264	1	348
sxs-little_witch_nobeta_v327680.r10	-	100000000	1	462251264	1	444
sxs-little_witch_nobeta_v327680.r11	-	100000000	1	24502528	2	24
sxs-little_witch_nobeta_v327680.r12	-	100000000	1	124502528	2	120
sxs-little_witch_nobeta_v327680.r13	-	100000000	1	224502528	2	216
sxs-little_witch_nobeta_v327680.r14	-	100000000	1	324502528	2	312
sxs-little_witch_nobeta_v327680.r15	-	100000000	1	424502528	2	408
sxs-little_witch_nobeta_v327680.r16	-	100000000	1	524502528	2	504
sxs-little_witch_nobeta_v327680.r17	-	100000000	1	87417088	3	84
sxs-little_witch_nobeta_v327680.r18	-	100000000	1	187417088	3	180
sxs-little_witch_nobeta_v327680.r19	-	100000000	1	287417088	3	276
sxs-little_witch_nobeta_v327680.r20	-	11249995	1	387417088	3	372
sxs-little_witch_nobeta_v327680.rar	-	100000000	1	398667083	3	383
sxs-little_witch_nobeta_v327680.sfv	-	1012	1	498667083	3	479
