v-tetris99.nfo	-	6058	1	0	0	0
v-tetris99.r00	-	50000000	1	6058	0	1
v-tetris99.r01	-	50000000	1	50006058	0	49
v-tetris99.r02	-	50000000	1	100006058	0	97
v-tetris99.r03	-	50000000	1	150006058	0	145
v-tetris99.r04	-	50000000	1	200006058	0	193
v-tetris99.r05	-	50000000	1	250006058	0	241
v-tetris99.r06	-	50000000	1	300006058	0	289
v-tetris99.r07	-	50000000	1	350006058	0	337
v-tetris99.r08	-	50000000	1	400006058	0	385
v-tetris99.r09	-	2610360	1	450006058	0	433
v-tetris99.rar	-	50000000	1	452616418	0	436
v-tetris99.sfv	-	275	1	502616418	0	484
