v-diablo3_v1179648.nfo	-	8320	1	0	0	0
v-diablo3_v1179648.r00	-	50000000	1	8320	0	1
v-diablo3_v1179648.r01	-	50000000	1	50008320	0	49
v-diablo3_v1179648.r02	-	50000000	1	100008320	0	97
v-diablo3_v1179648.r03	-	50000000	1	150008320	0	145
v-diablo3_v1179648.r04	-	50000000	1	200008320	0	193
v-diablo3_v1179648.r05	-	50000000	1	250008320	0	241
v-diablo3_v1179648.r06	-	50000000	1	300008320	0	289
v-diablo3_v1179648.r07	-	50000000	1	350008320	0	337
v-diablo3_v1179648.r08	-	50000000	1	400008320	0	385
v-diablo3_v1179648.r09	-	50000000	1	450008320	0	433
v-diablo3_v1179648.r10	-	50000000	1	500008320	0	481
v-diablo3_v1179648.r11	-	50000000	1	12251264	1	12
v-diablo3_v1179648.r12	-	50000000	1	62251264	1	60
v-diablo3_v1179648.r13	-	50000000	1	112251264	1	108
v-diablo3_v1179648.r14	-	50000000	1	162251264	1	156
v-diablo3_v1179648.r15	-	50000000	1	212251264	1	204
v-diablo3_v1179648.r16	-	50000000	1	262251264	1	252
v-diablo3_v1179648.r17	-	50000000	1	312251264	1	300
v-diablo3_v1179648.r18	-	50000000	1	362251264	1	348
v-diablo3_v1179648.r19	-	50000000	1	412251264	1	396
v-diablo3_v1179648.r20	-	50000000	1	462251264	1	444
v-diablo3_v1179648.r21	-	50000000	1	512251264	1	492
v-diablo3_v1179648.r22	-	50000000	1	24834176	2	24
v-diablo3_v1179648.r23	-	50000000	1	74834176	2	72
v-diablo3_v1179648.r24	-	50000000	1	124834176	2	120
v-diablo3_v1179648.r25	-	50000000	1	174834176	2	168
v-diablo3_v1179648.r26	-	50000000	1	224834176	2	216
v-diablo3_v1179648.r27	-	50000000	1	274834176	2	264
v-diablo3_v1179648.r28	-	50000000	1	324834176	2	312
v-diablo3_v1179648.r29	-	50000000	1	374834176	2	360
v-diablo3_v1179648.r30	-	50000000	1	424834176	2	408
v-diablo3_v1179648.r31	-	50000000	1	474834176	2	456
v-diablo3_v1179648.r32	-	50000000	1	524834176	2	504
v-diablo3_v1179648.r33	-	50000000	1	37417088	3	36
v-diablo3_v1179648.r34	-	50000000	1	87417088	3	84
v-diablo3_v1179648.r35	-	50000000	1	137417088	3	132
v-diablo3_v1179648.r36	-	50000000	1	187417088	3	180
v-diablo3_v1179648.r37	-	50000000	1	237417088	3	228
v-diablo3_v1179648.r38	-	50000000	1	287417088	3	276
v-diablo3_v1179648.r39	-	50000000	1	337417088	3	324
v-diablo3_v1179648.r40	-	50000000	1	387417088	3	372
v-diablo3_v1179648.r41	-	50000000	1	437417088	3	420
v-diablo3_v1179648.r42	-	50000000	1	487417088	3	468
v-diablo3_v1179648.r43	-	50000000	1	0	4	0
v-diablo3_v1179648.r44	-	50000000	1	50000000	4	48
v-diablo3_v1179648.r45	-	50000000	1	100000000	4	96
v-diablo3_v1179648.r46	-	50000000	1	150000000	4	144
v-diablo3_v1179648.r47	-	50000000	1	200000000	4	192
v-diablo3_v1179648.r48	-	50000000	1	250000000	4	240
v-diablo3_v1179648.r49	-	50000000	1	300000000	4	288
v-diablo3_v1179648.r50	-	50000000	1	350000000	4	336
v-diablo3_v1179648.r51	-	50000000	1	400000000	4	384
v-diablo3_v1179648.r52	-	50000000	1	450000000	4	432
v-diablo3_v1179648.r53	-	50000000	1	500000000	4	480
v-diablo3_v1179648.r54	-	50000000	1	12251264	5	12
v-diablo3_v1179648.r55	-	50000000	1	62251264	5	60
v-diablo3_v1179648.r56	-	50000000	1	112251264	5	108
v-diablo3_v1179648.r57	-	50000000	1	162251264	5	156
v-diablo3_v1179648.r58	-	50000000	1	212251264	5	204
v-diablo3_v1179648.r59	-	50000000	1	262251264	5	252
v-diablo3_v1179648.r60	-	50000000	1	312251264	5	300
v-diablo3_v1179648.r61	-	50000000	1	362251264	5	348
v-diablo3_v1179648.r62	-	50000000	1	412251264	5	396
v-diablo3_v1179648.r63	-	50000000	1	462251264	5	444
v-diablo3_v1179648.r64	-	50000000	1	512251264	5	492
v-diablo3_v1179648.r65	-	50000000	1	24834176	6	24
v-diablo3_v1179648.r66	-	50000000	1	74834176	6	72
v-diablo3_v1179648.r67	-	50000000	1	124834176	6	120
v-diablo3_v1179648.r68	-	9569975	1	174834176	6	168
v-diablo3_v1179648.rar	-	50000000	1	184404151	6	178
v-diablo3_v1179648.sfv	-	2310	1	234404151	6	226
