hr-a45ubv65536.nfo	-	11258	1	0	0	0
hr-a45ubv65536.r00	-	50000000	1	11258	0	1
hr-a45ubv65536.r01	-	50000000	1	50011258	0	49
hr-a45ubv65536.r02	-	50000000	1	100011258	0	97
hr-a45ubv65536.r03	-	50000000	1	150011258	0	145
hr-a45ubv65536.r04	-	50000000	1	200011258	0	193
hr-a45ubv65536.r05	-	50000000	1	250011258	0	241
hr-a45ubv65536.r06	-	50000000	1	300011258	0	289
hr-a45ubv65536.r07	-	50000000	1	350011258	0	337
hr-a45ubv65536.r08	-	50000000	1	400011258	0	385
hr-a45ubv65536.r09	-	50000000	1	450011258	0	433
hr-a45ubv65536.r10	-	50000000	1	500011258	0	481
hr-a45ubv65536.r11	-	50000000	1	12251264	1	12
hr-a45ubv65536.r12	-	50000000	1	62251264	1	60
hr-a45ubv65536.r13	-	50000000	1	112251264	1	108
hr-a45ubv65536.r14	-	50000000	1	162251264	1	156
hr-a45ubv65536.r15	-	50000000	1	212251264	1	204
hr-a45ubv65536.r16	-	50000000	1	262251264	1	252
hr-a45ubv65536.r17	-	13331143	1	312251264	1	300
hr-a45ubv65536.rar	-	50000000	1	325582407	1	313
hr-a45ubv65536.sfv	-	551	1	375582407	1	361
