n-pokemonsnap.nfo	-	6072	1	0	0	0
n-pokemonsnap.r00	-	100000000	1	6072	0	1
n-pokemonsnap.r01	-	100000000	1	100006072	0	97
n-pokemonsnap.r02	-	100000000	1	200006072	0	193
n-pokemonsnap.r03	-	100000000	1	300006072	0	289
n-pokemonsnap.r04	-	100000000	1	400006072	0	385
n-pokemonsnap.r05	-	100000000	1	500006072	0	481
n-pokemonsnap.r06	-	100000000	1	62251264	1	60
n-pokemonsnap.r07	-	100000000	1	162251264	1	156
n-pokemonsnap.r08	-	100000000	1	262251264	1	252
n-pokemonsnap.r09	-	100000000	1	362251264	1	348
n-pokemonsnap.r10	-	100000000	1	462251264	1	444
n-pokemonsnap.r11	-	100000000	1	24502528	2	24
n-pokemonsnap.r12	-	100000000	1	124502528	2	120
n-pokemonsnap.r13	-	100000000	1	224502528	2	216
n-pokemonsnap.r14	-	100000000	1	324502528	2	312
n-pokemonsnap.r15	-	100000000	1	424502528	2	408
n-pokemonsnap.r16	-	100000000	1	524502528	2	504
n-pokemonsnap.r17	-	100000000	1	87417088	3	84
n-pokemonsnap.r18	-	100000000	1	187417088	3	180
n-pokemonsnap.r19	-	100000000	1	287417088	3	276
n-pokemonsnap.r20	-	100000000	1	387417088	3	372
n-pokemonsnap.r21	-	100000000	1	487417088	3	468
n-pokemonsnap.r22	-	100000000	1	49668352	4	48
n-pokemonsnap.r23	-	100000000	1	149668352	4	144
n-pokemonsnap.r24	-	100000000	1	249668352	4	240
n-pokemonsnap.r25	-	100000000	1	349668352	4	336
n-pokemonsnap.r26	-	100000000	1	449668352	4	432
n-pokemonsnap.r27	-	100000000	1	11919616	5	12
n-pokemonsnap.r28	-	100000000	1	111919616	5	108
n-pokemonsnap.r29	-	100000000	1	211919616	5	204
n-pokemonsnap.r30	-	100000000	1	311919616	5	300
n-pokemonsnap.r31	-	100000000	1	411919616	5	396
n-pokemonsnap.r32	-	100000000	1	511919616	5	492
n-pokemonsnap.r33	-	100000000	1	74834176	6	72
n-pokemonsnap.r34	-	100000000	1	174834176	6	168
n-pokemonsnap.r35	-	100000000	1	274834176	6	264
n-pokemonsnap.r36	-	100000000	1	374834176	6	360
n-pokemonsnap.r37	-	100000000	1	474834176	6	456
n-pokemonsnap.r38	-	100000000	1	37085440	7	36
n-pokemonsnap.r39	-	100000000	1	137085440	7	132
n-pokemonsnap.r40	-	100000000	1	237085440	7	228
n-pokemonsnap.r41	-	100000000	1	337085440	7	324
n-pokemonsnap.r42	-	100000000	1	437085440	7	420
n-pokemonsnap.r43	-	100000000	1	0	8	0
n-pokemonsnap.r44	-	100000000	1	100000000	8	96
n-pokemonsnap.r45	-	100000000	1	200000000	8	192
n-pokemonsnap.r46	-	100000000	1	300000000	8	288
n-pokemonsnap.r47	-	100000000	1	400000000	8	384
n-pokemonsnap.r48	-	100000000	1	500000000	8	480
n-pokemonsnap.r49	-	100000000	1	62251264	9	60
n-pokemonsnap.r50	-	100000000	1	162251264	9	156
n-pokemonsnap.r51	-	100000000	1	262251264	9	252
n-pokemonsnap.r52	-	100000000	1	362251264	9	348
n-pokemonsnap.r53	-	100000000	1	462251264	9	444
n-pokemonsnap.r54	-	100000000	1	24502528	10	24
n-pokemonsnap.r55	-	100000000	1	124502528	10	120
n-pokemonsnap.r56	-	100000000	1	224502528	10	216
n-pokemonsnap.r57	-	100000000	1	324502528	10	312
n-pokemonsnap.r58	-	100000000	1	424502528	10	408
n-pokemonsnap.r59	-	100000000	1	524502528	10	504
n-pokemonsnap.r60	-	100000000	1	87417088	11	84
n-pokemonsnap.r61	-	100000000	1	187417088	11	180
n-pokemonsnap.r62	-	100000000	1	287417088	11	276
n-pokemonsnap.r63	-	100000000	1	387417088	11	372
n-pokemonsnap.r64	-	100000000	1	487417088	11	468
n-pokemonsnap.r65	-	10653598	1	49668352	12	48
n-pokemonsnap.rar	-	100000000	1	60321950	12	59
n-pokemonsnap.sfv	-	1876	1	160321950	12	155
Proof	d	0	1	160323826	12	156
Proof/n-pokemonsnap.jpg	-	2738377	1	160323826	12	156
