v-dave_the_diver_v196608.nfo	-	7150	1	0	0	0
v-dave_the_diver_v196608.r00	-	100000000	1	7150	0	1
v-dave_the_diver_v196608.r01	-	100000000	1	100007150	0	97
v-dave_the_diver_v196608.r02	-	100000000	1	200007150	0	193
v-dave_the_diver_v196608.r03	-	100000000	1	300007150	0	289
v-dave_the_diver_v196608.r04	-	100000000	1	400007150	0	385
v-dave_the_diver_v196608.r05	-	100000000	1	500007150	0	481
v-dave_the_diver_v196608.r06	-	100000000	1	62251264	1	60
v-dave_the_diver_v196608.r07	-	100000000	1	162251264	1	156
v-dave_the_diver_v196608.r08	-	100000000	1	262251264	1	252
v-dave_the_diver_v196608.r09	-	100000000	1	362251264	1	348
v-dave_the_diver_v196608.r10	-	100000000	1	462251264	1	444
v-dave_the_diver_v196608.r11	-	100000000	1	24502528	2	24
v-dave_the_diver_v196608.r12	-	100000000	1	124502528	2	120
v-dave_the_diver_v196608.r13	-	100000000	1	224502528	2	216
v-dave_the_diver_v196608.r14	-	100000000	1	324502528	2	312
v-dave_the_diver_v196608.r15	-	39966343	1	424502528	2	408
v-dave_the_diver_v196608.rar	-	100000000	1	464468871	2	447
v-dave_the_diver_v196608.sfv	-	663	1	26599680	3	26
