v-farm_tycoon_v262144.nfo	-	10660	1	0	0	0
v-farm_tycoon_v262144.r00	-	50000000	1	10660	0	1
v-farm_tycoon_v262144.r01	-	50000000	1	50010660	0	49
v-farm_tycoon_v262144.r02	-	50000000	1	100010660	0	97
v-farm_tycoon_v262144.r03	-	50000000	1	150010660	0	145
v-farm_tycoon_v262144.r04	-	50000000	1	200010660	0	193
v-farm_tycoon_v262144.r05	-	50000000	1	250010660	0	241
v-farm_tycoon_v262144.r06	-	45224115	1	300010660	0	289
v-farm_tycoon_v262144.rar	-	50000000	1	345234775	0	333
v-farm_tycoon_v262144.sfv	-	288	1	395234775	0	381
