sxs-space_cows.nfo	-	5510	1	0	0	0
sxs-space_cows.r00	-	50000000	1	5510	0	1
sxs-space_cows.r01	-	50000000	1	50005510	0	49
sxs-space_cows.r02	-	50000000	1	100005510	0	97
sxs-space_cows.r03	-	50000000	1	150005510	0	145
sxs-space_cows.r04	-	50000000	1	200005510	0	193
sxs-space_cows.r05	-	50000000	1	250005510	0	241
sxs-space_cows.r06	-	50000000	1	300005510	0	289
sxs-space_cows.r07	-	50000000	1	350005510	0	337
sxs-space_cows.r08	-	50000000	1	400005510	0	385
sxs-space_cows.r09	-	50000000	1	450005510	0	433
sxs-space_cows.r10	-	50000000	1	500005510	0	481
sxs-space_cows.r11	-	50000000	1	12251264	1	12
sxs-space_cows.r12	-	50000000	1	62251264	1	60
sxs-space_cows.r13	-	50000000	1	112251264	1	108
sxs-space_cows.r14	-	50000000	1	162251264	1	156
sxs-space_cows.r15	-	50000000	1	212251264	1	204
sxs-space_cows.r16	-	50000000	1	262251264	1	252
sxs-space_cows.r17	-	50000000	1	312251264	1	300
sxs-space_cows.r18	-	50000000	1	362251264	1	348
sxs-space_cows.r19	-	50000000	1	412251264	1	396
sxs-space_cows.r20	-	50000000	1	462251264	1	444
sxs-space_cows.r21	-	50000000	1	512251264	1	492
sxs-space_cows.r22	-	32456118	1	24834176	2	24
sxs-space_cows.rar	-	50000000	1	57290294	2	55
sxs-space_cows.sfv	-	696	1	107290294	2	103
