cat-almab.jpg	-	729442	1	0	0	0
cat-almab.nfo	-	15633	1	729442	0	1
cat-almab.r00	-	50000000	1	745075	0	2
cat-almab.r01	-	50000000	1	50745075	0	50
cat-almab.r02	-	50000000	1	100745075	0	98
cat-almab.r03	-	50000000	1	150745075	0	146
cat-almab.r04	-	50000000	1	200745075	0	194
cat-almab.r05	-	50000000	1	250745075	0	242
cat-almab.r06	-	50000000	1	300745075	0	290
cat-almab.r07	-	50000000	1	350745075	0	338
cat-almab.r08	-	50000000	1	400745075	0	386
cat-almab.r09	-	50000000	1	450745075	0	434
cat-almab.r10	-	50000000	1	500745075	0	482
cat-almab.r11	-	50000000	1	13299840	1	13
cat-almab.r12	-	50000000	1	63299840	1	61
cat-almab.r13	-	50000000	1	113299840	1	109
cat-almab.r14	-	50000000	1	163299840	1	157
cat-almab.r15	-	50000000	1	213299840	1	205
cat-almab.r16	-	50000000	1	263299840	1	253
cat-almab.r17	-	50000000	1	313299840	1	301
cat-almab.r18	-	50000000	1	363299840	1	349
cat-almab.r19	-	50000000	1	413299840	1	397
cat-almab.r20	-	50000000	1	463299840	1	445
cat-almab.r21	-	50000000	1	513299840	1	493
cat-almab.r22	-	50000000	1	25882752	2	25
cat-almab.r23	-	50000000	1	75882752	2	73
cat-almab.r24	-	50000000	1	125882752	2	121
cat-almab.r25	-	27785739	1	175882752	2	169
cat-almab.rar	-	50000000	1	203668491	2	196
cat-almab.sfv	-	648	1	253668491	2	244
