sxs-obakeidoro_v1966080.nfo	-	5042	1	0	0	0
sxs-obakeidoro_v1966080.r00	-	50000000	1	5042	0	1
sxs-obakeidoro_v1966080.r01	-	50000000	1	50005042	0	49
sxs-obakeidoro_v1966080.r02	-	50000000	1	100005042	0	97
sxs-obakeidoro_v1966080.r03	-	50000000	1	150005042	0	145
sxs-obakeidoro_v1966080.r04	-	50000000	1	200005042	0	193
sxs-obakeidoro_v1966080.r05	-	50000000	1	250005042	0	241
sxs-obakeidoro_v1966080.r06	-	50000000	1	300005042	0	289
sxs-obakeidoro_v1966080.r07	-	50000000	1	350005042	0	337
sxs-obakeidoro_v1966080.r08	-	50000000	1	400005042	0	385
sxs-obakeidoro_v1966080.r09	-	44834921	1	450005042	0	433
sxs-obakeidoro_v1966080.rar	-	50000000	1	494839963	0	476
sxs-obakeidoro_v1966080.sfv	-	418	1	7008384	1	7
