hr-ax7lav393216.nfo	-	11258	1	0	0	0
hr-ax7lav393216.r00	-	50000000	1	11258	0	1
hr-ax7lav393216.r01	-	50000000	1	50011258	0	49
hr-ax7lav393216.r02	-	50000000	1	100011258	0	97
hr-ax7lav393216.r03	-	50000000	1	150011258	0	145
hr-ax7lav393216.r04	-	50000000	1	200011258	0	193
hr-ax7lav393216.r05	-	50000000	1	250011258	0	241
hr-ax7lav393216.r06	-	50000000	1	300011258	0	289
hr-ax7lav393216.r07	-	50000000	1	350011258	0	337
hr-ax7lav393216.r08	-	50000000	1	400011258	0	385
hr-ax7lav393216.r09	-	8329973	1	450011258	0	433
hr-ax7lav393216.rar	-	50000000	1	458341231	0	441
hr-ax7lav393216.sfv	-	330	1	508341231	0	489
