sxs-kingdom_two_crowns_v1245184.nfo	-	6758	1	0	0	0
sxs-kingdom_two_crowns_v1245184.r00	-	50000000	1	6758	0	1
sxs-kingdom_two_crowns_v1245184.r01	-	50000000	1	50006758	0	49
sxs-kingdom_two_crowns_v1245184.r02	-	50000000	1	100006758	0	97
sxs-kingdom_two_crowns_v1245184.r03	-	50000000	1	150006758	0	145
sxs-kingdom_two_crowns_v1245184.r04	-	50000000	1	200006758	0	193
sxs-kingdom_two_crowns_v1245184.r05	-	50000000	1	250006758	0	241
sxs-kingdom_two_crowns_v1245184.r06	-	50000000	1	300006758	0	289
sxs-kingdom_two_crowns_v1245184.r07	-	50000000	1	350006758	0	337
sxs-kingdom_two_crowns_v1245184.r08	-	50000000	1	400006758	0	385
sxs-kingdom_two_crowns_v1245184.r09	-	50000000	1	450006758	0	433
sxs-kingdom_two_crowns_v1245184.r10	-	50000000	1	500006758	0	481
sxs-kingdom_two_crowns_v1245184.r11	-	50000000	1	12251264	1	12
sxs-kingdom_two_crowns_v1245184.r12	-	50000000	1	62251264	1	60
sxs-kingdom_two_crowns_v1245184.r13	-	50000000	1	112251264	1	108
sxs-kingdom_two_crowns_v1245184.r14	-	50000000	1	162251264	1	156
sxs-kingdom_two_crowns_v1245184.r15	-	50000000	1	212251264	1	204
sxs-kingdom_two_crowns_v1245184.r16	-	50000000	1	262251264	1	252
sxs-kingdom_two_crowns_v1245184.r17	-	50000000	1	312251264	1	300
sxs-kingdom_two_crowns_v1245184.r18	-	50000000	1	362251264	1	348
sxs-kingdom_two_crowns_v1245184.r19	-	50000000	1	412251264	1	396
sxs-kingdom_two_crowns_v1245184.r20	-	50000000	1	462251264	1	444
sxs-kingdom_two_crowns_v1245184.r21	-	50000000	1	512251264	1	492
sxs-kingdom_two_crowns_v1245184.r22	-	50000000	1	24834176	2	24
sxs-kingdom_two_crowns_v1245184.r23	-	50000000	1	74834176	2	72
sxs-kingdom_two_crowns_v1245184.r24	-	50000000	1	124834176	2	120
sxs-kingdom_two_crowns_v1245184.r25	-	50000000	1	174834176	2	168
sxs-kingdom_two_crowns_v1245184.r26	-	50000000	1	224834176	2	216
sxs-kingdom_two_crowns_v1245184.r27	-	39237050	1	274834176	2	264
sxs-kingdom_two_crowns_v1245184.rar	-	50000000	1	314071226	2	302
sxs-kingdom_two_crowns_v1245184.sfv	-	1334	1	364071226	2	350
