hr-aq2ma.nfo	-	20150	1	0	0	0
hr-aq2ma.r00	-	50000000	1	20150	0	1
hr-aq2ma.r01	-	50000000	1	50020150	0	49
hr-aq2ma.r02	-	50000000	1	100020150	0	97
hr-aq2ma.r03	-	50000000	1	150020150	0	145
hr-aq2ma.r04	-	50000000	1	200020150	0	193
hr-aq2ma.r05	-	50000000	1	250020150	0	241
hr-aq2ma.r06	-	50000000	1	300020150	0	289
hr-aq2ma.r07	-	50000000	1	350020150	0	337
hr-aq2ma.r08	-	50000000	1	400020150	0	385
hr-aq2ma.r09	-	50000000	1	450020150	0	433
hr-aq2ma.r10	-	50000000	1	500020150	0	481
hr-aq2ma.r11	-	50000000	1	12251264	1	12
hr-aq2ma.r12	-	50000000	1	62251264	1	60
hr-aq2ma.r13	-	50000000	1	112251264	1	108
hr-aq2ma.r14	-	50000000	1	162251264	1	156
hr-aq2ma.r15	-	50000000	1	212251264	1	204
hr-aq2ma.r16	-	50000000	1	262251264	1	252
hr-aq2ma.r17	-	50000000	1	312251264	1	300
hr-aq2ma.r18	-	50000000	1	362251264	1	348
hr-aq2ma.r19	-	50000000	1	412251264	1	396
hr-aq2ma.r20	-	50000000	1	462251264	1	444
hr-aq2ma.r21	-	50000000	1	512251264	1	492
hr-aq2ma.r22	-	50000000	1	24834176	2	24
hr-aq2ma.r23	-	50000000	1	74834176	2	72
hr-aq2ma.r24	-	50000000	1	124834176	2	120
hr-aq2ma.r25	-	50000000	1	174834176	2	168
hr-aq2ma.r26	-	50000000	1	224834176	2	216
hr-aq2ma.r27	-	50000000	1	274834176	2	264
hr-aq2ma.r28	-	50000000	1	324834176	2	312
hr-aq2ma.r29	-	50000000	1	374834176	2	360
hr-aq2ma.r30	-	50000000	1	424834176	2	408
hr-aq2ma.r31	-	50000000	1	474834176	2	456
hr-aq2ma.r32	-	50000000	1	524834176	2	504
hr-aq2ma.r33	-	50000000	1	37417088	3	36
hr-aq2ma.r34	-	50000000	1	87417088	3	84
hr-aq2ma.r35	-	50000000	1	137417088	3	132
hr-aq2ma.r36	-	50000000	1	187417088	3	180
hr-aq2ma.r37	-	50000000	1	237417088	3	228
hr-aq2ma.r38	-	50000000	1	287417088	3	276
hr-aq2ma.r39	-	50000000	1	337417088	3	324
hr-aq2ma.r40	-	50000000	1	387417088	3	372
hr-aq2ma.r41	-	50000000	1	437417088	3	420
hr-aq2ma.r42	-	50000000	1	487417088	3	468
hr-aq2ma.r43	-	50000000	1	0	4	0
hr-aq2ma.r44	-	50000000	1	50000000	4	48
hr-aq2ma.r45	-	50000000	1	100000000	4	96
hr-aq2ma.r46	-	50000000	1	150000000	4	144
hr-aq2ma.r47	-	50000000	1	200000000	4	192
hr-aq2ma.r48	-	50000000	1	250000000	4	240
hr-aq2ma.r49	-	50000000	1	300000000	4	288
hr-aq2ma.r50	-	50000000	1	350000000	4	336
hr-aq2ma.r51	-	50000000	1	400000000	4	384
hr-aq2ma.r52	-	50000000	1	450000000	4	432
hr-aq2ma.r53	-	50000000	1	500000000	4	480
hr-aq2ma.r54	-	50000000	1	12251264	5	12
hr-aq2ma.r55	-	50000000	1	62251264	5	60
hr-aq2ma.r56	-	50000000	1	112251264	5	108
hr-aq2ma.r57	-	50000000	1	162251264	5	156
hr-aq2ma.r58	-	50000000	1	212251264	5	204
hr-aq2ma.r59	-	50000000	1	262251264	5	252
hr-aq2ma.r60	-	50000000	1	312251264	5	300
hr-aq2ma.r61	-	50000000	1	362251264	5	348
hr-aq2ma.r62	-	50000000	1	412251264	5	396
hr-aq2ma.r63	-	50000000	1	462251264	5	444
hr-aq2ma.r64	-	50000000	1	512251264	5	492
hr-aq2ma.r65	-	50000000	1	24834176	6	24
hr-aq2ma.r66	-	50000000	1	74834176	6	72
hr-aq2ma.r67	-	50000000	1	124834176	6	120
hr-aq2ma.r68	-	50000000	1	174834176	6	168
hr-aq2ma.r69	-	37597206	1	224834176	6	216
hr-aq2ma.rar	-	50000000	1	262431382	6	252
hr-aq2ma.sfv	-	1633	1	312431382	6	300
Proof	d	0	1	312433015	6	301
Proof/hr-aq2ma.jpg	-	118729	1	312433015	6	301
