v-project_downfall.nfo	-	7540	1	0	0	0
v-project_downfall.r00	-	100000000	1	7540	0	1
v-project_downfall.r01	-	100000000	1	100007540	0	97
v-project_downfall.r02	-	100000000	1	200007540	0	193
v-project_downfall.r03	-	100000000	1	300007540	0	289
v-project_downfall.r04	-	100000000	1	400007540	0	385
v-project_downfall.r05	-	100000000	1	500007540	0	481
v-project_downfall.r06	-	100000000	1	62251264	1	60
v-project_downfall.r07	-	100000000	1	162251264	1	156
v-project_downfall.r08	-	100000000	1	262251264	1	252
v-project_downfall.r09	-	100000000	1	362251264	1	348
v-project_downfall.r10	-	100000000	1	462251264	1	444
v-project_downfall.r11	-	100000000	1	24502528	2	24
v-project_downfall.r12	-	100000000	1	124502528	2	120
v-project_downfall.r13	-	100000000	1	224502528	2	216
v-project_downfall.r14	-	100000000	1	324502528	2	312
v-project_downfall.r15	-	100000000	1	424502528	2	408
v-project_downfall.r16	-	100000000	1	524502528	2	504
v-project_downfall.r17	-	100000000	1	87417088	3	84
v-project_downfall.r18	-	100000000	1	187417088	3	180
v-project_downfall.r19	-	100000000	1	287417088	3	276
v-project_downfall.r20	-	62097828	1	387417088	3	372
v-project_downfall.rar	-	100000000	1	449514916	3	432
v-project_downfall.sfv	-	726	1	11919616	4	12
