sxs-garden_paws_v458752.nfo	-	10190	1	0	0	0
sxs-garden_paws_v458752.r00	-	50000000	1	10190	0	1
sxs-garden_paws_v458752.r01	-	50000000	1	50010190	0	49
sxs-garden_paws_v458752.r02	-	50000000	1	100010190	0	97
sxs-garden_paws_v458752.r03	-	50000000	1	150010190	0	145
sxs-garden_paws_v458752.r04	-	50000000	1	200010190	0	193
sxs-garden_paws_v458752.r05	-	50000000	1	250010190	0	241
sxs-garden_paws_v458752.r06	-	50000000	1	300010190	0	289
sxs-garden_paws_v458752.r07	-	50000000	1	350010190	0	337
sxs-garden_paws_v458752.r08	-	50000000	1	400010190	0	385
sxs-garden_paws_v458752.r09	-	50000000	1	450010190	0	433
sxs-garden_paws_v458752.r10	-	50000000	1	500010190	0	481
sxs-garden_paws_v458752.r11	-	50000000	1	12251264	1	12
sxs-garden_paws_v458752.r12	-	50000000	1	62251264	1	60
sxs-garden_paws_v458752.r13	-	50000000	1	112251264	1	108
sxs-garden_paws_v458752.r14	-	50000000	1	162251264	1	156
sxs-garden_paws_v458752.r15	-	50000000	1	212251264	1	204
sxs-garden_paws_v458752.r16	-	50000000	1	262251264	1	252
sxs-garden_paws_v458752.r17	-	50000000	1	312251264	1	300
sxs-garden_paws_v458752.r18	-	3499502	1	362251264	1	348
sxs-garden_paws_v458752.rar	-	50000000	1	365750766	1	352
sxs-garden_paws_v458752.sfv	-	760	1	415750766	1	400
