v-nba2k20_v393216.nfo	-	4264	1	0	0	0
v-nba2k20_v393216.r00	-	450000000	1	4264	0	1
v-nba2k20_v393216.r01	-	450000000	1	450004264	0	431
v-nba2k20_v393216.r02	-	450000000	1	362968192	1	347
v-nba2k20_v393216.r03	-	450000000	1	275936384	2	264
v-nba2k20_v393216.r04	-	450000000	1	188904576	3	181
v-nba2k20_v393216.r05	-	450000000	1	101872768	4	98
v-nba2k20_v393216.r06	-	450000000	1	14840960	5	15
v-nba2k20_v393216.r07	-	450000000	1	464840960	5	445
v-nba2k20_v393216.r08	-	450000000	1	377648256	6	361
v-nba2k20_v393216.r09	-	450000000	1	290616448	7	278
v-nba2k20_v393216.r10	-	450000000	1	203584640	8	195
v-nba2k20_v393216.r11	-	450000000	1	116552832	9	112
v-nba2k20_v393216.r12	-	450000000	1	29521024	10	29
v-nba2k20_v393216.r13	-	450000000	1	479521024	10	459
v-nba2k20_v393216.r14	-	450000000	1	392328320	11	375
v-nba2k20_v393216.r15	-	450000000	1	305296512	12	292
v-nba2k20_v393216.r16	-	450000000	1	218264704	13	209
v-nba2k20_v393216.r17	-	450000000	1	131232896	14	126
v-nba2k20_v393216.r18	-	450000000	1	44201088	15	43
v-nba2k20_v393216.r19	-	450000000	1	494201088	15	473
v-nba2k20_v393216.r20	-	450000000	1	407008384	16	389
v-nba2k20_v393216.r21	-	450000000	1	319976576	17	306
v-nba2k20_v393216.r22	-	450000000	1	232944768	18	223
v-nba2k20_v393216.r23	-	450000000	1	145912960	19	140
v-nba2k20_v393216.r24	-	450000000	1	58881152	20	57
v-nba2k20_v393216.r25	-	450000000	1	508881152	20	487
v-nba2k20_v393216.r26	-	450000000	1	421688448	21	403
v-nba2k20_v393216.r27	-	450000000	1	334656640	22	320
v-nba2k20_v393216.r28	-	450000000	1	247624832	23	237
v-nba2k20_v393216.r29	-	450000000	1	160593024	24	154
v-nba2k20_v393216.r30	-	450000000	1	73561216	25	71
v-nba2k20_v393216.r31	-	450000000	1	523561216	25	501
v-nba2k20_v393216.r32	-	450000000	1	436368512	26	417
v-nba2k20_v393216.r33	-	450000000	1	349336704	27	334
v-nba2k20_v393216.r34	-	450000000	1	262304896	28	251
v-nba2k20_v393216.r35	-	450000000	1	175273088	29	168
v-nba2k20_v393216.r36	-	450000000	1	88241280	30	85
v-nba2k20_v393216.r37	-	450000000	1	1209472	31	2
v-nba2k20_v393216.r38	-	450000000	1	451209472	31	432
v-nba2k20_v393216.r39	-	450000000	1	364016768	32	348
v-nba2k20_v393216.r40	-	450000000	1	276984960	33	265
v-nba2k20_v393216.r41	-	450000000	1	189953152	34	182
v-nba2k20_v393216.r42	-	450000000	1	102921344	35	99
v-nba2k20_v393216.r43	-	450000000	1	15889536	36	16
v-nba2k20_v393216.r44	-	450000000	1	465889536	36	446
v-nba2k20_v393216.r45	-	450000000	1	378696832	37	362
v-nba2k20_v393216.r46	-	450000000	1	291665024	38	279
v-nba2k20_v393216.r47	-	450000000	1	204633216	39	196
v-nba2k20_v393216.r48	-	450000000	1	117601408	40	113
v-nba2k20_v393216.r49	-	450000000	1	30569600	41	30
v-nba2k20_v393216.r50	-	450000000	1	480569600	41	460
v-nba2k20_v393216.r51	-	450000000	1	393376896	42	376
v-nba2k20_v393216.r52	-	450000000	1	306345088	43	293
v-nba2k20_v393216.r53	-	450000000	1	219313280	44	210
v-nba2k20_v393216.r54	-	450000000	1	132281472	45	127
v-nba2k20_v393216.r55	-	450000000	1	45249664	46	44
v-nba2k20_v393216.r56	-	450000000	1	495249664	46	474
v-nba2k20_v393216.r57	-	450000000	1	408056960	47	390
v-nba2k20_v393216.r58	-	450000000	1	321025152	48	307
v-nba2k20_v393216.r59	-	450000000	1	233993344	49	224
v-nba2k20_v393216.r60	-	450000000	1	146961536	50	141
v-nba2k20_v393216.r61	-	450000000	1	59929728	51	58
v-nba2k20_v393216.r62	-	450000000	1	509929728	51	488
v-nba2k20_v393216.r63	-	450000000	1	422737024	52	404
v-nba2k20_v393216.r64	-	450000000	1	335705216	53	321
v-nba2k20_v393216.r65	-	450000000	1	248673408	54	238
v-nba2k20_v393216.r66	-	450000000	1	161641600	55	155
v-nba2k20_v393216.r67	-	450000000	1	74609792	56	72
v-nba2k20_v393216.r68	-	450000000	1	524609792	56	502
v-nba2k20_v393216.r69	-	450000000	1	437417088	57	418
v-nba2k20_v393216.r70	-	450000000	1	350385280	58	335
v-nba2k20_v393216.r71	-	450000000	1	263353472	59	252
v-nba2k20_v393216.r72	-	450000000	1	176321664	60	169
v-nba2k20_v393216.r73	-	450000000	1	89289856	61	86
v-nba2k20_v393216.r74	-	450000000	1	2258048	62	3
v-nba2k20_v393216.r75	-	450000000	1	452258048	62	433
v-nba2k20_v393216.r76	-	450000000	1	365065344	63	349
v-nba2k20_v393216.r77	-	450000000	1	278033536	64	266
v-nba2k20_v393216.r78	-	450000000	1	191001728	65	183
v-nba2k20_v393216.r79	-	450000000	1	103969920	66	100
v-nba2k20_v393216.r80	-	450000000	1	16938112	67	17
v-nba2k20_v393216.r81	-	450000000	1	466938112	67	447
v-nba2k20_v393216.r82	-	450000000	1	379745408	68	363
v-nba2k20_v393216.r83	-	450000000	1	292713600	69	280
v-nba2k20_v393216.r84	-	450000000	1	205681792	70	197
v-nba2k20_v393216.r85	-	450000000	1	118649984	71	114
v-nba2k20_v393216.r86	-	450000000	1	31618176	72	31
v-nba2k20_v393216.r87	-	450000000	1	481618176	72	461
v-nba2k20_v393216.r88	-	6042921	1	394425472	73	377
v-nba2k20_v393216.rar	-	450000000	1	400468393	73	383
v-nba2k20_v393216.sfv	-	2880	1	312636544	74	299
