bbb-h-afvpa.nfo	-	5517	1	0	0	0
bbb-h-afvpa.part01.rar	-	250000000	1	5517	0	1
bbb-h-afvpa.part02.rar	-	250000000	1	250005517	0	240
bbb-h-afvpa.part03.rar	-	250000000	1	500005517	0	479
bbb-h-afvpa.part04.rar	-	250000000	1	212251264	1	203
bbb-h-afvpa.part05.rar	-	250000000	1	462251264	1	442
bbb-h-afvpa.part06.rar	-	250000000	1	174502528	2	167
bbb-h-afvpa.part07.rar	-	250000000	1	424502528	2	406
bbb-h-afvpa.part08.rar	-	250000000	1	136753792	3	131
bbb-h-afvpa.part09.rar	-	250000000	1	386753792	3	370
bbb-h-afvpa.part10.rar	-	250000000	1	99005056	4	95
bbb-h-afvpa.part11.rar	-	250000000	1	349005056	4	334
bbb-h-afvpa.part12.rar	-	250000000	1	61256320	5	59
bbb-h-afvpa.part13.rar	-	250000000	1	311256320	5	298
bbb-h-afvpa.part14.rar	-	250000000	1	23507584	6	23
bbb-h-afvpa.part15.rar	-	250000000	1	273507584	6	262
bbb-h-afvpa.part16.rar	-	34946329	1	523507584	6	501
bbb-h-afvpa.sfv	-	528	1	21314841	7	21
