bbb-n-aq8xa.nfo	-	5517	1	0	0	0
bbb-n-aq8xa.part01.rar	-	250000000	1	5517	0	1
bbb-n-aq8xa.part02.rar	-	250000000	1	250005517	0	240
bbb-n-aq8xa.part03.rar	-	250000000	1	500005517	0	479
bbb-n-aq8xa.part04.rar	-	250000000	1	212251264	1	203
bbb-n-aq8xa.part05.rar	-	250000000	1	462251264	1	442
bbb-n-aq8xa.part06.rar	-	250000000	1	174502528	2	167
bbb-n-aq8xa.part07.rar	-	250000000	1	424502528	2	406
bbb-n-aq8xa.part08.rar	-	250000000	1	136753792	3	131
bbb-n-aq8xa.part09.rar	-	250000000	1	386753792	3	370
bbb-n-aq8xa.part10.rar	-	250000000	1	99005056	4	95
bbb-n-aq8xa.part11.rar	-	250000000	1	349005056	4	334
bbb-n-aq8xa.part12.rar	-	250000000	1	61256320	5	59
bbb-n-aq8xa.part13.rar	-	250000000	1	311256320	5	298
bbb-n-aq8xa.part14.rar	-	250000000	1	23507584	6	23
bbb-n-aq8xa.part15.rar	-	250000000	1	273507584	6	262
bbb-n-aq8xa.part16.rar	-	250000000	1	523507584	6	501
bbb-n-aq8xa.part17.rar	-	250000000	1	236368512	7	226
bbb-n-aq8xa.part18.rar	-	250000000	1	486368512	7	465
bbb-n-aq8xa.part19.rar	-	250000000	1	198619776	8	190
bbb-n-aq8xa.part20.rar	-	250000000	1	448619776	8	429
bbb-n-aq8xa.part21.rar	-	250000000	1	160871040	9	154
bbb-n-aq8xa.part22.rar	-	250000000	1	410871040	9	393
bbb-n-aq8xa.part23.rar	-	250000000	1	123122304	10	118
bbb-n-aq8xa.part24.rar	-	250000000	1	373122304	10	357
bbb-n-aq8xa.part25.rar	-	250000000	1	85373568	11	82
bbb-n-aq8xa.part26.rar	-	250000000	1	335373568	11	321
bbb-n-aq8xa.part27.rar	-	250000000	1	47624832	12	46
bbb-n-aq8xa.part28.rar	-	250000000	1	297624832	12	285
bbb-n-aq8xa.part29.rar	-	250000000	1	9876096	13	10
bbb-n-aq8xa.part30.rar	-	250000000	1	259876096	13	249
bbb-n-aq8xa.part31.rar	-	250000000	1	509876096	13	488
bbb-n-aq8xa.part32.rar	-	250000000	1	222737024	14	213
bbb-n-aq8xa.part33.rar	-	250000000	1	472737024	14	452
bbb-n-aq8xa.part34.rar	-	250000000	1	184988288	15	177
bbb-n-aq8xa.part35.rar	-	250000000	1	434988288	15	416
bbb-n-aq8xa.part36.rar	-	250000000	1	147239552	16	141
bbb-n-aq8xa.part37.rar	-	250000000	1	397239552	16	380
bbb-n-aq8xa.part38.rar	-	250000000	1	109490816	17	105
bbb-n-aq8xa.part39.rar	-	250000000	1	359490816	17	344
bbb-n-aq8xa.part40.rar	-	250000000	1	71742080	18	69
bbb-n-aq8xa.part41.rar	-	250000000	1	321742080	18	308
bbb-n-aq8xa.part42.rar	-	250000000	1	33993344	19	33
bbb-n-aq8xa.part43.rar	-	250000000	1	283993344	19	272
bbb-n-aq8xa.part44.rar	-	250000000	1	533993344	19	511
bbb-n-aq8xa.part45.rar	-	250000000	1	246854272	20	236
bbb-n-aq8xa.part46.rar	-	250000000	1	496854272	20	475
bbb-n-aq8xa.part47.rar	-	250000000	1	209105536	21	200
bbb-n-aq8xa.part48.rar	-	250000000	1	459105536	21	439
bbb-n-aq8xa.part49.rar	-	250000000	1	171356800	22	164
bbb-n-aq8xa.part50.rar	-	250000000	1	421356800	22	403
bbb-n-aq8xa.part51.rar	-	250000000	1	133608064	23	128
bbb-n-aq8xa.part52.rar	-	250000000	1	383608064	23	367
bbb-n-aq8xa.part53.rar	-	80710865	1	95859328	24	92
bbb-n-aq8xa.sfv	-	1749	1	176570193	24	169
