n-ruinedking.nfo	-	6072	1	0	0	0
n-ruinedking.r00	-	100000000	1	6072	0	1
n-ruinedking.r01	-	100000000	1	100006072	0	97
n-ruinedking.r02	-	100000000	1	200006072	0	193
n-ruinedking.r03	-	100000000	1	300006072	0	289
n-ruinedking.r04	-	100000000	1	400006072	0	385
n-ruinedking.r05	-	100000000	1	500006072	0	481
n-ruinedking.r06	-	100000000	1	62251264	1	60
n-ruinedking.r07	-	100000000	1	162251264	1	156
n-ruinedking.r08	-	100000000	1	262251264	1	252
n-ruinedking.r09	-	100000000	1	362251264	1	348
n-ruinedking.r10	-	100000000	1	462251264	1	444
n-ruinedking.r11	-	100000000	1	24502528	2	24
n-ruinedking.r12	-	100000000	1	124502528	2	120
n-ruinedking.r13	-	100000000	1	224502528	2	216
n-ruinedking.r14	-	100000000	1	324502528	2	312
n-ruinedking.r15	-	100000000	1	424502528	2	408
n-ruinedking.r16	-	100000000	1	524502528	2	504
n-ruinedking.r17	-	100000000	1	87417088	3	84
n-ruinedking.r18	-	100000000	1	187417088	3	180
n-ruinedking.r19	-	100000000	1	287417088	3	276
n-ruinedking.r20	-	100000000	1	387417088	3	372
n-ruinedking.r21	-	100000000	1	487417088	3	468
n-ruinedking.r22	-	100000000	1	49668352	4	48
n-ruinedking.r23	-	100000000	1	149668352	4	144
n-ruinedking.r24	-	100000000	1	249668352	4	240
n-ruinedking.r25	-	100000000	1	349668352	4	336
n-ruinedking.r26	-	100000000	1	449668352	4	432
n-ruinedking.r27	-	100000000	1	11919616	5	12
n-ruinedking.r28	-	100000000	1	111919616	5	108
n-ruinedking.r29	-	100000000	1	211919616	5	204
n-ruinedking.r30	-	100000000	1	311919616	5	300
n-ruinedking.r31	-	100000000	1	411919616	5	396
n-ruinedking.r32	-	100000000	1	511919616	5	492
n-ruinedking.r33	-	100000000	1	74834176	6	72
n-ruinedking.r34	-	100000000	1	174834176	6	168
n-ruinedking.r35	-	100000000	1	274834176	6	264
n-ruinedking.r36	-	100000000	1	374834176	6	360
n-ruinedking.r37	-	100000000	1	474834176	6	456
n-ruinedking.r38	-	100000000	1	37085440	7	36
n-ruinedking.r39	-	100000000	1	137085440	7	132
n-ruinedking.r40	-	100000000	1	237085440	7	228
n-ruinedking.r41	-	100000000	1	337085440	7	324
n-ruinedking.r42	-	100000000	1	437085440	7	420
n-ruinedking.r43	-	100000000	1	0	8	0
n-ruinedking.r44	-	100000000	1	100000000	8	96
n-ruinedking.r45	-	100000000	1	200000000	8	192
n-ruinedking.r46	-	100000000	1	300000000	8	288
n-ruinedking.r47	-	100000000	1	400000000	8	384
n-ruinedking.r48	-	100000000	1	500000000	8	480
n-ruinedking.r49	-	100000000	1	62251264	9	60
n-ruinedking.r50	-	11305716	1	162251264	9	156
n-ruinedking.rar	-	100000000	1	173556980	9	167
n-ruinedking.sfv	-	1404	1	273556980	9	263
