l-aqbxb.nfo	-	1527	1	0	0	0
l-aqbxb.r00	-	200000000	1	1527	0	1
l-aqbxb.r01	-	200000000	1	200001527	0	192
l-aqbxb.r02	-	200000000	1	400001527	0	383
l-aqbxb.r03	-	200000000	1	62636544	1	60
l-aqbxb.r04	-	200000000	1	262636544	1	251
l-aqbxb.r05	-	200000000	1	462636544	1	442
l-aqbxb.r06	-	200000000	1	125551104	2	120
l-aqbxb.r07	-	200000000	1	325551104	2	311
l-aqbxb.r08	-	200000000	1	525551104	2	502
l-aqbxb.r09	-	200000000	1	188465664	3	180
l-aqbxb.r10	-	200000000	1	388465664	3	371
l-aqbxb.r11	-	200000000	1	51102208	4	49
l-aqbxb.r12	-	200000000	1	251102208	4	240
l-aqbxb.r13	-	200000000	1	451102208	4	431
l-aqbxb.r14	-	200000000	1	114016768	5	109
l-aqbxb.r15	-	200000000	1	314016768	5	300
l-aqbxb.r16	-	200000000	1	514016768	5	491
l-aqbxb.r17	-	200000000	1	176931328	6	169
l-aqbxb.r18	-	200000000	1	376931328	6	360
l-aqbxb.r19	-	200000000	1	39567872	7	38
l-aqbxb.r20	-	200000000	1	239567872	7	229
l-aqbxb.r21	-	200000000	1	439567872	7	420
l-aqbxb.r22	-	200000000	1	102482432	8	98
l-aqbxb.r23	-	200000000	1	302482432	8	289
l-aqbxb.r24	-	200000000	1	502482432	8	480
l-aqbxb.r25	-	200000000	1	165396992	9	158
l-aqbxb.r26	-	200000000	1	365396992	9	349
l-aqbxb.r27	-	200000000	1	28033536	10	27
l-aqbxb.r28	-	200000000	1	228033536	10	218
l-aqbxb.r29	-	200000000	1	428033536	10	409
l-aqbxb.r30	-	200000000	1	90948096	11	87
l-aqbxb.r31	-	200000000	1	290948096	11	278
l-aqbxb.r32	-	200000000	1	490948096	11	469
l-aqbxb.r33	-	200000000	1	153862656	12	147
l-aqbxb.r34	-	200000000	1	353862656	12	338
l-aqbxb.r35	-	200000000	1	16499200	13	16
l-aqbxb.r36	-	200000000	1	216499200	13	207
l-aqbxb.r37	-	200000000	1	416499200	13	398
l-aqbxb.r38	-	200000000	1	79413760	14	76
l-aqbxb.r39	-	200000000	1	279413760	14	267
l-aqbxb.r40	-	200000000	1	479413760	14	458
l-aqbxb.r41	-	200000000	1	142328320	15	136
l-aqbxb.r42	-	200000000	1	342328320	15	327
l-aqbxb.r43	-	200000000	1	4964864	16	5
l-aqbxb.r44	-	200000000	1	204964864	16	196
l-aqbxb.r45	-	200000000	1	404964864	16	387
l-aqbxb.r46	-	200000000	1	67879424	17	65
l-aqbxb.r47	-	200000000	1	267879424	17	256
l-aqbxb.r48	-	200000000	1	467879424	17	447
l-aqbxb.r49	-	200000000	1	130793984	18	125
l-aqbxb.r50	-	200000000	1	330793984	18	316
l-aqbxb.r51	-	200000000	1	530793984	18	507
l-aqbxb.r52	-	200000000	1	193708544	19	185
l-aqbxb.r53	-	200000000	1	393708544	19	376
l-aqbxb.r54	-	200000000	1	56345088	20	54
l-aqbxb.r55	-	200000000	1	256345088	20	245
l-aqbxb.r56	-	200000000	1	456345088	20	436
l-aqbxb.r57	-	200000000	1	119259648	21	114
l-aqbxb.r58	-	200000000	1	319259648	21	305
l-aqbxb.r59	-	200000000	1	519259648	21	496
l-aqbxb.r60	-	200000000	1	182174208	22	174
l-aqbxb.r61	-	200000000	1	382174208	22	365
l-aqbxb.r62	-	200000000	1	44810752	23	43
l-aqbxb.r63	-	200000000	1	244810752	23	234
l-aqbxb.r64	-	200000000	1	444810752	23	425
l-aqbxb.r65	-	200000000	1	107725312	24	103
l-aqbxb.r66	-	200000000	1	307725312	24	294
l-aqbxb.r67	-	200000000	1	507725312	24	485
l-aqbxb.r68	-	200000000	1	170639872	25	163
l-aqbxb.r69	-	200000000	1	370639872	25	354
l-aqbxb.r70	-	200000000	1	33276416	26	32
l-aqbxb.r71	-	200000000	1	233276416	26	223
l-aqbxb.r72	-	200000000	1	433276416	26	414
l-aqbxb.r73	-	200000000	1	96190976	27	92
l-aqbxb.r74	-	200000000	1	296190976	27	283
l-aqbxb.r75	-	68824772	1	496190976	27	474
l-aqbxb.rar	-	200000000	1	27930308	28	27
l-aqbxb.sfv	-	1694	1	227930308	28	218
