hr-grisaiapt12.nfo	-	11258	1	0	0	0
hr-grisaiapt12.r00	-	50000000	1	11258	0	1
hr-grisaiapt12.r01	-	50000000	1	50011258	0	49
hr-grisaiapt12.r02	-	50000000	1	100011258	0	97
hr-grisaiapt12.r03	-	50000000	1	150011258	0	145
hr-grisaiapt12.r04	-	50000000	1	200011258	0	193
hr-grisaiapt12.r05	-	50000000	1	250011258	0	241
hr-grisaiapt12.r06	-	50000000	1	300011258	0	289
hr-grisaiapt12.r07	-	50000000	1	350011258	0	337
hr-grisaiapt12.r08	-	50000000	1	400011258	0	385
hr-grisaiapt12.r09	-	50000000	1	450011258	0	433
hr-grisaiapt12.r10	-	50000000	1	500011258	0	481
hr-grisaiapt12.r11	-	50000000	1	12251264	1	12
hr-grisaiapt12.r12	-	50000000	1	62251264	1	60
hr-grisaiapt12.r13	-	50000000	1	112251264	1	108
hr-grisaiapt12.r14	-	50000000	1	162251264	1	156
hr-grisaiapt12.r15	-	50000000	1	212251264	1	204
hr-grisaiapt12.r16	-	50000000	1	262251264	1	252
hr-grisaiapt12.r17	-	50000000	1	312251264	1	300
hr-grisaiapt12.r18	-	50000000	1	362251264	1	348
hr-grisaiapt12.r19	-	50000000	1	412251264	1	396
hr-grisaiapt12.r20	-	50000000	1	462251264	1	444
hr-grisaiapt12.r21	-	50000000	1	512251264	1	492
hr-grisaiapt12.r22	-	50000000	1	24834176	2	24
hr-grisaiapt12.r23	-	50000000	1	74834176	2	72
hr-grisaiapt12.r24	-	50000000	1	124834176	2	120
hr-grisaiapt12.r25	-	50000000	1	174834176	2	168
hr-grisaiapt12.r26	-	50000000	1	224834176	2	216
hr-grisaiapt12.r27	-	50000000	1	274834176	2	264
hr-grisaiapt12.r28	-	50000000	1	324834176	2	312
hr-grisaiapt12.r29	-	50000000	1	374834176	2	360
hr-grisaiapt12.r30	-	50000000	1	424834176	2	408
hr-grisaiapt12.r31	-	50000000	1	474834176	2	456
hr-grisaiapt12.r32	-	50000000	1	524834176	2	504
hr-grisaiapt12.r33	-	50000000	1	37417088	3	36
hr-grisaiapt12.r34	-	50000000	1	87417088	3	84
hr-grisaiapt12.r35	-	50000000	1	137417088	3	132
hr-grisaiapt12.r36	-	50000000	1	187417088	3	180
hr-grisaiapt12.r37	-	50000000	1	237417088	3	228
hr-grisaiapt12.r38	-	50000000	1	287417088	3	276
hr-grisaiapt12.r39	-	50000000	1	337417088	3	324
hr-grisaiapt12.r40	-	50000000	1	387417088	3	372
hr-grisaiapt12.r41	-	50000000	1	437417088	3	420
hr-grisaiapt12.r42	-	50000000	1	487417088	3	468
hr-grisaiapt12.r43	-	50000000	1	0	4	0
hr-grisaiapt12.r44	-	50000000	1	50000000	4	48
hr-grisaiapt12.r45	-	50000000	1	100000000	4	96
hr-grisaiapt12.r46	-	50000000	1	150000000	4	144
hr-grisaiapt12.r47	-	50000000	1	200000000	4	192
hr-grisaiapt12.r48	-	50000000	1	250000000	4	240
hr-grisaiapt12.r49	-	50000000	1	300000000	4	288
hr-grisaiapt12.r50	-	50000000	1	350000000	4	336
hr-grisaiapt12.r51	-	7778656	1	400000000	4	384
hr-grisaiapt12.rar	-	50000000	1	407778656	4	392
hr-grisaiapt12.sfv	-	1537	1	457778656	4	440
