w-fltpuvn.nfo	-	9338	1	0	0	0
w-fltpuvn.r00	-	50000000	1	9338	0	1
w-fltpuvn.r01	-	50000000	1	50009338	0	49
w-fltpuvn.r02	-	50000000	1	100009338	0	97
w-fltpuvn.r03	-	50000000	1	150009338	0	145
w-fltpuvn.r04	-	50000000	1	200009338	0	193
w-fltpuvn.r05	-	50000000	1	250009338	0	241
w-fltpuvn.r06	-	50000000	1	300009338	0	289
w-fltpuvn.r07	-	50000000	1	350009338	0	337
w-fltpuvn.r08	-	50000000	1	400009338	0	385
w-fltpuvn.r09	-	50000000	1	450009338	0	433
w-fltpuvn.r10	-	50000000	1	500009338	0	481
w-fltpuvn.r11	-	50000000	1	12251264	1	12
w-fltpuvn.r12	-	50000000	1	62251264	1	60
w-fltpuvn.r13	-	50000000	1	112251264	1	108
w-fltpuvn.r14	-	50000000	1	162251264	1	156
w-fltpuvn.r15	-	50000000	1	212251264	1	204
w-fltpuvn.r16	-	49955911	1	262251264	1	252
w-fltpuvn.rar	-	50000000	1	312207175	1	300
w-fltpuvn.sfv	-	432	1	362207175	1	348
