v-wytchwood_v196608.nfo	-	4420	1	0	0	0
v-wytchwood_v196608.r00	-	50000000	1	4420	0	1
v-wytchwood_v196608.r01	-	50000000	1	50004420	0	49
v-wytchwood_v196608.r02	-	50000000	1	100004420	0	97
v-wytchwood_v196608.r03	-	50000000	1	150004420	0	145
v-wytchwood_v196608.r04	-	50000000	1	200004420	0	193
v-wytchwood_v196608.r05	-	50000000	1	250004420	0	241
v-wytchwood_v196608.r06	-	50000000	1	300004420	0	289
v-wytchwood_v196608.r07	-	50000000	1	350004420	0	337
v-wytchwood_v196608.r08	-	50000000	1	400004420	0	385
v-wytchwood_v196608.r09	-	50000000	1	450004420	0	433
v-wytchwood_v196608.r10	-	50000000	1	500004420	0	481
v-wytchwood_v196608.r11	-	50000000	1	12251264	1	12
v-wytchwood_v196608.r12	-	50000000	1	62251264	1	60
v-wytchwood_v196608.r13	-	50000000	1	112251264	1	108
v-wytchwood_v196608.r14	-	50000000	1	162251264	1	156
v-wytchwood_v196608.r15	-	50000000	1	212251264	1	204
v-wytchwood_v196608.r16	-	50000000	1	262251264	1	252
v-wytchwood_v196608.r17	-	21152262	1	312251264	1	300
v-wytchwood_v196608.rar	-	50000000	1	333403526	1	321
v-wytchwood_v196608.sfv	-	646	1	383403526	1	369
