sxs-hazel_sky_v393216.nfo	-	5900	1	0	0	0
sxs-hazel_sky_v393216.r00	-	50000000	1	5900	0	1
sxs-hazel_sky_v393216.r01	-	50000000	1	50005900	0	49
sxs-hazel_sky_v393216.r02	-	50000000	1	100005900	0	97
sxs-hazel_sky_v393216.r03	-	50000000	1	150005900	0	145
sxs-hazel_sky_v393216.r04	-	50000000	1	200005900	0	193
sxs-hazel_sky_v393216.r05	-	50000000	1	250005900	0	241
sxs-hazel_sky_v393216.r06	-	50000000	1	300005900	0	289
sxs-hazel_sky_v393216.r07	-	50000000	1	350005900	0	337
sxs-hazel_sky_v393216.r08	-	50000000	1	400005900	0	385
sxs-hazel_sky_v393216.r09	-	50000000	1	450005900	0	433
sxs-hazel_sky_v393216.r10	-	50000000	1	500005900	0	481
sxs-hazel_sky_v393216.r11	-	14618571	1	12251264	1	12
sxs-hazel_sky_v393216.rar	-	50000000	1	26869835	1	26
sxs-hazel_sky_v393216.sfv	-	468	1	76869835	1	74
