hr-atq8av196608.nfo	-	20150	1	0	0	0
hr-atq8av196608.r00	-	50000000	1	20150	0	1
hr-atq8av196608.r01	-	50000000	1	50020150	0	49
hr-atq8av196608.r02	-	50000000	1	100020150	0	97
hr-atq8av196608.r03	-	50000000	1	150020150	0	145
hr-atq8av196608.r04	-	50000000	1	200020150	0	193
hr-atq8av196608.r05	-	50000000	1	250020150	0	241
hr-atq8av196608.r06	-	50000000	1	300020150	0	289
hr-atq8av196608.r07	-	50000000	1	350020150	0	337
hr-atq8av196608.r08	-	50000000	1	400020150	0	385
hr-atq8av196608.r09	-	50000000	1	450020150	0	433
hr-atq8av196608.r10	-	50000000	1	500020150	0	481
hr-atq8av196608.r11	-	50000000	1	12251264	1	12
hr-atq8av196608.r12	-	50000000	1	62251264	1	60
hr-atq8av196608.r13	-	50000000	1	112251264	1	108
hr-atq8av196608.r14	-	50000000	1	162251264	1	156
hr-atq8av196608.r15	-	50000000	1	212251264	1	204
hr-atq8av196608.r16	-	50000000	1	262251264	1	252
hr-atq8av196608.r17	-	50000000	1	312251264	1	300
hr-atq8av196608.r18	-	50000000	1	362251264	1	348
hr-atq8av196608.r19	-	50000000	1	412251264	1	396
hr-atq8av196608.r20	-	50000000	1	462251264	1	444
hr-atq8av196608.r21	-	50000000	1	512251264	1	492
hr-atq8av196608.r22	-	50000000	1	24834176	2	24
hr-atq8av196608.r23	-	50000000	1	74834176	2	72
hr-atq8av196608.r24	-	50000000	1	124834176	2	120
hr-atq8av196608.r25	-	50000000	1	174834176	2	168
hr-atq8av196608.r26	-	50000000	1	224834176	2	216
hr-atq8av196608.r27	-	50000000	1	274834176	2	264
hr-atq8av196608.r28	-	50000000	1	324834176	2	312
hr-atq8av196608.r29	-	50000000	1	374834176	2	360
hr-atq8av196608.r30	-	50000000	1	424834176	2	408
hr-atq8av196608.r31	-	50000000	1	474834176	2	456
hr-atq8av196608.r32	-	50000000	1	524834176	2	504
hr-atq8av196608.r33	-	50000000	1	37417088	3	36
hr-atq8av196608.r34	-	50000000	1	87417088	3	84
hr-atq8av196608.r35	-	50000000	1	137417088	3	132
hr-atq8av196608.r36	-	50000000	1	187417088	3	180
hr-atq8av196608.r37	-	50000000	1	237417088	3	228
hr-atq8av196608.r38	-	50000000	1	287417088	3	276
hr-atq8av196608.r39	-	50000000	1	337417088	3	324
hr-atq8av196608.r40	-	50000000	1	387417088	3	372
hr-atq8av196608.r41	-	50000000	1	437417088	3	420
hr-atq8av196608.r42	-	50000000	1	487417088	3	468
hr-atq8av196608.r43	-	50000000	1	0	4	0
hr-atq8av196608.r44	-	50000000	1	50000000	4	48
hr-atq8av196608.r45	-	50000000	1	100000000	4	96
hr-atq8av196608.r46	-	50000000	1	150000000	4	144
hr-atq8av196608.r47	-	50000000	1	200000000	4	192
hr-atq8av196608.r48	-	50000000	1	250000000	4	240
hr-atq8av196608.r49	-	50000000	1	300000000	4	288
hr-atq8av196608.r50	-	50000000	1	350000000	4	336
hr-atq8av196608.r51	-	50000000	1	400000000	4	384
hr-atq8av196608.r52	-	50000000	1	450000000	4	432
hr-atq8av196608.r53	-	50000000	1	500000000	4	480
hr-atq8av196608.r54	-	50000000	1	12251264	5	12
hr-atq8av196608.r55	-	9679171	1	62251264	5	60
hr-atq8av196608.rar	-	50000000	1	71930435	5	70
hr-atq8av196608.sfv	-	1710	1	121930435	5	118
