hr-awdgbv458752.nfo	-	11258	1	0	0	0
hr-awdgbv458752.r00	-	50000000	1	11258	0	1
hr-awdgbv458752.r01	-	50000000	1	50011258	0	49
hr-awdgbv458752.r02	-	50000000	1	100011258	0	97
hr-awdgbv458752.r03	-	50000000	1	150011258	0	145
hr-awdgbv458752.r04	-	50000000	1	200011258	0	193
hr-awdgbv458752.r05	-	50000000	1	250011258	0	241
hr-awdgbv458752.r06	-	50000000	1	300011258	0	289
hr-awdgbv458752.r07	-	50000000	1	350011258	0	337
hr-awdgbv458752.r08	-	50000000	1	400011258	0	385
hr-awdgbv458752.r09	-	50000000	1	450011258	0	433
hr-awdgbv458752.r10	-	50000000	1	500011258	0	481
hr-awdgbv458752.r11	-	50000000	1	12251264	1	12
hr-awdgbv458752.r12	-	50000000	1	62251264	1	60
hr-awdgbv458752.r13	-	50000000	1	112251264	1	108
hr-awdgbv458752.r14	-	50000000	1	162251264	1	156
hr-awdgbv458752.r15	-	50000000	1	212251264	1	204
hr-awdgbv458752.r16	-	50000000	1	262251264	1	252
hr-awdgbv458752.r17	-	50000000	1	312251264	1	300
hr-awdgbv458752.r18	-	20447971	1	362251264	1	348
hr-awdgbv458752.rar	-	50000000	1	382699235	1	368
hr-awdgbv458752.sfv	-	600	1	432699235	1	416
