v-hywaoc_v196608.nfo	-	5200	1	0	0	0
v-hywaoc_v196608.r00	-	50000000	1	5200	0	1
v-hywaoc_v196608.r01	-	50000000	1	50005200	0	49
v-hywaoc_v196608.r02	-	50000000	1	100005200	0	97
v-hywaoc_v196608.r03	-	50000000	1	150005200	0	145
v-hywaoc_v196608.r04	-	50000000	1	200005200	0	193
v-hywaoc_v196608.r05	-	50000000	1	250005200	0	241
v-hywaoc_v196608.r06	-	50000000	1	300005200	0	289
v-hywaoc_v196608.r07	-	50000000	1	350005200	0	337
v-hywaoc_v196608.r08	-	50000000	1	400005200	0	385
v-hywaoc_v196608.r09	-	13865216	1	450005200	0	433
v-hywaoc_v196608.rar	-	50000000	1	463870416	0	447
v-hywaoc_v196608.sfv	-	341	1	513870416	0	495
