v-rad_v262144.nfo	-	5122	1	0	0	0
v-rad_v262144.r00	-	50000000	1	5122	0	1
v-rad_v262144.r01	-	50000000	1	50005122	0	49
v-rad_v262144.r02	-	50000000	1	100005122	0	97
v-rad_v262144.r03	-	50000000	1	150005122	0	145
v-rad_v262144.r04	-	50000000	1	200005122	0	193
v-rad_v262144.r05	-	50000000	1	250005122	0	241
v-rad_v262144.r06	-	50000000	1	300005122	0	289
v-rad_v262144.r07	-	50000000	1	350005122	0	337
v-rad_v262144.r08	-	50000000	1	400005122	0	385
v-rad_v262144.r09	-	50000000	1	450005122	0	433
v-rad_v262144.r10	-	50000000	1	500005122	0	481
v-rad_v262144.r11	-	50000000	1	12251264	1	12
v-rad_v262144.r12	-	50000000	1	62251264	1	60
v-rad_v262144.r13	-	50000000	1	112251264	1	108
v-rad_v262144.r14	-	50000000	1	162251264	1	156
v-rad_v262144.r15	-	50000000	1	212251264	1	204
v-rad_v262144.r16	-	50000000	1	262251264	1	252
v-rad_v262144.r17	-	50000000	1	312251264	1	300
v-rad_v262144.r18	-	50000000	1	362251264	1	348
v-rad_v262144.r19	-	50000000	1	412251264	1	396
v-rad_v262144.r20	-	8237140	1	462251264	1	444
v-rad_v262144.rar	-	50000000	1	470488404	1	452
v-rad_v262144.sfv	-	616	1	520488404	1	500
