sxs-juicy_realm_v393216.nfo	-	6914	1	0	0	0
sxs-juicy_realm_v393216.r00	-	50000000	1	6914	0	1
sxs-juicy_realm_v393216.r01	-	50000000	1	50006914	0	49
sxs-juicy_realm_v393216.r02	-	50000000	1	100006914	0	97
sxs-juicy_realm_v393216.r03	-	50000000	1	150006914	0	145
sxs-juicy_realm_v393216.r04	-	50000000	1	200006914	0	193
sxs-juicy_realm_v393216.r05	-	50000000	1	250006914	0	241
sxs-juicy_realm_v393216.r06	-	50000000	1	300006914	0	289
sxs-juicy_realm_v393216.r07	-	50000000	1	350006914	0	337
sxs-juicy_realm_v393216.r08	-	50000000	1	400006914	0	385
sxs-juicy_realm_v393216.r09	-	1966232	1	450006914	0	433
sxs-juicy_realm_v393216.rar	-	50000000	1	451973146	0	435
sxs-juicy_realm_v393216.sfv	-	418	1	501973146	0	483
