bbb-n-ackbaf.nfo	-	5517	1	0	0	0
bbb-n-ackbaf.part01.rar	-	250000000	1	5517	0	1
bbb-n-ackbaf.part02.rar	-	250000000	1	250005517	0	240
bbb-n-ackbaf.part03.rar	-	250000000	1	500005517	0	479
bbb-n-ackbaf.part04.rar	-	250000000	1	212251264	1	203
bbb-n-ackbaf.part05.rar	-	250000000	1	462251264	1	442
bbb-n-ackbaf.part06.rar	-	250000000	1	174502528	2	167
bbb-n-ackbaf.part07.rar	-	250000000	1	424502528	2	406
bbb-n-ackbaf.part08.rar	-	250000000	1	136753792	3	131
bbb-n-ackbaf.part09.rar	-	250000000	1	386753792	3	370
bbb-n-ackbaf.part10.rar	-	250000000	1	99005056	4	95
bbb-n-ackbaf.part11.rar	-	250000000	1	349005056	4	334
bbb-n-ackbaf.part12.rar	-	250000000	1	61256320	5	59
bbb-n-ackbaf.part13.rar	-	250000000	1	311256320	5	298
bbb-n-ackbaf.part14.rar	-	250000000	1	23507584	6	23
bbb-n-ackbaf.part15.rar	-	250000000	1	273507584	6	262
bbb-n-ackbaf.part16.rar	-	250000000	1	523507584	6	501
bbb-n-ackbaf.part17.rar	-	250000000	1	236368512	7	226
bbb-n-ackbaf.part18.rar	-	250000000	1	486368512	7	465
bbb-n-ackbaf.part19.rar	-	250000000	1	198619776	8	190
bbb-n-ackbaf.part20.rar	-	250000000	1	448619776	8	429
bbb-n-ackbaf.part21.rar	-	250000000	1	160871040	9	154
bbb-n-ackbaf.part22.rar	-	250000000	1	410871040	9	393
bbb-n-ackbaf.part23.rar	-	250000000	1	123122304	10	118
bbb-n-ackbaf.part24.rar	-	22479249	1	373122304	10	357
bbb-n-ackbaf.sfv	-	816	1	395601553	10	379
