v-okunoka_v131072.nfo	-	5045	1	0	0	0
v-okunoka_v131072.r00	-	50000000	1	5045	0	1
v-okunoka_v131072.r01	-	50000000	1	50005045	0	49
v-okunoka_v131072.r02	-	50000000	1	100005045	0	97
v-okunoka_v131072.r03	-	50000000	1	150005045	0	145
v-okunoka_v131072.r04	-	50000000	1	200005045	0	193
v-okunoka_v131072.r05	-	50000000	1	250005045	0	241
v-okunoka_v131072.r06	-	50000000	1	300005045	0	289
v-okunoka_v131072.r07	-	50000000	1	350005045	0	337
v-okunoka_v131072.r08	-	7885541	1	400005045	0	385
v-okunoka_v131072.rar	-	50000000	1	407890586	0	393
v-okunoka_v131072.sfv	-	320	1	457890586	0	441
