lfc-ohor.nfo	-	5545	1	0	0	0
lfc-ohor.r00	-	50000000	1	5545	0	1
lfc-ohor.r01	-	50000000	1	50005545	0	49
lfc-ohor.r02	-	50000000	1	100005545	0	97
lfc-ohor.r03	-	50000000	1	150005545	0	145
lfc-ohor.r04	-	50000000	1	200005545	0	193
lfc-ohor.r05	-	50000000	1	250005545	0	241
lfc-ohor.r06	-	50000000	1	300005545	0	289
lfc-ohor.r07	-	50000000	1	350005545	0	337
lfc-ohor.r08	-	50000000	1	400005545	0	385
lfc-ohor.r09	-	50000000	1	450005545	0	433
lfc-ohor.r10	-	42638560	1	500005545	0	481
lfc-ohor.rar	-	50000000	1	4889824	1	5
lfc-ohor.sfv	-	276	1	54889824	1	53
