sxs-lego_2k_drive_v393216.nfo	-	7070	1	0	0	0
sxs-lego_2k_drive_v393216.r00	-	100000000	1	7070	0	1
sxs-lego_2k_drive_v393216.r01	-	100000000	1	100007070	0	97
sxs-lego_2k_drive_v393216.r02	-	100000000	1	200007070	0	193
sxs-lego_2k_drive_v393216.r03	-	100000000	1	300007070	0	289
sxs-lego_2k_drive_v393216.r04	-	100000000	1	400007070	0	385
sxs-lego_2k_drive_v393216.r05	-	100000000	1	500007070	0	481
sxs-lego_2k_drive_v393216.r06	-	100000000	1	62251264	1	60
sxs-lego_2k_drive_v393216.r07	-	100000000	1	162251264	1	156
sxs-lego_2k_drive_v393216.r08	-	100000000	1	262251264	1	252
sxs-lego_2k_drive_v393216.r09	-	100000000	1	362251264	1	348
sxs-lego_2k_drive_v393216.r10	-	100000000	1	462251264	1	444
sxs-lego_2k_drive_v393216.r11	-	100000000	1	24502528	2	24
sxs-lego_2k_drive_v393216.r12	-	100000000	1	124502528	2	120
sxs-lego_2k_drive_v393216.r13	-	100000000	1	224502528	2	216
sxs-lego_2k_drive_v393216.r14	-	100000000	1	324502528	2	312
sxs-lego_2k_drive_v393216.r15	-	100000000	1	424502528	2	408
sxs-lego_2k_drive_v393216.r16	-	100000000	1	524502528	2	504
sxs-lego_2k_drive_v393216.r17	-	100000000	1	87417088	3	84
sxs-lego_2k_drive_v393216.r18	-	100000000	1	187417088	3	180
sxs-lego_2k_drive_v393216.r19	-	100000000	1	287417088	3	276
sxs-lego_2k_drive_v393216.r20	-	100000000	1	387417088	3	372
sxs-lego_2k_drive_v393216.r21	-	100000000	1	487417088	3	468
sxs-lego_2k_drive_v393216.r22	-	100000000	1	49668352	4	48
sxs-lego_2k_drive_v393216.r23	-	100000000	1	149668352	4	144
sxs-lego_2k_drive_v393216.r24	-	100000000	1	249668352	4	240
sxs-lego_2k_drive_v393216.r25	-	100000000	1	349668352	4	336
sxs-lego_2k_drive_v393216.r26	-	100000000	1	449668352	4	432
sxs-lego_2k_drive_v393216.r27	-	100000000	1	11919616	5	12
sxs-lego_2k_drive_v393216.r28	-	61757854	1	111919616	5	108
sxs-lego_2k_drive_v393216.rar	-	100000000	1	173677470	5	167
sxs-lego_2k_drive_v393216.sfv	-	1200	1	273677470	5	263
