v-sky_racket_v524288.nfo	-	6610	1	0	0	0
v-sky_racket_v524288.r00	-	50000000	1	6610	0	1
v-sky_racket_v524288.r01	-	50000000	1	50006610	0	49
v-sky_racket_v524288.r02	-	50000000	1	100006610	0	97
v-sky_racket_v524288.r03	-	50000000	1	150006610	0	145
v-sky_racket_v524288.r04	-	50000000	1	200006610	0	193
v-sky_racket_v524288.r05	-	50000000	1	250006610	0	241
v-sky_racket_v524288.r06	-	50000000	1	300006610	0	289
v-sky_racket_v524288.r07	-	50000000	1	350006610	0	337
v-sky_racket_v524288.r08	-	50000000	1	400006610	0	385
v-sky_racket_v524288.r09	-	50000000	1	450006610	0	433
v-sky_racket_v524288.r10	-	50000000	1	500006610	0	481
v-sky_racket_v524288.r11	-	8183544	1	12251264	1	12
v-sky_racket_v524288.rar	-	50000000	1	20434808	1	20
v-sky_racket_v524288.sfv	-	455	1	70434808	1	68
