v-tgwre_v196608.nfo	-	4065	1	0	0	0
v-tgwre_v196608.r00	-	50000000	1	4065	0	1
v-tgwre_v196608.r01	-	50000000	1	50004065	0	49
v-tgwre_v196608.r02	-	50000000	1	100004065	0	97
v-tgwre_v196608.r03	-	50000000	1	150004065	0	145
v-tgwre_v196608.r04	-	50000000	1	200004065	0	193
v-tgwre_v196608.r05	-	50000000	1	250004065	0	241
v-tgwre_v196608.r06	-	50000000	1	300004065	0	289
v-tgwre_v196608.r07	-	50000000	1	350004065	0	337
v-tgwre_v196608.r08	-	50000000	1	400004065	0	385
v-tgwre_v196608.r09	-	50000000	1	450004065	0	433
v-tgwre_v196608.r10	-	50000000	1	500004065	0	481
v-tgwre_v196608.r11	-	50000000	1	12251264	1	12
v-tgwre_v196608.r12	-	50000000	1	62251264	1	60
v-tgwre_v196608.r13	-	50000000	1	112251264	1	108
v-tgwre_v196608.r14	-	50000000	1	162251264	1	156
v-tgwre_v196608.r15	-	50000000	1	212251264	1	204
v-tgwre_v196608.r16	-	50000000	1	262251264	1	252
v-tgwre_v196608.r17	-	50000000	1	312251264	1	300
v-tgwre_v196608.r18	-	50000000	1	362251264	1	348
v-tgwre_v196608.r19	-	28218005	1	412251264	1	396
v-tgwre_v196608.rar	-	50000000	1	440469269	1	423
v-tgwre_v196608.sfv	-	630	1	490469269	1	471
