sxs-nerf_legends_v65536.nfo	-	5826	1	0	0	0
sxs-nerf_legends_v65536.r00	-	50000000	1	5826	0	1
sxs-nerf_legends_v65536.r01	-	50000000	1	50005826	0	49
sxs-nerf_legends_v65536.r02	-	50000000	1	100005826	0	97
sxs-nerf_legends_v65536.r03	-	50000000	1	150005826	0	145
sxs-nerf_legends_v65536.r04	-	50000000	1	200005826	0	193
sxs-nerf_legends_v65536.r05	-	50000000	1	250005826	0	241
sxs-nerf_legends_v65536.r06	-	34257892	1	300005826	0	289
sxs-nerf_legends_v65536.rar	-	50000000	1	334263718	0	322
sxs-nerf_legends_v65536.sfv	-	304	1	384263718	0	370
