sxs-morphies_law_v458752.nfo	-	4418	1	0	0	0
sxs-morphies_law_v458752.r00	-	50000000	1	4418	0	1
sxs-morphies_law_v458752.r01	-	50000000	1	50004418	0	49
sxs-morphies_law_v458752.r02	-	50000000	1	100004418	0	97
sxs-morphies_law_v458752.r03	-	50000000	1	150004418	0	145
sxs-morphies_law_v458752.r04	-	50000000	1	200004418	0	193
sxs-morphies_law_v458752.r05	-	50000000	1	250004418	0	241
sxs-morphies_law_v458752.r06	-	50000000	1	300004418	0	289
sxs-morphies_law_v458752.r07	-	50000000	1	350004418	0	337
sxs-morphies_law_v458752.r08	-	50000000	1	400004418	0	385
sxs-morphies_law_v458752.r09	-	50000000	1	450004418	0	433
sxs-morphies_law_v458752.r10	-	50000000	1	500004418	0	481
sxs-morphies_law_v458752.r11	-	50000000	1	12251264	1	12
sxs-morphies_law_v458752.r12	-	50000000	1	62251264	1	60
sxs-morphies_law_v458752.r13	-	50000000	1	112251264	1	108
sxs-morphies_law_v458752.r14	-	50000000	1	162251264	1	156
sxs-morphies_law_v458752.r15	-	50000000	1	212251264	1	204
sxs-morphies_law_v458752.r16	-	50000000	1	262251264	1	252
sxs-morphies_law_v458752.r17	-	50000000	1	312251264	1	300
sxs-morphies_law_v458752.r18	-	50000000	1	362251264	1	348
sxs-morphies_law_v458752.r19	-	50000000	1	412251264	1	396
sxs-morphies_law_v458752.r20	-	50000000	1	462251264	1	444
sxs-morphies_law_v458752.r21	-	50000000	1	512251264	1	492
sxs-morphies_law_v458752.r22	-	50000000	1	24834176	2	24
sxs-morphies_law_v458752.r23	-	29833609	1	74834176	2	72
sxs-morphies_law_v458752.rar	-	50000000	1	104667785	2	101
sxs-morphies_law_v458752.sfv	-	975	1	154667785	2	149
