v-no_more_heroes_v131072.nfo	-	4966	1	0	0	0
v-no_more_heroes_v131072.r00	-	50000000	1	4966	0	1
v-no_more_heroes_v131072.r01	-	50000000	1	50004966	0	49
v-no_more_heroes_v131072.r02	-	50000000	1	100004966	0	97
v-no_more_heroes_v131072.r03	-	50000000	1	150004966	0	145
v-no_more_heroes_v131072.r04	-	50000000	1	200004966	0	193
v-no_more_heroes_v131072.r05	-	50000000	1	250004966	0	241
v-no_more_heroes_v131072.r06	-	50000000	1	300004966	0	289
v-no_more_heroes_v131072.r07	-	50000000	1	350004966	0	337
v-no_more_heroes_v131072.r08	-	50000000	1	400004966	0	385
v-no_more_heroes_v131072.r09	-	50000000	1	450004966	0	433
v-no_more_heroes_v131072.r10	-	50000000	1	500004966	0	481
v-no_more_heroes_v131072.r11	-	50000000	1	12251264	1	12
v-no_more_heroes_v131072.r12	-	50000000	1	62251264	1	60
v-no_more_heroes_v131072.r13	-	50000000	1	112251264	1	108
v-no_more_heroes_v131072.r14	-	31312984	1	162251264	1	156
v-no_more_heroes_v131072.rar	-	50000000	1	193564248	1	186
v-no_more_heroes_v131072.sfv	-	624	1	243564248	1	234
