Proof	d	0	1	0	0	0
Proof/sxs-smile_for_me.jpg	-	145894	1	0	0	0
sxs-smile_for_me.nfo	-	8006	1	145894	0	1
sxs-smile_for_me.r00	-	100000000	1	153900	0	2
sxs-smile_for_me.r01	-	100000000	1	100153900	0	98
sxs-smile_for_me.r02	-	100000000	1	200153900	0	194
sxs-smile_for_me.r03	-	100000000	1	300153900	0	290
sxs-smile_for_me.r04	-	100000000	1	400153900	0	386
sxs-smile_for_me.r05	-	100000000	1	500153900	0	482
sxs-smile_for_me.r06	-	100000000	1	62251264	1	60
sxs-smile_for_me.r07	-	100000000	1	162251264	1	156
sxs-smile_for_me.r08	-	100000000	1	262251264	1	252
sxs-smile_for_me.r09	-	100000000	1	362251264	1	348
sxs-smile_for_me.r10	-	100000000	1	462251264	1	444
sxs-smile_for_me.r11	-	100000000	1	24502528	2	24
sxs-smile_for_me.r12	-	100000000	1	124502528	2	120
sxs-smile_for_me.r13	-	100000000	1	224502528	2	216
sxs-smile_for_me.r14	-	100000000	1	324502528	2	312
sxs-smile_for_me.r15	-	100000000	1	424502528	2	408
sxs-smile_for_me.r16	-	100000000	1	524502528	2	504
sxs-smile_for_me.r17	-	100000000	1	87417088	3	84
sxs-smile_for_me.r18	-	100000000	1	187417088	3	180
sxs-smile_for_me.r19	-	100000000	1	287417088	3	276
sxs-smile_for_me.r20	-	100000000	1	387417088	3	372
sxs-smile_for_me.r21	-	100000000	1	487417088	3	468
sxs-smile_for_me.r22	-	100000000	1	49668352	4	48
sxs-smile_for_me.r23	-	100000000	1	149668352	4	144
sxs-smile_for_me.r24	-	100000000	1	249668352	4	240
sxs-smile_for_me.r25	-	100000000	1	349668352	4	336
sxs-smile_for_me.r26	-	100000000	1	449668352	4	432
sxs-smile_for_me.r27	-	100000000	1	11919616	5	12
sxs-smile_for_me.r28	-	6033774	1	111919616	5	108
sxs-smile_for_me.rar	-	100000000	1	117953390	5	114
sxs-smile_for_me.sfv	-	930	1	217953390	5	210
