v-doom_1993_v262144.nfo	-	5512	1	0	0	0
v-doom_1993_v262144.r00	-	50000000	1	5512	0	1
v-doom_1993_v262144.r01	-	50000000	1	50005512	0	49
v-doom_1993_v262144.r02	-	50000000	1	100005512	0	97
v-doom_1993_v262144.r03	-	50000000	1	150005512	0	145
v-doom_1993_v262144.r04	-	50000000	1	200005512	0	193
v-doom_1993_v262144.r05	-	50000000	1	250005512	0	241
v-doom_1993_v262144.r06	-	50000000	1	300005512	0	289
v-doom_1993_v262144.r07	-	50000000	1	350005512	0	337
v-doom_1993_v262144.r08	-	50000000	1	400005512	0	385
v-doom_1993_v262144.r09	-	50000000	1	450005512	0	433
v-doom_1993_v262144.r10	-	50000000	1	500005512	0	481
v-doom_1993_v262144.r11	-	50000000	1	12251264	1	12
v-doom_1993_v262144.r12	-	48163021	1	62251264	1	60
v-doom_1993_v262144.rar	-	50000000	1	110414285	1	106
v-doom_1993_v262144.sfv	-	476	1	160414285	1	154
