n-littleracer.nfo	-	317	1	0	0	0
n-littleracer.r00	-	50000000	1	317	0	1
n-littleracer.r01	-	50000000	1	50000317	0	49
n-littleracer.r02	-	50000000	1	100000317	0	97
n-littleracer.r03	-	50000000	1	150000317	0	145
n-littleracer.r04	-	50000000	1	200000317	0	193
n-littleracer.r05	-	50000000	1	250000317	0	241
n-littleracer.r06	-	50000000	1	300000317	0	289
n-littleracer.r07	-	50000000	1	350000317	0	337
n-littleracer.r08	-	50000000	1	400000317	0	385
n-littleracer.r09	-	50000000	1	450000317	0	433
n-littleracer.r10	-	50000000	1	500000317	0	481
n-littleracer.r11	-	12424371	1	12251264	1	12
n-littleracer.rar	-	50000000	1	24675635	1	24
n-littleracer.sfv	-	364	1	74675635	1	72
