sxs-fight_crab_v655360.nfo	-	5744	1	0	0	0
sxs-fight_crab_v655360.r00	-	50000000	1	5744	0	1
sxs-fight_crab_v655360.r01	-	50000000	1	50005744	0	49
sxs-fight_crab_v655360.r02	-	50000000	1	100005744	0	97
sxs-fight_crab_v655360.r03	-	50000000	1	150005744	0	145
sxs-fight_crab_v655360.r04	-	50000000	1	200005744	0	193
sxs-fight_crab_v655360.r05	-	50000000	1	250005744	0	241
sxs-fight_crab_v655360.r06	-	50000000	1	300005744	0	289
sxs-fight_crab_v655360.r07	-	13041752	1	350005744	0	337
sxs-fight_crab_v655360.rar	-	50000000	1	363047496	0	350
sxs-fight_crab_v655360.sfv	-	333	1	413047496	0	398
