Proof	d	0	1	0	0	0
Proof/v-burnpr.jpg	-	2019033	1	0	0	0
v-burnpr.nfo	-	6916	1	2019033	0	2
v-burnpr.r00	-	50000000	1	2025949	0	3
v-burnpr.r01	-	50000000	1	52025949	0	51
v-burnpr.r02	-	50000000	1	102025949	0	99
v-burnpr.r03	-	50000000	1	152025949	0	147
v-burnpr.r04	-	50000000	1	202025949	0	195
v-burnpr.r05	-	50000000	1	252025949	0	243
v-burnpr.r06	-	50000000	1	302025949	0	291
v-burnpr.r07	-	50000000	1	352025949	0	339
v-burnpr.r08	-	50000000	1	402025949	0	387
v-burnpr.r09	-	50000000	1	452025949	0	435
v-burnpr.r10	-	50000000	1	502025949	0	483
v-burnpr.r11	-	50000000	1	14348416	1	14
v-burnpr.r12	-	50000000	1	64348416	1	62
v-burnpr.r13	-	50000000	1	114348416	1	110
v-burnpr.r14	-	50000000	1	164348416	1	158
v-burnpr.r15	-	50000000	1	214348416	1	206
v-burnpr.r16	-	50000000	1	264348416	1	254
v-burnpr.r17	-	50000000	1	314348416	1	302
v-burnpr.r18	-	50000000	1	364348416	1	350
v-burnpr.r19	-	50000000	1	414348416	1	398
v-burnpr.r20	-	50000000	1	464348416	1	446
v-burnpr.r21	-	50000000	1	514348416	1	494
v-burnpr.r22	-	50000000	1	26931328	2	26
v-burnpr.r23	-	50000000	1	76931328	2	74
v-burnpr.r24	-	50000000	1	126931328	2	122
v-burnpr.r25	-	50000000	1	176931328	2	170
v-burnpr.r26	-	50000000	1	226931328	2	218
v-burnpr.r27	-	50000000	1	276931328	2	266
v-burnpr.r28	-	50000000	1	326931328	2	314
v-burnpr.r29	-	50000000	1	376931328	2	362
v-burnpr.r30	-	50000000	1	426931328	2	410
v-burnpr.r31	-	50000000	1	476931328	2	458
v-burnpr.r32	-	50000000	1	526931328	2	506
v-burnpr.r33	-	50000000	1	39514240	3	38
v-burnpr.r34	-	50000000	1	89514240	3	86
v-burnpr.r35	-	50000000	1	139514240	3	134
v-burnpr.r36	-	50000000	1	189514240	3	182
v-burnpr.r37	-	50000000	1	239514240	3	230
v-burnpr.r38	-	50000000	1	289514240	3	278
v-burnpr.r39	-	50000000	1	339514240	3	326
v-burnpr.r40	-	50000000	1	389514240	3	374
v-burnpr.r41	-	50000000	1	439514240	3	422
v-burnpr.r42	-	50000000	1	489514240	3	470
v-burnpr.r43	-	50000000	1	1765504	4	2
v-burnpr.r44	-	50000000	1	51765504	4	50
v-burnpr.r45	-	50000000	1	101765504	4	98
v-burnpr.r46	-	50000000	1	151765504	4	146
v-burnpr.r47	-	50000000	1	201765504	4	194
v-burnpr.r48	-	50000000	1	251765504	4	242
v-burnpr.r49	-	50000000	1	301765504	4	290
v-burnpr.r50	-	50000000	1	351765504	4	338
v-burnpr.r51	-	50000000	1	401765504	4	386
v-burnpr.r52	-	50000000	1	451765504	4	434
v-burnpr.r53	-	50000000	1	501765504	4	482
v-burnpr.r54	-	50000000	1	14348416	5	14
v-burnpr.r55	-	50000000	1	64348416	5	62
v-burnpr.r56	-	50000000	1	114348416	5	110
v-burnpr.r57	-	50000000	1	164348416	5	158
v-burnpr.r58	-	50000000	1	214348416	5	206
v-burnpr.r59	-	50000000	1	264348416	5	254
v-burnpr.r60	-	50000000	1	314348416	5	302
v-burnpr.r61	-	50000000	1	364348416	5	350
v-burnpr.r62	-	50000000	1	414348416	5	398
v-burnpr.r63	-	50000000	1	464348416	5	446
v-burnpr.r64	-	50000000	1	514348416	5	494
v-burnpr.r65	-	50000000	1	26931328	6	26
v-burnpr.r66	-	50000000	1	76931328	6	74
v-burnpr.r67	-	50000000	1	126931328	6	122
v-burnpr.r68	-	50000000	1	176931328	6	170
v-burnpr.r69	-	50000000	1	226931328	6	218
v-burnpr.r70	-	50000000	1	276931328	6	266
v-burnpr.r71	-	50000000	1	326931328	6	314
v-burnpr.r72	-	50000000	1	376931328	6	362
v-burnpr.r73	-	50000000	1	426931328	6	410
v-burnpr.r74	-	50000000	1	476931328	6	458
v-burnpr.r75	-	50000000	1	526931328	6	506
v-burnpr.r76	-	50000000	1	39514240	7	38
v-burnpr.r77	-	50000000	1	89514240	7	86
v-burnpr.r78	-	50000000	1	139514240	7	134
v-burnpr.r79	-	50000000	1	189514240	7	182
v-burnpr.r80	-	50000000	1	239514240	7	230
v-burnpr.r81	-	50000000	1	289514240	7	278
v-burnpr.r82	-	50000000	1	339514240	7	326
v-burnpr.r83	-	50000000	1	389514240	7	374
v-burnpr.r84	-	50000000	1	439514240	7	422
v-burnpr.r85	-	50000000	1	489514240	7	470
v-burnpr.r86	-	50000000	1	1765504	8	2
v-burnpr.r87	-	50000000	1	51765504	8	50
v-burnpr.r88	-	50000000	1	101765504	8	98
v-burnpr.r89	-	50000000	1	151765504	8	146
v-burnpr.r90	-	50000000	1	201765504	8	194
v-burnpr.r91	-	20307193	1	251765504	8	242
v-burnpr.rar	-	50000000	1	272072697	8	262
v-burnpr.sfv	-	2139	1	322072697	8	310
