v-inkulinati.nfo	-	10036	1	0	0	0
v-inkulinati.r00	-	100000000	1	10036	0	1
v-inkulinati.r01	-	100000000	1	100010036	0	97
v-inkulinati.r02	-	100000000	1	200010036	0	193
v-inkulinati.r03	-	100000000	1	300010036	0	289
v-inkulinati.r04	-	100000000	1	400010036	0	385
v-inkulinati.r05	-	100000000	1	500010036	0	481
v-inkulinati.r06	-	100000000	1	62251264	1	60
v-inkulinati.r07	-	100000000	1	162251264	1	156
v-inkulinati.r08	-	100000000	1	262251264	1	252
v-inkulinati.r09	-	100000000	1	362251264	1	348
v-inkulinati.r10	-	100000000	1	462251264	1	444
v-inkulinati.r11	-	100000000	1	24502528	2	24
v-inkulinati.r12	-	100000000	1	124502528	2	120
v-inkulinati.r13	-	100000000	1	224502528	2	216
v-inkulinati.r14	-	100000000	1	324502528	2	312
v-inkulinati.r15	-	100000000	1	424502528	2	408
v-inkulinati.r16	-	100000000	1	524502528	2	504
v-inkulinati.r17	-	100000000	1	87417088	3	84
v-inkulinati.r18	-	100000000	1	187417088	3	180
v-inkulinati.r19	-	100000000	1	287417088	3	276
v-inkulinati.r20	-	100000000	1	387417088	3	372
v-inkulinati.r21	-	100000000	1	487417088	3	468
v-inkulinati.r22	-	100000000	1	49668352	4	48
v-inkulinati.r23	-	100000000	1	149668352	4	144
v-inkulinati.r24	-	100000000	1	249668352	4	240
v-inkulinati.r25	-	100000000	1	349668352	4	336
v-inkulinati.r26	-	100000000	1	449668352	4	432
v-inkulinati.r27	-	100000000	1	11919616	5	12
v-inkulinati.r28	-	100000000	1	111919616	5	108
v-inkulinati.r29	-	100000000	1	211919616	5	204
v-inkulinati.r30	-	100000000	1	311919616	5	300
v-inkulinati.r31	-	100000000	1	411919616	5	396
v-inkulinati.r32	-	100000000	1	511919616	5	492
v-inkulinati.r33	-	100000000	1	74834176	6	72
v-inkulinati.r34	-	95585710	1	174834176	6	168
v-inkulinati.rar	-	100000000	1	270419886	6	260
v-inkulinati.sfv	-	972	1	370419886	6	356
