nnssww_wolfstride.nfo	-	1102	1	0	0	0
nnssww_wolfstride.r00	-	100000000	1	1102	0	1
nnssww_wolfstride.r01	-	100000000	1	100001102	0	97
nnssww_wolfstride.r02	-	100000000	1	200001102	0	193
nnssww_wolfstride.r03	-	100000000	1	300001102	0	289
nnssww_wolfstride.r04	-	100000000	1	400001102	0	385
nnssww_wolfstride.r05	-	100000000	1	500001102	0	481
nnssww_wolfstride.r06	-	100000000	1	62251264	1	60
nnssww_wolfstride.r07	-	100000000	1	162251264	1	156
nnssww_wolfstride.r08	-	100000000	1	262251264	1	252
nnssww_wolfstride.r09	-	100000000	1	362251264	1	348
nnssww_wolfstride.r10	-	100000000	1	462251264	1	444
nnssww_wolfstride.r11	-	100000000	1	24502528	2	24
nnssww_wolfstride.r12	-	100000000	1	124502528	2	120
nnssww_wolfstride.r13	-	100000000	1	224502528	2	216
nnssww_wolfstride.r14	-	100000000	1	324502528	2	312
nnssww_wolfstride.r15	-	100000000	1	424502528	2	408
nnssww_wolfstride.r16	-	100000000	1	524502528	2	504
nnssww_wolfstride.r17	-	100000000	1	87417088	3	84
nnssww_wolfstride.r18	-	100000000	1	187417088	3	180
nnssww_wolfstride.r19	-	100000000	1	287417088	3	276
nnssww_wolfstride.r20	-	100000000	1	387417088	3	372
nnssww_wolfstride.r21	-	100000000	1	487417088	3	468
nnssww_wolfstride.r22	-	100000000	1	49668352	4	48
nnssww_wolfstride.r23	-	100000000	1	149668352	4	144
nnssww_wolfstride.r24	-	100000000	1	249668352	4	240
nnssww_wolfstride.r25	-	100000000	1	349668352	4	336
nnssww_wolfstride.r26	-	100000000	1	449668352	4	432
nnssww_wolfstride.r27	-	100000000	1	11919616	5	12
nnssww_wolfstride.r28	-	100000000	1	111919616	5	108
nnssww_wolfstride.r29	-	100000000	1	211919616	5	204
nnssww_wolfstride.r30	-	100000000	1	311919616	5	300
nnssww_wolfstride.r31	-	100000000	1	411919616	5	396
nnssww_wolfstride.r32	-	100000000	1	511919616	5	492
nnssww_wolfstride.r33	-	100000000	1	74834176	6	72
nnssww_wolfstride.r34	-	100000000	1	174834176	6	168
nnssww_wolfstride.r35	-	100000000	1	274834176	6	264
nnssww_wolfstride.r36	-	100000000	1	374834176	6	360
nnssww_wolfstride.r37	-	100000000	1	474834176	6	456
nnssww_wolfstride.r38	-	100000000	1	37085440	7	36
nnssww_wolfstride.r39	-	100000000	1	137085440	7	132
nnssww_wolfstride.r40	-	100000000	1	237085440	7	228
nnssww_wolfstride.r41	-	100000000	1	337085440	7	324
nnssww_wolfstride.r42	-	29698546	1	437085440	7	420
nnssww_wolfstride.rar	-	100000000	1	466783986	7	449
nnssww_wolfstride.sfv	-	1408	1	29745408	8	29
