bbb-h-abybap.nfo	-	5517	1	0	0	0
bbb-h-abybap.part01.rar	-	250000000	1	5517	0	1
bbb-h-abybap.part02.rar	-	250000000	1	250005517	0	240
bbb-h-abybap.part03.rar	-	250000000	1	500005517	0	479
bbb-h-abybap.part04.rar	-	250000000	1	212251264	1	203
bbb-h-abybap.part05.rar	-	250000000	1	462251264	1	442
bbb-h-abybap.part06.rar	-	250000000	1	174502528	2	167
bbb-h-abybap.part07.rar	-	250000000	1	424502528	2	406
bbb-h-abybap.part08.rar	-	250000000	1	136753792	3	131
bbb-h-abybap.part09.rar	-	250000000	1	386753792	3	370
bbb-h-abybap.part10.rar	-	250000000	1	99005056	4	95
bbb-h-abybap.part11.rar	-	250000000	1	349005056	4	334
bbb-h-abybap.part12.rar	-	250000000	1	61256320	5	59
bbb-h-abybap.part13.rar	-	250000000	1	311256320	5	298
bbb-h-abybap.part14.rar	-	250000000	1	23507584	6	23
bbb-h-abybap.part15.rar	-	250000000	1	273507584	6	262
bbb-h-abybap.part16.rar	-	250000000	1	523507584	6	501
bbb-h-abybap.part17.rar	-	250000000	1	236368512	7	226
bbb-h-abybap.part18.rar	-	250000000	1	486368512	7	465
bbb-h-abybap.part19.rar	-	250000000	1	198619776	8	190
bbb-h-abybap.part20.rar	-	250000000	1	448619776	8	429
bbb-h-abybap.part21.rar	-	250000000	1	160871040	9	154
bbb-h-abybap.part22.rar	-	250000000	1	410871040	9	393
bbb-h-abybap.part23.rar	-	250000000	1	123122304	10	118
bbb-h-abybap.part24.rar	-	250000000	1	373122304	10	357
bbb-h-abybap.part25.rar	-	250000000	1	85373568	11	82
bbb-h-abybap.part26.rar	-	250000000	1	335373568	11	321
bbb-h-abybap.part27.rar	-	250000000	1	47624832	12	46
bbb-h-abybap.part28.rar	-	250000000	1	297624832	12	285
bbb-h-abybap.part29.rar	-	163208598	1	9876096	13	10
bbb-h-abybap.sfv	-	986	1	173084694	13	166
