hr-a6jna.nfo	-	11258	1	0	0	0
hr-a6jna.r00	-	100000000	1	11258	0	1
hr-a6jna.r01	-	100000000	1	100011258	0	97
hr-a6jna.r02	-	100000000	1	200011258	0	193
hr-a6jna.r03	-	100000000	1	300011258	0	289
hr-a6jna.r04	-	100000000	1	400011258	0	385
hr-a6jna.r05	-	100000000	1	500011258	0	481
hr-a6jna.r06	-	100000000	1	62251264	1	60
hr-a6jna.r07	-	100000000	1	162251264	1	156
hr-a6jna.r08	-	100000000	1	262251264	1	252
hr-a6jna.r09	-	100000000	1	362251264	1	348
hr-a6jna.r10	-	100000000	1	462251264	1	444
hr-a6jna.r11	-	100000000	1	24502528	2	24
hr-a6jna.r12	-	100000000	1	124502528	2	120
hr-a6jna.r13	-	100000000	1	224502528	2	216
hr-a6jna.r14	-	100000000	1	324502528	2	312
hr-a6jna.r15	-	100000000	1	424502528	2	408
hr-a6jna.r16	-	100000000	1	524502528	2	504
hr-a6jna.r17	-	100000000	1	87417088	3	84
hr-a6jna.r18	-	100000000	1	187417088	3	180
hr-a6jna.r19	-	100000000	1	287417088	3	276
hr-a6jna.r20	-	100000000	1	387417088	3	372
hr-a6jna.r21	-	100000000	1	487417088	3	468
hr-a6jna.r22	-	100000000	1	49668352	4	48
hr-a6jna.r23	-	100000000	1	149668352	4	144
hr-a6jna.r24	-	100000000	1	249668352	4	240
hr-a6jna.r25	-	100000000	1	349668352	4	336
hr-a6jna.r26	-	100000000	1	449668352	4	432
hr-a6jna.r27	-	100000000	1	11919616	5	12
hr-a6jna.r28	-	100000000	1	111919616	5	108
hr-a6jna.r29	-	100000000	1	211919616	5	204
hr-a6jna.r30	-	100000000	1	311919616	5	300
hr-a6jna.r31	-	100000000	1	411919616	5	396
hr-a6jna.r32	-	100000000	1	511919616	5	492
hr-a6jna.r33	-	100000000	1	74834176	6	72
hr-a6jna.r34	-	100000000	1	174834176	6	168
hr-a6jna.r35	-	100000000	1	274834176	6	264
hr-a6jna.r36	-	100000000	1	374834176	6	360
hr-a6jna.r37	-	100000000	1	474834176	6	456
hr-a6jna.r38	-	100000000	1	37085440	7	36
hr-a6jna.r39	-	100000000	1	137085440	7	132
hr-a6jna.r40	-	100000000	1	237085440	7	228
hr-a6jna.r41	-	100000000	1	337085440	7	324
hr-a6jna.r42	-	100000000	1	437085440	7	420
hr-a6jna.r43	-	100000000	1	0	8	0
hr-a6jna.r44	-	100000000	1	100000000	8	96
hr-a6jna.r45	-	100000000	1	200000000	8	192
hr-a6jna.r46	-	100000000	1	300000000	8	288
hr-a6jna.r47	-	100000000	1	400000000	8	384
hr-a6jna.r48	-	100000000	1	500000000	8	480
hr-a6jna.r49	-	100000000	1	62251264	9	60
hr-a6jna.r50	-	100000000	1	162251264	9	156
hr-a6jna.r51	-	100000000	1	262251264	9	252
hr-a6jna.r52	-	100000000	1	362251264	9	348
hr-a6jna.r53	-	100000000	1	462251264	9	444
hr-a6jna.r54	-	100000000	1	24502528	10	24
hr-a6jna.r55	-	100000000	1	124502528	10	120
hr-a6jna.r56	-	100000000	1	224502528	10	216
hr-a6jna.r57	-	100000000	1	324502528	10	312
hr-a6jna.r58	-	100000000	1	424502528	10	408
hr-a6jna.r59	-	100000000	1	524502528	10	504
hr-a6jna.r60	-	100000000	1	87417088	11	84
hr-a6jna.r61	-	100000000	1	187417088	11	180
hr-a6jna.r62	-	100000000	1	287417088	11	276
hr-a6jna.r63	-	100000000	1	387417088	11	372
hr-a6jna.r64	-	100000000	1	487417088	11	468
hr-a6jna.r65	-	100000000	1	49668352	12	48
hr-a6jna.r66	-	100000000	1	149668352	12	144
hr-a6jna.r67	-	100000000	1	249668352	12	240
hr-a6jna.r68	-	100000000	1	349668352	12	336
hr-a6jna.r69	-	100000000	1	449668352	12	432
hr-a6jna.r70	-	100000000	1	11919616	13	12
hr-a6jna.r71	-	100000000	1	111919616	13	108
hr-a6jna.r72	-	100000000	1	211919616	13	204
hr-a6jna.r73	-	100000000	1	311919616	13	300
hr-a6jna.r74	-	100000000	1	411919616	13	396
hr-a6jna.r75	-	100000000	1	511919616	13	492
hr-a6jna.r76	-	100000000	1	74834176	14	72
hr-a6jna.r77	-	95445163	1	174834176	14	168
hr-a6jna.rar	-	100000000	1	270279339	14	260
hr-a6jna.sfv	-	1817	1	370279339	14	356
Proof	d	0	1	370281156	14	357
Proof/hr-a6jna.jpg	-	151895	1	370281156	14	357
