v-cmamac_v65536.nfo	-	5356	1	0	0	0
v-cmamac_v65536.r00	-	50000000	1	5356	0	1
v-cmamac_v65536.r01	-	50000000	1	50005356	0	49
v-cmamac_v65536.r02	-	50000000	1	100005356	0	97
v-cmamac_v65536.r03	-	50000000	1	150005356	0	145
v-cmamac_v65536.r04	-	50000000	1	200005356	0	193
v-cmamac_v65536.r05	-	50000000	1	250005356	0	241
v-cmamac_v65536.r06	-	50000000	1	300005356	0	289
v-cmamac_v65536.r07	-	50000000	1	350005356	0	337
v-cmamac_v65536.r08	-	50000000	1	400005356	0	385
v-cmamac_v65536.r09	-	50000000	1	450005356	0	433
v-cmamac_v65536.r10	-	50000000	1	500005356	0	481
v-cmamac_v65536.r11	-	50000000	1	12251264	1	12
v-cmamac_v65536.r12	-	50000000	1	62251264	1	60
v-cmamac_v65536.r13	-	50000000	1	112251264	1	108
v-cmamac_v65536.r14	-	50000000	1	162251264	1	156
v-cmamac_v65536.r15	-	50000000	1	212251264	1	204
v-cmamac_v65536.r16	-	50000000	1	262251264	1	252
v-cmamac_v65536.r17	-	50000000	1	312251264	1	300
v-cmamac_v65536.r18	-	50000000	1	362251264	1	348
v-cmamac_v65536.r19	-	50000000	1	412251264	1	396
v-cmamac_v65536.r20	-	50000000	1	462251264	1	444
v-cmamac_v65536.r21	-	50000000	1	512251264	1	492
v-cmamac_v65536.r22	-	50000000	1	24834176	2	24
v-cmamac_v65536.r23	-	50000000	1	74834176	2	72
v-cmamac_v65536.r24	-	50000000	1	124834176	2	120
v-cmamac_v65536.r25	-	50000000	1	174834176	2	168
v-cmamac_v65536.r26	-	5397591	1	224834176	2	216
v-cmamac_v65536.rar	-	50000000	1	230231767	2	222
v-cmamac_v65536.sfv	-	840	1	280231767	2	270
