v-ssbu_v131072.nfo	-	9334	1	0	0	0
v-ssbu_v131072.r00	-	50000000	1	9334	0	1
v-ssbu_v131072.r01	-	50000000	1	50009334	0	49
v-ssbu_v131072.r02	-	50000000	1	100009334	0	97
v-ssbu_v131072.r03	-	50000000	1	150009334	0	145
v-ssbu_v131072.r04	-	50000000	1	200009334	0	193
v-ssbu_v131072.r05	-	50000000	1	250009334	0	241
v-ssbu_v131072.r06	-	50000000	1	300009334	0	289
v-ssbu_v131072.r07	-	50000000	1	350009334	0	337
v-ssbu_v131072.r08	-	50000000	1	400009334	0	385
v-ssbu_v131072.r09	-	50000000	1	450009334	0	433
v-ssbu_v131072.r10	-	28573710	1	500009334	0	481
v-ssbu_v131072.rar	-	50000000	1	528583044	0	509
v-ssbu_v131072.sfv	-	348	1	41611392	1	40
