hr-ax3na.nfo	-	12635	1	0	0	0
hr-ax3na.r00	-	50000000	1	12635	0	1
hr-ax3na.r01	-	50000000	1	50012635	0	49
hr-ax3na.r02	-	50000000	1	100012635	0	97
hr-ax3na.r03	-	50000000	1	150012635	0	145
hr-ax3na.r04	-	50000000	1	200012635	0	193
hr-ax3na.r05	-	50000000	1	250012635	0	241
hr-ax3na.r06	-	50000000	1	300012635	0	289
hr-ax3na.r07	-	50000000	1	350012635	0	337
hr-ax3na.r08	-	50000000	1	400012635	0	385
hr-ax3na.r09	-	50000000	1	450012635	0	433
hr-ax3na.r10	-	50000000	1	500012635	0	481
hr-ax3na.r11	-	50000000	1	12251264	1	12
hr-ax3na.r12	-	50000000	1	62251264	1	60
hr-ax3na.r13	-	50000000	1	112251264	1	108
hr-ax3na.r14	-	50000000	1	162251264	1	156
hr-ax3na.r15	-	50000000	1	212251264	1	204
hr-ax3na.r16	-	50000000	1	262251264	1	252
hr-ax3na.r17	-	50000000	1	312251264	1	300
hr-ax3na.r18	-	50000000	1	362251264	1	348
hr-ax3na.r19	-	50000000	1	412251264	1	396
hr-ax3na.r20	-	50000000	1	462251264	1	444
hr-ax3na.r21	-	50000000	1	512251264	1	492
hr-ax3na.r22	-	50000000	1	24834176	2	24
hr-ax3na.r23	-	50000000	1	74834176	2	72
hr-ax3na.r24	-	50000000	1	124834176	2	120
hr-ax3na.r25	-	50000000	1	174834176	2	168
hr-ax3na.r26	-	50000000	1	224834176	2	216
hr-ax3na.r27	-	50000000	1	274834176	2	264
hr-ax3na.r28	-	50000000	1	324834176	2	312
hr-ax3na.r29	-	50000000	1	374834176	2	360
hr-ax3na.r30	-	50000000	1	424834176	2	408
hr-ax3na.r31	-	50000000	1	474834176	2	456
hr-ax3na.r32	-	50000000	1	524834176	2	504
hr-ax3na.r33	-	50000000	1	37417088	3	36
hr-ax3na.r34	-	50000000	1	87417088	3	84
hr-ax3na.r35	-	50000000	1	137417088	3	132
hr-ax3na.r36	-	50000000	1	187417088	3	180
hr-ax3na.r37	-	50000000	1	237417088	3	228
hr-ax3na.r38	-	50000000	1	287417088	3	276
hr-ax3na.r39	-	50000000	1	337417088	3	324
hr-ax3na.r40	-	50000000	1	387417088	3	372
hr-ax3na.r41	-	50000000	1	437417088	3	420
hr-ax3na.r42	-	50000000	1	487417088	3	468
hr-ax3na.r43	-	50000000	1	0	4	0
hr-ax3na.r44	-	50000000	1	50000000	4	48
hr-ax3na.r45	-	50000000	1	100000000	4	96
hr-ax3na.r46	-	50000000	1	150000000	4	144
hr-ax3na.r47	-	43377028	1	200000000	4	192
hr-ax3na.rar	-	50000000	1	243377028	4	234
hr-ax3na.sfv	-	1127	1	293377028	4	282
Proof	d	0	1	293378155	4	283
Proof/hr-ax3na.jpg	-	146782	1	293378155	4	283
