Proof	d	0	1	0	0	0
Proof/v-wreckfest.jpg	-	116802	1	0	0	0
v-wreckfest.nfo	-	5980	1	116802	0	1
v-wreckfest.r00	-	150000000	1	122782	0	2
v-wreckfest.r01	-	150000000	1	150122782	0	146
v-wreckfest.r02	-	150000000	1	300122782	0	290
v-wreckfest.r03	-	150000000	1	450122782	0	434
v-wreckfest.r04	-	150000000	1	62968192	1	61
v-wreckfest.r05	-	150000000	1	212968192	1	205
v-wreckfest.r06	-	150000000	1	362968192	1	349
v-wreckfest.r07	-	150000000	1	512968192	1	493
v-wreckfest.r08	-	150000000	1	125882752	2	121
v-wreckfest.r09	-	150000000	1	275882752	2	265
v-wreckfest.r10	-	150000000	1	425882752	2	409
v-wreckfest.r11	-	150000000	1	38850944	3	38
v-wreckfest.r12	-	150000000	1	188850944	3	182
v-wreckfest.r13	-	150000000	1	338850944	3	326
v-wreckfest.r14	-	150000000	1	488850944	3	470
v-wreckfest.r15	-	150000000	1	101765504	4	98
v-wreckfest.r16	-	150000000	1	251765504	4	242
v-wreckfest.r17	-	150000000	1	401765504	4	386
v-wreckfest.r18	-	150000000	1	14733696	5	15
v-wreckfest.r19	-	150000000	1	164733696	5	159
v-wreckfest.r20	-	150000000	1	314733696	5	303
v-wreckfest.r21	-	150000000	1	464733696	5	447
v-wreckfest.r22	-	150000000	1	77648256	6	75
v-wreckfest.r23	-	150000000	1	227648256	6	219
v-wreckfest.r24	-	150000000	1	377648256	6	363
v-wreckfest.r25	-	150000000	1	527648256	6	507
v-wreckfest.r26	-	150000000	1	140562816	7	135
v-wreckfest.r27	-	150000000	1	290562816	7	279
v-wreckfest.r28	-	150000000	1	440562816	7	423
v-wreckfest.r29	-	150000000	1	53531008	8	52
v-wreckfest.r30	-	150000000	1	203531008	8	196
v-wreckfest.r31	-	150000000	1	353531008	8	340
v-wreckfest.r32	-	150000000	1	503531008	8	484
v-wreckfest.r33	-	150000000	1	116445568	9	112
v-wreckfest.r34	-	150000000	1	266445568	9	256
v-wreckfest.r35	-	150000000	1	416445568	9	400
v-wreckfest.r36	-	150000000	1	29413760	10	29
v-wreckfest.r37	-	150000000	1	179413760	10	173
v-wreckfest.r38	-	150000000	1	329413760	10	317
v-wreckfest.r39	-	150000000	1	479413760	10	461
v-wreckfest.r40	-	150000000	1	92328320	11	89
v-wreckfest.r41	-	150000000	1	242328320	11	233
v-wreckfest.r42	-	150000000	1	392328320	11	377
v-wreckfest.r43	-	150000000	1	5296512	12	6
v-wreckfest.r44	-	150000000	1	155296512	12	150
v-wreckfest.r45	-	150000000	1	305296512	12	294
v-wreckfest.r46	-	150000000	1	455296512	12	438
v-wreckfest.r47	-	150000000	1	68211072	13	66
v-wreckfest.r48	-	150000000	1	218211072	13	210
v-wreckfest.r49	-	150000000	1	368211072	13	354
v-wreckfest.r50	-	150000000	1	518211072	13	498
v-wreckfest.r51	-	150000000	1	131125632	14	126
v-wreckfest.r52	-	150000000	1	281125632	14	270
v-wreckfest.r53	-	150000000	1	431125632	14	414
v-wreckfest.r54	-	150000000	1	44093824	15	43
v-wreckfest.r55	-	150000000	1	194093824	15	187
v-wreckfest.r56	-	150000000	1	344093824	15	331
v-wreckfest.r57	-	150000000	1	494093824	15	475
v-wreckfest.r58	-	150000000	1	107008384	16	103
v-wreckfest.r59	-	150000000	1	257008384	16	247
v-wreckfest.r60	-	150000000	1	407008384	16	391
v-wreckfest.r61	-	150000000	1	19976576	17	20
v-wreckfest.r62	-	150000000	1	169976576	17	164
v-wreckfest.r63	-	150000000	1	319976576	17	308
v-wreckfest.r64	-	150000000	1	469976576	17	452
v-wreckfest.r65	-	150000000	1	82891136	18	80
v-wreckfest.r66	-	150000000	1	232891136	18	224
v-wreckfest.r67	-	150000000	1	382891136	18	368
v-wreckfest.r68	-	150000000	1	532891136	18	512
v-wreckfest.r69	-	150000000	1	145805696	19	140
v-wreckfest.r70	-	150000000	1	295805696	19	284
v-wreckfest.r71	-	150000000	1	445805696	19	428
v-wreckfest.r72	-	150000000	1	58773888	20	57
v-wreckfest.r73	-	150000000	1	208773888	20	201
v-wreckfest.r74	-	150000000	1	358773888	20	345
v-wreckfest.r75	-	150000000	1	508773888	20	489
v-wreckfest.r76	-	67323459	1	121688448	21	117
v-wreckfest.rar	-	150000000	1	189011907	21	182
v-wreckfest.sfv	-	2028	1	339011907	21	326
