hr-takeover.nfo	-	20150	1	0	0	0
hr-takeover.r00	-	50000000	1	20150	0	1
hr-takeover.r01	-	50000000	1	50020150	0	49
hr-takeover.r02	-	50000000	1	100020150	0	97
hr-takeover.r03	-	50000000	1	150020150	0	145
hr-takeover.r04	-	50000000	1	200020150	0	193
hr-takeover.r05	-	50000000	1	250020150	0	241
hr-takeover.r06	-	50000000	1	300020150	0	289
hr-takeover.r07	-	50000000	1	350020150	0	337
hr-takeover.r08	-	50000000	1	400020150	0	385
hr-takeover.r09	-	50000000	1	450020150	0	433
hr-takeover.r10	-	50000000	1	500020150	0	481
hr-takeover.r11	-	50000000	1	12251264	1	12
hr-takeover.r12	-	50000000	1	62251264	1	60
hr-takeover.r13	-	50000000	1	112251264	1	108
hr-takeover.r14	-	50000000	1	162251264	1	156
hr-takeover.r15	-	50000000	1	212251264	1	204
hr-takeover.r16	-	50000000	1	262251264	1	252
hr-takeover.r17	-	50000000	1	312251264	1	300
hr-takeover.r18	-	50000000	1	362251264	1	348
hr-takeover.r19	-	50000000	1	412251264	1	396
hr-takeover.r20	-	50000000	1	462251264	1	444
hr-takeover.r21	-	50000000	1	512251264	1	492
hr-takeover.r22	-	50000000	1	24834176	2	24
hr-takeover.r23	-	50000000	1	74834176	2	72
hr-takeover.r24	-	50000000	1	124834176	2	120
hr-takeover.r25	-	50000000	1	174834176	2	168
hr-takeover.r26	-	50000000	1	224834176	2	216
hr-takeover.r27	-	50000000	1	274834176	2	264
hr-takeover.r28	-	50000000	1	324834176	2	312
hr-takeover.r29	-	50000000	1	374834176	2	360
hr-takeover.r30	-	50000000	1	424834176	2	408
hr-takeover.r31	-	50000000	1	474834176	2	456
hr-takeover.r32	-	50000000	1	524834176	2	504
hr-takeover.r33	-	50000000	1	37417088	3	36
hr-takeover.r34	-	50000000	1	87417088	3	84
hr-takeover.r35	-	50000000	1	137417088	3	132
hr-takeover.r36	-	50000000	1	187417088	3	180
hr-takeover.r37	-	50000000	1	237417088	3	228
hr-takeover.r38	-	50000000	1	287417088	3	276
hr-takeover.r39	-	41778562	1	337417088	3	324
hr-takeover.rar	-	50000000	1	379195650	3	364
hr-takeover.sfv	-	1066	1	429195650	3	412
