l-exorder.nfo	-	1156	1	0	0	0
l-exorder.r00	-	50000000	1	1156	0	1
l-exorder.r01	-	50000000	1	50001156	0	49
l-exorder.r02	-	50000000	1	100001156	0	97
l-exorder.r03	-	50000000	1	150001156	0	145
l-exorder.r04	-	50000000	1	200001156	0	193
l-exorder.r05	-	50000000	1	250001156	0	241
l-exorder.r06	-	50000000	1	300001156	0	289
l-exorder.r07	-	50000000	1	350001156	0	337
l-exorder.r08	-	50000000	1	400001156	0	385
l-exorder.r09	-	50000000	1	450001156	0	433
l-exorder.r10	-	50000000	1	500001156	0	481
l-exorder.r11	-	50000000	1	12251264	1	12
l-exorder.r12	-	50000000	1	62251264	1	60
l-exorder.r13	-	50000000	1	112251264	1	108
l-exorder.r14	-	50000000	1	162251264	1	156
l-exorder.r15	-	50000000	1	212251264	1	204
l-exorder.r16	-	50000000	1	262251264	1	252
l-exorder.r17	-	50000000	1	312251264	1	300
l-exorder.r18	-	50000000	1	362251264	1	348
l-exorder.r19	-	50000000	1	412251264	1	396
l-exorder.r20	-	50000000	1	462251264	1	444
l-exorder.r21	-	50000000	1	512251264	1	492
l-exorder.r22	-	50000000	1	24834176	2	24
l-exorder.r23	-	50000000	1	74834176	2	72
l-exorder.r24	-	50000000	1	124834176	2	120
l-exorder.r25	-	50000000	1	174834176	2	168
l-exorder.r26	-	50000000	1	224834176	2	216
l-exorder.r27	-	50000000	1	274834176	2	264
l-exorder.r28	-	50000000	1	324834176	2	312
l-exorder.r29	-	50000000	1	374834176	2	360
l-exorder.r30	-	50000000	1	424834176	2	408
l-exorder.r31	-	50000000	1	474834176	2	456
l-exorder.r32	-	50000000	1	524834176	2	504
l-exorder.r33	-	50000000	1	37417088	3	36
l-exorder.r34	-	50000000	1	87417088	3	84
l-exorder.r35	-	50000000	1	137417088	3	132
l-exorder.r36	-	50000000	1	187417088	3	180
l-exorder.r37	-	50000000	1	237417088	3	228
l-exorder.r38	-	50000000	1	287417088	3	276
l-exorder.r39	-	50000000	1	337417088	3	324
l-exorder.r40	-	50000000	1	387417088	3	372
l-exorder.r41	-	50000000	1	437417088	3	420
l-exorder.r42	-	50000000	1	487417088	3	468
l-exorder.r43	-	50000000	1	0	4	0
l-exorder.r44	-	50000000	1	50000000	4	48
l-exorder.r45	-	10004320	1	100000000	4	96
l-exorder.rar	-	50000000	1	110004320	4	106
l-exorder.sfv	-	1128	1	160004320	4	154
