v-steamworld_v196608.nfo	-	4500	1	0	0	0
v-steamworld_v196608.r00	-	50000000	1	4500	0	1
v-steamworld_v196608.r01	-	50000000	1	50004500	0	49
v-steamworld_v196608.r02	-	50000000	1	100004500	0	97
v-steamworld_v196608.r03	-	50000000	1	150004500	0	145
v-steamworld_v196608.r04	-	50000000	1	200004500	0	193
v-steamworld_v196608.r05	-	50000000	1	250004500	0	241
v-steamworld_v196608.r06	-	50000000	1	300004500	0	289
v-steamworld_v196608.r07	-	50000000	1	350004500	0	337
v-steamworld_v196608.r08	-	50000000	1	400004500	0	385
v-steamworld_v196608.r09	-	50000000	1	450004500	0	433
v-steamworld_v196608.r10	-	50000000	1	500004500	0	481
v-steamworld_v196608.r11	-	50000000	1	12251264	1	12
v-steamworld_v196608.r12	-	50000000	1	62251264	1	60
v-steamworld_v196608.r13	-	50000000	1	112251264	1	108
v-steamworld_v196608.r14	-	46502234	1	162251264	1	156
v-steamworld_v196608.rar	-	50000000	1	208753498	1	201
v-steamworld_v196608.sfv	-	560	1	258753498	1	249
