bbb-h-afvqa.nfo	-	5517	1	0	0	0
bbb-h-afvqa.part01.rar	-	250000000	1	5517	0	1
bbb-h-afvqa.part02.rar	-	250000000	1	250005517	0	240
bbb-h-afvqa.part03.rar	-	250000000	1	500005517	0	479
bbb-h-afvqa.part04.rar	-	250000000	1	212251264	1	203
bbb-h-afvqa.part05.rar	-	250000000	1	462251264	1	442
bbb-h-afvqa.part06.rar	-	250000000	1	174502528	2	167
bbb-h-afvqa.part07.rar	-	250000000	1	424502528	2	406
bbb-h-afvqa.part08.rar	-	250000000	1	136753792	3	131
bbb-h-afvqa.part09.rar	-	250000000	1	386753792	3	370
bbb-h-afvqa.part10.rar	-	250000000	1	99005056	4	95
bbb-h-afvqa.part11.rar	-	250000000	1	349005056	4	334
bbb-h-afvqa.part12.rar	-	250000000	1	61256320	5	59
bbb-h-afvqa.part13.rar	-	250000000	1	311256320	5	298
bbb-h-afvqa.part14.rar	-	250000000	1	23507584	6	23
bbb-h-afvqa.part15.rar	-	250000000	1	273507584	6	262
bbb-h-afvqa.part16.rar	-	250000000	1	523507584	6	501
bbb-h-afvqa.part17.rar	-	250000000	1	236368512	7	226
bbb-h-afvqa.part18.rar	-	250000000	1	486368512	7	465
bbb-h-afvqa.part19.rar	-	250000000	1	198619776	8	190
bbb-h-afvqa.part20.rar	-	250000000	1	448619776	8	429
bbb-h-afvqa.part21.rar	-	250000000	1	160871040	9	154
bbb-h-afvqa.part22.rar	-	250000000	1	410871040	9	393
bbb-h-afvqa.part23.rar	-	19707383	1	123122304	10	118
bbb-h-afvqa.sfv	-	759	1	142829687	10	137
