lfc-case2as.nfo	-	5388	1	0	0	0
lfc-case2as.r00	-	200000000	1	5388	0	1
lfc-case2as.r01	-	200000000	1	200005388	0	192
lfc-case2as.r02	-	200000000	1	400005388	0	383
lfc-case2as.r03	-	200000000	1	62636544	1	60
lfc-case2as.r04	-	200000000	1	262636544	1	251
lfc-case2as.r05	-	200000000	1	462636544	1	442
lfc-case2as.r06	-	200000000	1	125551104	2	120
lfc-case2as.r07	-	200000000	1	325551104	2	311
lfc-case2as.r08	-	200000000	1	525551104	2	502
lfc-case2as.r09	-	200000000	1	188465664	3	180
lfc-case2as.r10	-	200000000	1	388465664	3	371
lfc-case2as.r11	-	200000000	1	51102208	4	49
lfc-case2as.r12	-	200000000	1	251102208	4	240
lfc-case2as.r13	-	200000000	1	451102208	4	431
lfc-case2as.r14	-	200000000	1	114016768	5	109
lfc-case2as.r15	-	200000000	1	314016768	5	300
lfc-case2as.r16	-	200000000	1	514016768	5	491
lfc-case2as.r17	-	200000000	1	176931328	6	169
lfc-case2as.r18	-	200000000	1	376931328	6	360
lfc-case2as.r19	-	200000000	1	39567872	7	38
lfc-case2as.r20	-	200000000	1	239567872	7	229
lfc-case2as.r21	-	200000000	1	439567872	7	420
lfc-case2as.r22	-	200000000	1	102482432	8	98
lfc-case2as.r23	-	200000000	1	302482432	8	289
lfc-case2as.r24	-	200000000	1	502482432	8	480
lfc-case2as.r25	-	200000000	1	165396992	9	158
lfc-case2as.r26	-	200000000	1	365396992	9	349
lfc-case2as.r27	-	200000000	1	28033536	10	27
lfc-case2as.r28	-	200000000	1	228033536	10	218
lfc-case2as.r29	-	200000000	1	428033536	10	409
lfc-case2as.r30	-	200000000	1	90948096	11	87
lfc-case2as.r31	-	200000000	1	290948096	11	278
lfc-case2as.r32	-	200000000	1	490948096	11	469
lfc-case2as.r33	-	200000000	1	153862656	12	147
lfc-case2as.r34	-	21263126	1	353862656	12	338
lfc-case2as.rar	-	200000000	1	375125782	12	359
lfc-case2as.sfv	-	936	1	37470720	13	36
