l-outbreakcm.nfo	-	1165	1	0	0	0
l-outbreakcm.r00	-	250000000	1	1165	0	1
l-outbreakcm.r01	-	250000000	1	250001165	0	240
l-outbreakcm.r02	-	250000000	1	500001165	0	479
l-outbreakcm.r03	-	250000000	1	212251264	1	203
l-outbreakcm.r04	-	250000000	1	462251264	1	442
l-outbreakcm.r05	-	250000000	1	174502528	2	167
l-outbreakcm.r06	-	250000000	1	424502528	2	406
l-outbreakcm.r07	-	250000000	1	136753792	3	131
l-outbreakcm.r08	-	250000000	1	386753792	3	370
l-outbreakcm.r09	-	250000000	1	99005056	4	95
l-outbreakcm.r10	-	250000000	1	349005056	4	334
l-outbreakcm.r11	-	250000000	1	61256320	5	59
l-outbreakcm.r12	-	250000000	1	311256320	5	298
l-outbreakcm.r13	-	250000000	1	23507584	6	23
l-outbreakcm.r14	-	250000000	1	273507584	6	262
l-outbreakcm.r15	-	250000000	1	523507584	6	501
l-outbreakcm.r16	-	250000000	1	236368512	7	226
l-outbreakcm.r17	-	250000000	1	486368512	7	465
l-outbreakcm.r18	-	250000000	1	198619776	8	190
l-outbreakcm.r19	-	250000000	1	448619776	8	429
l-outbreakcm.r20	-	250000000	1	160871040	9	154
l-outbreakcm.r21	-	250000000	1	410871040	9	393
l-outbreakcm.r22	-	250000000	1	123122304	10	118
l-outbreakcm.r23	-	250000000	1	373122304	10	357
l-outbreakcm.r24	-	250000000	1	85373568	11	82
l-outbreakcm.r25	-	250000000	1	335373568	11	321
l-outbreakcm.r26	-	250000000	1	47624832	12	46
l-outbreakcm.r27	-	250000000	1	297624832	12	285
l-outbreakcm.r28	-	250000000	1	9876096	13	10
l-outbreakcm.r29	-	250000000	1	259876096	13	249
l-outbreakcm.r30	-	250000000	1	509876096	13	488
l-outbreakcm.r31	-	250000000	1	222737024	14	213
l-outbreakcm.r32	-	250000000	1	472737024	14	452
l-outbreakcm.r33	-	250000000	1	184988288	15	177
l-outbreakcm.r34	-	250000000	1	434988288	15	416
l-outbreakcm.r35	-	250000000	1	147239552	16	141
l-outbreakcm.r36	-	250000000	1	397239552	16	380
l-outbreakcm.r37	-	250000000	1	109490816	17	105
l-outbreakcm.r38	-	250000000	1	359490816	17	344
l-outbreakcm.r39	-	250000000	1	71742080	18	69
l-outbreakcm.r40	-	250000000	1	321742080	18	308
l-outbreakcm.r41	-	250000000	1	33993344	19	33
l-outbreakcm.r42	-	250000000	1	283993344	19	272
l-outbreakcm.r43	-	250000000	1	533993344	19	511
l-outbreakcm.r44	-	250000000	1	246854272	20	236
l-outbreakcm.r45	-	250000000	1	496854272	20	475
l-outbreakcm.r46	-	250000000	1	209105536	21	200
l-outbreakcm.r47	-	250000000	1	459105536	21	439
l-outbreakcm.r48	-	250000000	1	171356800	22	164
l-outbreakcm.r49	-	250000000	1	421356800	22	403
l-outbreakcm.r50	-	250000000	1	133608064	23	128
l-outbreakcm.r51	-	250000000	1	383608064	23	367
l-outbreakcm.r52	-	250000000	1	95859328	24	92
l-outbreakcm.r53	-	250000000	1	345859328	24	331
l-outbreakcm.r54	-	250000000	1	58110592	25	56
l-outbreakcm.r55	-	250000000	1	308110592	25	295
l-outbreakcm.r56	-	250000000	1	20361856	26	20
l-outbreakcm.r57	-	250000000	1	270361856	26	259
l-outbreakcm.r58	-	250000000	1	520361856	26	498
l-outbreakcm.r59	-	250000000	1	233222784	27	223
l-outbreakcm.r60	-	250000000	1	483222784	27	462
l-outbreakcm.r61	-	250000000	1	195474048	28	187
l-outbreakcm.r62	-	250000000	1	445474048	28	426
l-outbreakcm.r63	-	250000000	1	157725312	29	151
l-outbreakcm.r64	-	250000000	1	407725312	29	390
l-outbreakcm.r65	-	250000000	1	119976576	30	115
l-outbreakcm.r66	-	250000000	1	369976576	30	354
l-outbreakcm.r67	-	250000000	1	82227840	31	79
l-outbreakcm.r68	-	250000000	1	332227840	31	318
l-outbreakcm.r69	-	250000000	1	44479104	32	43
l-outbreakcm.r70	-	250000000	1	294479104	32	282
l-outbreakcm.r71	-	250000000	1	6730368	33	7
l-outbreakcm.r72	-	250000000	1	256730368	33	246
l-outbreakcm.r73	-	250000000	1	506730368	33	485
l-outbreakcm.r74	-	250000000	1	219591296	34	210
l-outbreakcm.r75	-	229055868	1	469591296	34	449
l-outbreakcm.rar	-	250000000	1	160898428	35	154
l-outbreakcm.sfv	-	2079	1	410898428	35	393
