l-floogen.nfo	-	1131	1	0	0	0
l-floogen.r00	-	50000000	1	1131	0	1
l-floogen.r01	-	50000000	1	50001131	0	49
l-floogen.r02	-	50000000	1	100001131	0	97
l-floogen.r03	-	50000000	1	150001131	0	145
l-floogen.r04	-	50000000	1	200001131	0	193
l-floogen.r05	-	50000000	1	250001131	0	241
l-floogen.r06	-	50000000	1	300001131	0	289
l-floogen.r07	-	50000000	1	350001131	0	337
l-floogen.r08	-	50000000	1	400001131	0	385
l-floogen.r09	-	50000000	1	450001131	0	433
l-floogen.r10	-	50000000	1	500001131	0	481
l-floogen.r11	-	45297928	1	12251264	1	12
l-floogen.rar	-	50000000	1	57549192	1	56
l-floogen.sfv	-	312	1	107549192	1	104
