Proof	d	0	1	0	0	0
Proof/sxs-saint_kotar.jpg	-	138469	1	0	0	0
sxs-saint_kotar.nfo	-	4496	1	138469	0	1
sxs-saint_kotar.r00	-	100000000	1	142965	0	2
sxs-saint_kotar.r01	-	100000000	1	100142965	0	98
sxs-saint_kotar.r02	-	100000000	1	200142965	0	194
sxs-saint_kotar.r03	-	100000000	1	300142965	0	290
sxs-saint_kotar.r04	-	100000000	1	400142965	0	386
sxs-saint_kotar.r05	-	100000000	1	500142965	0	482
sxs-saint_kotar.r06	-	100000000	1	62251264	1	60
sxs-saint_kotar.r07	-	100000000	1	162251264	1	156
sxs-saint_kotar.r08	-	100000000	1	262251264	1	252
sxs-saint_kotar.r09	-	100000000	1	362251264	1	348
sxs-saint_kotar.r10	-	100000000	1	462251264	1	444
sxs-saint_kotar.r11	-	100000000	1	24502528	2	24
sxs-saint_kotar.r12	-	100000000	1	124502528	2	120
sxs-saint_kotar.r13	-	100000000	1	224502528	2	216
sxs-saint_kotar.r14	-	100000000	1	324502528	2	312
sxs-saint_kotar.r15	-	100000000	1	424502528	2	408
sxs-saint_kotar.r16	-	100000000	1	524502528	2	504
sxs-saint_kotar.r17	-	100000000	1	87417088	3	84
sxs-saint_kotar.r18	-	100000000	1	187417088	3	180
sxs-saint_kotar.r19	-	100000000	1	287417088	3	276
sxs-saint_kotar.r20	-	100000000	1	387417088	3	372
sxs-saint_kotar.r21	-	100000000	1	487417088	3	468
sxs-saint_kotar.r22	-	100000000	1	49668352	4	48
sxs-saint_kotar.r23	-	100000000	1	149668352	4	144
sxs-saint_kotar.r24	-	100000000	1	249668352	4	240
sxs-saint_kotar.r25	-	100000000	1	349668352	4	336
sxs-saint_kotar.r26	-	100000000	1	449668352	4	432
sxs-saint_kotar.r27	-	100000000	1	11919616	5	12
sxs-saint_kotar.r28	-	100000000	1	111919616	5	108
sxs-saint_kotar.r29	-	100000000	1	211919616	5	204
sxs-saint_kotar.r30	-	100000000	1	311919616	5	300
sxs-saint_kotar.r31	-	100000000	1	411919616	5	396
sxs-saint_kotar.r32	-	100000000	1	511919616	5	492
sxs-saint_kotar.r33	-	100000000	1	74834176	6	72
sxs-saint_kotar.r34	-	100000000	1	174834176	6	168
sxs-saint_kotar.r35	-	100000000	1	274834176	6	264
sxs-saint_kotar.r36	-	100000000	1	374834176	6	360
sxs-saint_kotar.r37	-	100000000	1	474834176	6	456
sxs-saint_kotar.r38	-	100000000	1	37085440	7	36
sxs-saint_kotar.r39	-	100000000	1	137085440	7	132
sxs-saint_kotar.r40	-	100000000	1	237085440	7	228
sxs-saint_kotar.r41	-	100000000	1	337085440	7	324
sxs-saint_kotar.r42	-	100000000	1	437085440	7	420
sxs-saint_kotar.r43	-	100000000	1	0	8	0
sxs-saint_kotar.r44	-	100000000	1	100000000	8	96
sxs-saint_kotar.r45	-	100000000	1	200000000	8	192
sxs-saint_kotar.r46	-	100000000	1	300000000	8	288
sxs-saint_kotar.r47	-	100000000	1	400000000	8	384
sxs-saint_kotar.r48	-	100000000	1	500000000	8	480
sxs-saint_kotar.r49	-	100000000	1	62251264	9	60
sxs-saint_kotar.r50	-	100000000	1	162251264	9	156
sxs-saint_kotar.r51	-	100000000	1	262251264	9	252
sxs-saint_kotar.r52	-	100000000	1	362251264	9	348
sxs-saint_kotar.r53	-	100000000	1	462251264	9	444
sxs-saint_kotar.r54	-	100000000	1	24502528	10	24
sxs-saint_kotar.r55	-	100000000	1	124502528	10	120
sxs-saint_kotar.r56	-	100000000	1	224502528	10	216
sxs-saint_kotar.r57	-	100000000	1	324502528	10	312
sxs-saint_kotar.r58	-	100000000	1	424502528	10	408
sxs-saint_kotar.r59	-	100000000	1	524502528	10	504
sxs-saint_kotar.r60	-	100000000	1	87417088	11	84
sxs-saint_kotar.r61	-	100000000	1	187417088	11	180
sxs-saint_kotar.r62	-	100000000	1	287417088	11	276
sxs-saint_kotar.r63	-	100000000	1	387417088	11	372
sxs-saint_kotar.r64	-	100000000	1	487417088	11	468
sxs-saint_kotar.r65	-	100000000	1	49668352	12	48
sxs-saint_kotar.r66	-	100000000	1	149668352	12	144
sxs-saint_kotar.r67	-	100000000	1	249668352	12	240
sxs-saint_kotar.r68	-	100000000	1	349668352	12	336
sxs-saint_kotar.r69	-	100000000	1	449668352	12	432
sxs-saint_kotar.r70	-	100000000	1	11919616	13	12
sxs-saint_kotar.r71	-	100000000	1	111919616	13	108
sxs-saint_kotar.r72	-	100000000	1	211919616	13	204
sxs-saint_kotar.r73	-	89522232	1	311919616	13	300
sxs-saint_kotar.rar	-	100000000	1	401441848	13	386
sxs-saint_kotar.sfv	-	2250	1	501441848	13	482
