v-feudal_alloy.nfo	-	6449	1	0	0	0
v-feudal_alloy.r00	-	50000000	1	6449	0	1
v-feudal_alloy.r01	-	50000000	1	50006449	0	49
v-feudal_alloy.r02	-	50000000	1	100006449	0	97
v-feudal_alloy.r03	-	50000000	1	150006449	0	145
v-feudal_alloy.r04	-	50000000	1	200006449	0	193
v-feudal_alloy.r05	-	50000000	1	250006449	0	241
v-feudal_alloy.r06	-	50000000	1	300006449	0	289
v-feudal_alloy.r07	-	50000000	1	350006449	0	337
v-feudal_alloy.r08	-	50000000	1	400006449	0	385
v-feudal_alloy.r09	-	50000000	1	450006449	0	433
v-feudal_alloy.r10	-	50000000	1	500006449	0	481
v-feudal_alloy.r11	-	50000000	1	12251264	1	12
v-feudal_alloy.r12	-	50000000	1	62251264	1	60
v-feudal_alloy.r13	-	50000000	1	112251264	1	108
v-feudal_alloy.r14	-	50000000	1	162251264	1	156
v-feudal_alloy.r15	-	50000000	1	212251264	1	204
v-feudal_alloy.r16	-	50000000	1	262251264	1	252
v-feudal_alloy.r17	-	50000000	1	312251264	1	300
v-feudal_alloy.r18	-	50000000	1	362251264	1	348
v-feudal_alloy.r19	-	50000000	1	412251264	1	396
v-feudal_alloy.r20	-	50000000	1	462251264	1	444
v-feudal_alloy.r21	-	50000000	1	512251264	1	492
v-feudal_alloy.r22	-	50000000	1	24834176	2	24
v-feudal_alloy.r23	-	50000000	1	74834176	2	72
v-feudal_alloy.r24	-	50000000	1	124834176	2	120
v-feudal_alloy.r25	-	50000000	1	174834176	2	168
v-feudal_alloy.r26	-	50000000	1	224834176	2	216
v-feudal_alloy.r27	-	50000000	1	274834176	2	264
v-feudal_alloy.r28	-	50000000	1	324834176	2	312
v-feudal_alloy.r29	-	50000000	1	374834176	2	360
v-feudal_alloy.r30	-	50000000	1	424834176	2	408
v-feudal_alloy.r31	-	50000000	1	474834176	2	456
v-feudal_alloy.r32	-	50000000	1	524834176	2	504
v-feudal_alloy.r33	-	50000000	1	37417088	3	36
v-feudal_alloy.r34	-	50000000	1	87417088	3	84
v-feudal_alloy.r35	-	50000000	1	137417088	3	132
v-feudal_alloy.r36	-	50000000	1	187417088	3	180
v-feudal_alloy.r37	-	24239971	1	237417088	3	228
v-feudal_alloy.rar	-	50000000	1	261657059	3	252
v-feudal_alloy.sfv	-	1131	1	311657059	3	300
