sxs-clea_2_v327680.nfo	-	6134	1	0	0	0
sxs-clea_2_v327680.r00	-	50000000	1	6134	0	1
sxs-clea_2_v327680.r01	-	50000000	1	50006134	0	49
sxs-clea_2_v327680.r02	-	50000000	1	100006134	0	97
sxs-clea_2_v327680.r03	-	50000000	1	150006134	0	145
sxs-clea_2_v327680.r04	-	50000000	1	200006134	0	193
sxs-clea_2_v327680.r05	-	50000000	1	250006134	0	241
sxs-clea_2_v327680.r06	-	50000000	1	300006134	0	289
sxs-clea_2_v327680.r07	-	50000000	1	350006134	0	337
sxs-clea_2_v327680.r08	-	50000000	1	400006134	0	385
sxs-clea_2_v327680.r09	-	50000000	1	450006134	0	433
sxs-clea_2_v327680.r10	-	50000000	1	500006134	0	481
sxs-clea_2_v327680.r11	-	50000000	1	12251264	1	12
sxs-clea_2_v327680.r12	-	50000000	1	62251264	1	60
sxs-clea_2_v327680.r13	-	50000000	1	112251264	1	108
sxs-clea_2_v327680.r14	-	50000000	1	162251264	1	156
sxs-clea_2_v327680.r15	-	50000000	1	212251264	1	204
sxs-clea_2_v327680.r16	-	50000000	1	262251264	1	252
sxs-clea_2_v327680.r17	-	50000000	1	312251264	1	300
sxs-clea_2_v327680.r18	-	50000000	1	362251264	1	348
sxs-clea_2_v327680.r19	-	50000000	1	412251264	1	396
sxs-clea_2_v327680.r20	-	50000000	1	462251264	1	444
sxs-clea_2_v327680.r21	-	50000000	1	512251264	1	492
sxs-clea_2_v327680.r22	-	50000000	1	24834176	2	24
sxs-clea_2_v327680.r23	-	50000000	1	74834176	2	72
sxs-clea_2_v327680.r24	-	50000000	1	124834176	2	120
sxs-clea_2_v327680.r25	-	50000000	1	174834176	2	168
sxs-clea_2_v327680.r26	-	50000000	1	224834176	2	216
sxs-clea_2_v327680.r27	-	50000000	1	274834176	2	264
sxs-clea_2_v327680.r28	-	50000000	1	324834176	2	312
sxs-clea_2_v327680.r29	-	50000000	1	374834176	2	360
sxs-clea_2_v327680.r30	-	50000000	1	424834176	2	408
sxs-clea_2_v327680.r31	-	491719	1	474834176	2	456
sxs-clea_2_v327680.rar	-	50000000	1	475325895	2	457
sxs-clea_2_v327680.sfv	-	1089	1	525325895	2	505
