l-adeub.jpg	-	2501184	1	0	0	0
l-adeub.nfo	-	3361	1	2501184	0	3
l-adeub.part01.rar	-	50000000	1	2504545	0	4
l-adeub.part02.rar	-	50000000	1	52504545	0	52
l-adeub.part03.rar	-	50000000	1	102504545	0	100
l-adeub.part04.rar	-	50000000	1	152504545	0	148
l-adeub.part05.rar	-	50000000	1	202504545	0	196
l-adeub.part06.rar	-	50000000	1	252504545	0	244
l-adeub.part07.rar	-	50000000	1	302504545	0	292
l-adeub.part08.rar	-	50000000	1	352504545	0	340
l-adeub.part09.rar	-	50000000	1	402504545	0	388
l-adeub.part10.rar	-	50000000	1	452504545	0	436
l-adeub.part11.rar	-	50000000	1	502504545	0	484
l-adeub.part12.rar	-	50000000	1	15396992	1	15
l-adeub.part13.rar	-	50000000	1	65396992	1	63
l-adeub.part14.rar	-	50000000	1	115396992	1	111
l-adeub.part15.rar	-	50000000	1	165396992	1	159
l-adeub.part16.rar	-	50000000	1	215396992	1	207
l-adeub.part17.rar	-	50000000	1	265396992	1	255
l-adeub.part18.rar	-	50000000	1	315396992	1	303
l-adeub.part19.rar	-	50000000	1	365396992	1	351
l-adeub.part20.rar	-	50000000	1	415396992	1	399
l-adeub.part21.rar	-	50000000	1	465396992	1	447
l-adeub.part22.rar	-	50000000	1	515396992	1	495
l-adeub.part23.rar	-	50000000	1	27979904	2	27
l-adeub.part24.rar	-	24990757	1	77979904	2	75
l-adeub.sfv	-	696	1	102970661	2	99
