sxs-sonic_frontiers_v262144.nfo	-	7226	1	0	0	0
sxs-sonic_frontiers_v262144.r00	-	100000000	1	7226	0	1
sxs-sonic_frontiers_v262144.r01	-	100000000	1	100007226	0	97
sxs-sonic_frontiers_v262144.r02	-	100000000	1	200007226	0	193
sxs-sonic_frontiers_v262144.r03	-	100000000	1	300007226	0	289
sxs-sonic_frontiers_v262144.r04	-	100000000	1	400007226	0	385
sxs-sonic_frontiers_v262144.r05	-	100000000	1	500007226	0	481
sxs-sonic_frontiers_v262144.r06	-	100000000	1	62251264	1	60
sxs-sonic_frontiers_v262144.r07	-	100000000	1	162251264	1	156
sxs-sonic_frontiers_v262144.r08	-	100000000	1	262251264	1	252
sxs-sonic_frontiers_v262144.r09	-	100000000	1	362251264	1	348
sxs-sonic_frontiers_v262144.r10	-	100000000	1	462251264	1	444
sxs-sonic_frontiers_v262144.r11	-	100000000	1	24502528	2	24
sxs-sonic_frontiers_v262144.r12	-	100000000	1	124502528	2	120
sxs-sonic_frontiers_v262144.r13	-	27190911	1	224502528	2	216
sxs-sonic_frontiers_v262144.rar	-	100000000	1	251693439	2	242
sxs-sonic_frontiers_v262144.sfv	-	630	1	351693439	2	338
