v-olliolli_world.nfo	-	7930	1	0	0	0
v-olliolli_world.r00	-	50000000	1	7930	0	1
v-olliolli_world.r01	-	50000000	1	50007930	0	49
v-olliolli_world.r02	-	50000000	1	100007930	0	97
v-olliolli_world.r03	-	50000000	1	150007930	0	145
v-olliolli_world.r04	-	50000000	1	200007930	0	193
v-olliolli_world.r05	-	50000000	1	250007930	0	241
v-olliolli_world.r06	-	50000000	1	300007930	0	289
v-olliolli_world.r07	-	50000000	1	350007930	0	337
v-olliolli_world.r08	-	50000000	1	400007930	0	385
v-olliolli_world.r09	-	50000000	1	450007930	0	433
v-olliolli_world.r10	-	50000000	1	500007930	0	481
v-olliolli_world.r11	-	50000000	1	12251264	1	12
v-olliolli_world.r12	-	50000000	1	62251264	1	60
v-olliolli_world.r13	-	50000000	1	112251264	1	108
v-olliolli_world.r14	-	50000000	1	162251264	1	156
v-olliolli_world.r15	-	50000000	1	212251264	1	204
v-olliolli_world.r16	-	50000000	1	262251264	1	252
v-olliolli_world.r17	-	50000000	1	312251264	1	300
v-olliolli_world.r18	-	50000000	1	362251264	1	348
v-olliolli_world.r19	-	50000000	1	412251264	1	396
v-olliolli_world.r20	-	50000000	1	462251264	1	444
v-olliolli_world.r21	-	50000000	1	512251264	1	492
v-olliolli_world.r22	-	50000000	1	24834176	2	24
v-olliolli_world.r23	-	50000000	1	74834176	2	72
v-olliolli_world.r24	-	50000000	1	124834176	2	120
v-olliolli_world.r25	-	50000000	1	174834176	2	168
v-olliolli_world.r26	-	50000000	1	224834176	2	216
v-olliolli_world.r27	-	50000000	1	274834176	2	264
v-olliolli_world.r28	-	50000000	1	324834176	2	312
v-olliolli_world.r29	-	50000000	1	374834176	2	360
v-olliolli_world.r30	-	50000000	1	424834176	2	408
v-olliolli_world.r31	-	50000000	1	474834176	2	456
v-olliolli_world.r32	-	50000000	1	524834176	2	504
v-olliolli_world.r33	-	50000000	1	37417088	3	36
v-olliolli_world.r34	-	50000000	1	87417088	3	84
v-olliolli_world.r35	-	50000000	1	137417088	3	132
v-olliolli_world.r36	-	50000000	1	187417088	3	180
v-olliolli_world.r37	-	50000000	1	237417088	3	228
v-olliolli_world.r38	-	50000000	1	287417088	3	276
v-olliolli_world.r39	-	50000000	1	337417088	3	324
v-olliolli_world.r40	-	50000000	1	387417088	3	372
v-olliolli_world.r41	-	50000000	1	437417088	3	420
v-olliolli_world.r42	-	50000000	1	487417088	3	468
v-olliolli_world.r43	-	50000000	1	0	4	0
v-olliolli_world.r44	-	50000000	1	50000000	4	48
v-olliolli_world.r45	-	50000000	1	100000000	4	96
v-olliolli_world.r46	-	50000000	1	150000000	4	144
v-olliolli_world.r47	-	50000000	1	200000000	4	192
v-olliolli_world.r48	-	50000000	1	250000000	4	240
v-olliolli_world.r49	-	50000000	1	300000000	4	288
v-olliolli_world.r50	-	50000000	1	350000000	4	336
v-olliolli_world.r51	-	50000000	1	400000000	4	384
v-olliolli_world.r52	-	50000000	1	450000000	4	432
v-olliolli_world.r53	-	50000000	1	500000000	4	480
v-olliolli_world.r54	-	50000000	1	12251264	5	12
v-olliolli_world.r55	-	50000000	1	62251264	5	60
v-olliolli_world.r56	-	50000000	1	112251264	5	108
v-olliolli_world.r57	-	50000000	1	162251264	5	156
v-olliolli_world.r58	-	50000000	1	212251264	5	204
v-olliolli_world.r59	-	50000000	1	262251264	5	252
v-olliolli_world.r60	-	50000000	1	312251264	5	300
v-olliolli_world.r61	-	50000000	1	362251264	5	348
v-olliolli_world.r62	-	50000000	1	412251264	5	396
v-olliolli_world.r63	-	50000000	1	462251264	5	444
v-olliolli_world.r64	-	50000000	1	512251264	5	492
v-olliolli_world.r65	-	50000000	1	24834176	6	24
v-olliolli_world.r66	-	50000000	1	74834176	6	72
v-olliolli_world.r67	-	50000000	1	124834176	6	120
v-olliolli_world.r68	-	50000000	1	174834176	6	168
v-olliolli_world.r69	-	50000000	1	224834176	6	216
v-olliolli_world.r70	-	50000000	1	274834176	6	264
v-olliolli_world.r71	-	50000000	1	324834176	6	312
v-olliolli_world.r72	-	50000000	1	374834176	6	360
v-olliolli_world.r73	-	50000000	1	424834176	6	408
v-olliolli_world.r74	-	50000000	1	474834176	6	456
v-olliolli_world.r75	-	50000000	1	524834176	6	504
v-olliolli_world.r76	-	42697759	1	37417088	7	36
v-olliolli_world.rar	-	50000000	1	80114847	7	77
v-olliolli_world.sfv	-	2418	1	130114847	7	125
