Proof	d	0	1	0	0	0
Proof/v-keywe.jpg	-	113661	1	0	0	0
v-keywe.nfo	-	8086	1	113661	0	1
v-keywe.r00	-	50000000	1	121747	0	2
v-keywe.r01	-	50000000	1	50121747	0	50
v-keywe.r02	-	50000000	1	100121747	0	98
v-keywe.r03	-	50000000	1	150121747	0	146
v-keywe.r04	-	50000000	1	200121747	0	194
v-keywe.r05	-	50000000	1	250121747	0	242
v-keywe.r06	-	50000000	1	300121747	0	290
v-keywe.r07	-	50000000	1	350121747	0	338
v-keywe.r08	-	50000000	1	400121747	0	386
v-keywe.r09	-	50000000	1	450121747	0	434
v-keywe.r10	-	50000000	1	500121747	0	482
v-keywe.r11	-	50000000	1	12251264	1	12
v-keywe.r12	-	50000000	1	62251264	1	60
v-keywe.r13	-	50000000	1	112251264	1	108
v-keywe.r14	-	50000000	1	162251264	1	156
v-keywe.r15	-	50000000	1	212251264	1	204
v-keywe.r16	-	50000000	1	262251264	1	252
v-keywe.r17	-	50000000	1	312251264	1	300
v-keywe.r18	-	50000000	1	362251264	1	348
v-keywe.r19	-	50000000	1	412251264	1	396
v-keywe.r20	-	50000000	1	462251264	1	444
v-keywe.r21	-	50000000	1	512251264	1	492
v-keywe.r22	-	50000000	1	24834176	2	24
v-keywe.r23	-	50000000	1	74834176	2	72
v-keywe.r24	-	50000000	1	124834176	2	120
v-keywe.r25	-	50000000	1	174834176	2	168
v-keywe.r26	-	50000000	1	224834176	2	216
v-keywe.r27	-	50000000	1	274834176	2	264
v-keywe.r28	-	50000000	1	324834176	2	312
v-keywe.r29	-	50000000	1	374834176	2	360
v-keywe.r30	-	50000000	1	424834176	2	408
v-keywe.r31	-	50000000	1	474834176	2	456
v-keywe.r32	-	50000000	1	524834176	2	504
v-keywe.r33	-	50000000	1	37417088	3	36
v-keywe.r34	-	29696181	1	87417088	3	84
v-keywe.rar	-	50000000	1	117113269	3	113
v-keywe.sfv	-	792	1	167113269	3	161
