sxs-taiko_no_tatsujin_v1638400.nfo	-	3950	1	0	0	0
sxs-taiko_no_tatsujin_v1638400.r00	-	50000000	1	3950	0	1
sxs-taiko_no_tatsujin_v1638400.r01	-	50000000	1	50003950	0	49
sxs-taiko_no_tatsujin_v1638400.r02	-	50000000	1	100003950	0	97
sxs-taiko_no_tatsujin_v1638400.r03	-	50000000	1	150003950	0	145
sxs-taiko_no_tatsujin_v1638400.r04	-	50000000	1	200003950	0	193
sxs-taiko_no_tatsujin_v1638400.r05	-	50000000	1	250003950	0	241
sxs-taiko_no_tatsujin_v1638400.r06	-	50000000	1	300003950	0	289
sxs-taiko_no_tatsujin_v1638400.r07	-	50000000	1	350003950	0	337
sxs-taiko_no_tatsujin_v1638400.r08	-	50000000	1	400003950	0	385
sxs-taiko_no_tatsujin_v1638400.r09	-	50000000	1	450003950	0	433
sxs-taiko_no_tatsujin_v1638400.r10	-	50000000	1	500003950	0	481
sxs-taiko_no_tatsujin_v1638400.r11	-	50000000	1	12251264	1	12
sxs-taiko_no_tatsujin_v1638400.r12	-	50000000	1	62251264	1	60
sxs-taiko_no_tatsujin_v1638400.r13	-	50000000	1	112251264	1	108
sxs-taiko_no_tatsujin_v1638400.r14	-	50000000	1	162251264	1	156
sxs-taiko_no_tatsujin_v1638400.r15	-	50000000	1	212251264	1	204
sxs-taiko_no_tatsujin_v1638400.r16	-	50000000	1	262251264	1	252
sxs-taiko_no_tatsujin_v1638400.r17	-	50000000	1	312251264	1	300
sxs-taiko_no_tatsujin_v1638400.r18	-	50000000	1	362251264	1	348
sxs-taiko_no_tatsujin_v1638400.r19	-	50000000	1	412251264	1	396
sxs-taiko_no_tatsujin_v1638400.r20	-	50000000	1	462251264	1	444
sxs-taiko_no_tatsujin_v1638400.r21	-	50000000	1	512251264	1	492
sxs-taiko_no_tatsujin_v1638400.r22	-	50000000	1	24834176	2	24
sxs-taiko_no_tatsujin_v1638400.r23	-	50000000	1	74834176	2	72
sxs-taiko_no_tatsujin_v1638400.r24	-	50000000	1	124834176	2	120
sxs-taiko_no_tatsujin_v1638400.r25	-	50000000	1	174834176	2	168
sxs-taiko_no_tatsujin_v1638400.r26	-	50000000	1	224834176	2	216
sxs-taiko_no_tatsujin_v1638400.r27	-	50000000	1	274834176	2	264
sxs-taiko_no_tatsujin_v1638400.r28	-	50000000	1	324834176	2	312
sxs-taiko_no_tatsujin_v1638400.r29	-	50000000	1	374834176	2	360
sxs-taiko_no_tatsujin_v1638400.r30	-	10279248	1	424834176	2	408
sxs-taiko_no_tatsujin_v1638400.rar	-	50000000	1	435113424	2	418
sxs-taiko_no_tatsujin_v1638400.sfv	-	1440	1	485113424	2	466
