sxs-puyo_puyo_tetris_2_v196608.nfo	-	6836	1	0	0	0
sxs-puyo_puyo_tetris_2_v196608.r00	-	50000000	1	6836	0	1
sxs-puyo_puyo_tetris_2_v196608.r01	-	50000000	1	50006836	0	49
sxs-puyo_puyo_tetris_2_v196608.r02	-	50000000	1	100006836	0	97
sxs-puyo_puyo_tetris_2_v196608.r03	-	50000000	1	150006836	0	145
sxs-puyo_puyo_tetris_2_v196608.r04	-	50000000	1	200006836	0	193
sxs-puyo_puyo_tetris_2_v196608.r05	-	50000000	1	250006836	0	241
sxs-puyo_puyo_tetris_2_v196608.r06	-	50000000	1	300006836	0	289
sxs-puyo_puyo_tetris_2_v196608.r07	-	50000000	1	350006836	0	337
sxs-puyo_puyo_tetris_2_v196608.r08	-	50000000	1	400006836	0	385
sxs-puyo_puyo_tetris_2_v196608.r09	-	50000000	1	450006836	0	433
sxs-puyo_puyo_tetris_2_v196608.r10	-	50000000	1	500006836	0	481
sxs-puyo_puyo_tetris_2_v196608.r11	-	50000000	1	12251264	1	12
sxs-puyo_puyo_tetris_2_v196608.r12	-	50000000	1	62251264	1	60
sxs-puyo_puyo_tetris_2_v196608.r13	-	50000000	1	112251264	1	108
sxs-puyo_puyo_tetris_2_v196608.r14	-	50000000	1	162251264	1	156
sxs-puyo_puyo_tetris_2_v196608.r15	-	50000000	1	212251264	1	204
sxs-puyo_puyo_tetris_2_v196608.r16	-	50000000	1	262251264	1	252
sxs-puyo_puyo_tetris_2_v196608.r17	-	50000000	1	312251264	1	300
sxs-puyo_puyo_tetris_2_v196608.r18	-	50000000	1	362251264	1	348
sxs-puyo_puyo_tetris_2_v196608.r19	-	50000000	1	412251264	1	396
sxs-puyo_puyo_tetris_2_v196608.r20	-	50000000	1	462251264	1	444
sxs-puyo_puyo_tetris_2_v196608.r21	-	50000000	1	512251264	1	492
sxs-puyo_puyo_tetris_2_v196608.r22	-	50000000	1	24834176	2	24
sxs-puyo_puyo_tetris_2_v196608.r23	-	50000000	1	74834176	2	72
sxs-puyo_puyo_tetris_2_v196608.r24	-	50000000	1	124834176	2	120
sxs-puyo_puyo_tetris_2_v196608.r25	-	50000000	1	174834176	2	168
sxs-puyo_puyo_tetris_2_v196608.r26	-	50000000	1	224834176	2	216
sxs-puyo_puyo_tetris_2_v196608.r27	-	36912341	1	274834176	2	264
sxs-puyo_puyo_tetris_2_v196608.rar	-	50000000	1	311746517	2	300
sxs-puyo_puyo_tetris_2_v196608.sfv	-	1305	1	361746517	2	348
