lfc-farmtogetherv458752.nfo	-	4963	1	0	0	0
lfc-farmtogetherv458752.r00	-	50000000	1	4963	0	1
lfc-farmtogetherv458752.r01	-	50000000	1	50004963	0	49
lfc-farmtogetherv458752.r02	-	50000000	1	100004963	0	97
lfc-farmtogetherv458752.r03	-	50000000	1	150004963	0	145
lfc-farmtogetherv458752.r04	-	50000000	1	200004963	0	193
lfc-farmtogetherv458752.r05	-	50000000	1	250004963	0	241
lfc-farmtogetherv458752.r06	-	50000000	1	300004963	0	289
lfc-farmtogetherv458752.r07	-	50000000	1	350004963	0	337
lfc-farmtogetherv458752.r08	-	2912645	1	400004963	0	385
lfc-farmtogetherv458752.rar	-	50000000	1	402917608	0	388
lfc-farmtogetherv458752.sfv	-	380	1	452917608	0	436
