sxs-paleo_pines_v196608.nfo	-	9878	1	0	0	0
sxs-paleo_pines_v196608.r00	-	100000000	1	9878	0	1
sxs-paleo_pines_v196608.r01	-	100000000	1	100009878	0	97
sxs-paleo_pines_v196608.r02	-	100000000	1	200009878	0	193
sxs-paleo_pines_v196608.r03	-	100000000	1	300009878	0	289
sxs-paleo_pines_v196608.r04	-	100000000	1	400009878	0	385
sxs-paleo_pines_v196608.r05	-	100000000	1	500009878	0	481
sxs-paleo_pines_v196608.r06	-	100000000	1	62251264	1	60
sxs-paleo_pines_v196608.r07	-	100000000	1	162251264	1	156
sxs-paleo_pines_v196608.r08	-	100000000	1	262251264	1	252
sxs-paleo_pines_v196608.r09	-	100000000	1	362251264	1	348
sxs-paleo_pines_v196608.r10	-	100000000	1	462251264	1	444
sxs-paleo_pines_v196608.r11	-	2029257	1	24502528	2	24
sxs-paleo_pines_v196608.rar	-	100000000	1	26531785	2	26
sxs-paleo_pines_v196608.sfv	-	494	1	126531785	2	122
