lfc-msbl_v327680.nfo	-	6008	1	0	0	0
lfc-msbl_v327680.r00	-	50000000	1	6008	0	1
lfc-msbl_v327680.r01	-	50000000	1	50006008	0	49
lfc-msbl_v327680.r02	-	50000000	1	100006008	0	97
lfc-msbl_v327680.r03	-	50000000	1	150006008	0	145
lfc-msbl_v327680.r04	-	50000000	1	200006008	0	193
lfc-msbl_v327680.r05	-	50000000	1	250006008	0	241
lfc-msbl_v327680.r06	-	50000000	1	300006008	0	289
lfc-msbl_v327680.r07	-	50000000	1	350006008	0	337
lfc-msbl_v327680.r08	-	50000000	1	400006008	0	385
lfc-msbl_v327680.r09	-	50000000	1	450006008	0	433
lfc-msbl_v327680.r10	-	50000000	1	500006008	0	481
lfc-msbl_v327680.r11	-	50000000	1	12251264	1	12
lfc-msbl_v327680.r12	-	50000000	1	62251264	1	60
lfc-msbl_v327680.r13	-	50000000	1	112251264	1	108
lfc-msbl_v327680.r14	-	50000000	1	162251264	1	156
lfc-msbl_v327680.r15	-	50000000	1	212251264	1	204
lfc-msbl_v327680.r16	-	50000000	1	262251264	1	252
lfc-msbl_v327680.r17	-	50000000	1	312251264	1	300
lfc-msbl_v327680.r18	-	18608241	1	362251264	1	348
lfc-msbl_v327680.rar	-	50000000	1	380859505	1	366
lfc-msbl_v327680.sfv	-	620	1	430859505	1	414
