v-hell_pie_v196608.nfo	-	7150	1	0	0	0
v-hell_pie_v196608.r00	-	100000000	1	7150	0	1
v-hell_pie_v196608.r01	-	100000000	1	100007150	0	97
v-hell_pie_v196608.r02	-	100000000	1	200007150	0	193
v-hell_pie_v196608.r03	-	100000000	1	300007150	0	289
v-hell_pie_v196608.r04	-	100000000	1	400007150	0	385
v-hell_pie_v196608.r05	-	100000000	1	500007150	0	481
v-hell_pie_v196608.r06	-	100000000	1	62251264	1	60
v-hell_pie_v196608.r07	-	100000000	1	162251264	1	156
v-hell_pie_v196608.r08	-	100000000	1	262251264	1	252
v-hell_pie_v196608.r09	-	100000000	1	362251264	1	348
v-hell_pie_v196608.r10	-	100000000	1	462251264	1	444
v-hell_pie_v196608.r11	-	100000000	1	24502528	2	24
v-hell_pie_v196608.r12	-	100000000	1	124502528	2	120
v-hell_pie_v196608.r13	-	100000000	1	224502528	2	216
v-hell_pie_v196608.r14	-	100000000	1	324502528	2	312
v-hell_pie_v196608.r15	-	100000000	1	424502528	2	408
v-hell_pie_v196608.r16	-	100000000	1	524502528	2	504
v-hell_pie_v196608.r17	-	100000000	1	87417088	3	84
v-hell_pie_v196608.r18	-	100000000	1	187417088	3	180
v-hell_pie_v196608.r19	-	100000000	1	287417088	3	276
v-hell_pie_v196608.r20	-	100000000	1	387417088	3	372
v-hell_pie_v196608.r21	-	100000000	1	487417088	3	468
v-hell_pie_v196608.r22	-	81753273	1	49668352	4	48
v-hell_pie_v196608.rar	-	100000000	1	131421625	4	126
v-hell_pie_v196608.sfv	-	792	1	231421625	4	222
