sxs-musynx_v851968.nfo	-	3482	1	0	0	0
sxs-musynx_v851968.r00	-	100000000	1	3482	0	1
sxs-musynx_v851968.r01	-	100000000	1	100003482	0	97
sxs-musynx_v851968.r02	-	100000000	1	200003482	0	193
sxs-musynx_v851968.r03	-	100000000	1	300003482	0	289
sxs-musynx_v851968.r04	-	100000000	1	400003482	0	385
sxs-musynx_v851968.r05	-	100000000	1	500003482	0	481
sxs-musynx_v851968.r06	-	100000000	1	62251264	1	60
sxs-musynx_v851968.r07	-	100000000	1	162251264	1	156
sxs-musynx_v851968.r08	-	100000000	1	262251264	1	252
sxs-musynx_v851968.r09	-	100000000	1	362251264	1	348
sxs-musynx_v851968.r10	-	100000000	1	462251264	1	444
sxs-musynx_v851968.r11	-	100000000	1	24502528	2	24
sxs-musynx_v851968.r12	-	100000000	1	124502528	2	120
sxs-musynx_v851968.r13	-	100000000	1	224502528	2	216
sxs-musynx_v851968.r14	-	100000000	1	324502528	2	312
sxs-musynx_v851968.r15	-	100000000	1	424502528	2	408
sxs-musynx_v851968.r16	-	100000000	1	524502528	2	504
sxs-musynx_v851968.r17	-	100000000	1	87417088	3	84
sxs-musynx_v851968.r18	-	100000000	1	187417088	3	180
sxs-musynx_v851968.r19	-	100000000	1	287417088	3	276
sxs-musynx_v851968.r20	-	100000000	1	387417088	3	372
sxs-musynx_v851968.r21	-	100000000	1	487417088	3	468
sxs-musynx_v851968.r22	-	100000000	1	49668352	4	48
sxs-musynx_v851968.r23	-	100000000	1	149668352	4	144
sxs-musynx_v851968.r24	-	100000000	1	249668352	4	240
sxs-musynx_v851968.r25	-	100000000	1	349668352	4	336
sxs-musynx_v851968.r26	-	100000000	1	449668352	4	432
sxs-musynx_v851968.r27	-	100000000	1	11919616	5	12
sxs-musynx_v851968.r28	-	100000000	1	111919616	5	108
sxs-musynx_v851968.r29	-	100000000	1	211919616	5	204
sxs-musynx_v851968.r30	-	100000000	1	311919616	5	300
sxs-musynx_v851968.r31	-	100000000	1	411919616	5	396
sxs-musynx_v851968.r32	-	100000000	1	511919616	5	492
sxs-musynx_v851968.r33	-	100000000	1	74834176	6	72
sxs-musynx_v851968.r34	-	100000000	1	174834176	6	168
sxs-musynx_v851968.r35	-	100000000	1	274834176	6	264
sxs-musynx_v851968.r36	-	100000000	1	374834176	6	360
sxs-musynx_v851968.r37	-	100000000	1	474834176	6	456
sxs-musynx_v851968.r38	-	100000000	1	37085440	7	36
sxs-musynx_v851968.r39	-	100000000	1	137085440	7	132
sxs-musynx_v851968.r40	-	100000000	1	237085440	7	228
sxs-musynx_v851968.r41	-	100000000	1	337085440	7	324
sxs-musynx_v851968.r42	-	100000000	1	437085440	7	420
sxs-musynx_v851968.r43	-	100000000	1	0	8	0
sxs-musynx_v851968.r44	-	100000000	1	100000000	8	96
sxs-musynx_v851968.r45	-	100000000	1	200000000	8	192
sxs-musynx_v851968.r46	-	100000000	1	300000000	8	288
sxs-musynx_v851968.r47	-	100000000	1	400000000	8	384
sxs-musynx_v851968.r48	-	100000000	1	500000000	8	480
sxs-musynx_v851968.r49	-	100000000	1	62251264	9	60
sxs-musynx_v851968.r50	-	100000000	1	162251264	9	156
sxs-musynx_v851968.r51	-	100000000	1	262251264	9	252
sxs-musynx_v851968.r52	-	100000000	1	362251264	9	348
sxs-musynx_v851968.r53	-	100000000	1	462251264	9	444
sxs-musynx_v851968.r54	-	100000000	1	24502528	10	24
sxs-musynx_v851968.r55	-	100000000	1	124502528	10	120
sxs-musynx_v851968.r56	-	100000000	1	224502528	10	216
sxs-musynx_v851968.r57	-	100000000	1	324502528	10	312
sxs-musynx_v851968.r58	-	65353810	1	424502528	10	408
sxs-musynx_v851968.rar	-	100000000	1	489856338	10	471
sxs-musynx_v851968.sfv	-	1980	1	52814080	11	51
