lfc-themessenger.nfo	-	4395	1	0	0	0
lfc-themessenger.r00	-	100000000	1	4395	0	1
lfc-themessenger.r01	-	100000000	1	100004395	0	97
lfc-themessenger.r02	-	100000000	1	200004395	0	193
lfc-themessenger.r03	-	100000000	1	300004395	0	289
lfc-themessenger.r04	-	100000000	1	400004395	0	385
lfc-themessenger.r05	-	100000000	1	500004395	0	481
lfc-themessenger.r06	-	100000000	1	62251264	1	60
lfc-themessenger.r07	-	100000000	1	162251264	1	156
lfc-themessenger.r08	-	100000000	1	262251264	1	252
lfc-themessenger.r09	-	100000000	1	362251264	1	348
lfc-themessenger.r10	-	100000000	1	462251264	1	444
lfc-themessenger.r11	-	100000000	1	24502528	2	24
lfc-themessenger.r12	-	100000000	1	124502528	2	120
lfc-themessenger.r13	-	100000000	1	224502528	2	216
lfc-themessenger.r14	-	100000000	1	324502528	2	312
lfc-themessenger.r15	-	100000000	1	424502528	2	408
lfc-themessenger.r16	-	29707592	1	524502528	2	504
lfc-themessenger.rar	-	100000000	1	17124680	3	17
lfc-themessenger.sfv	-	558	1	117124680	3	113
