lfc-a49fb.nfo	-	8562	1	0	0	0
lfc-a49fb.r00	-	50000000	1	8562	0	1
lfc-a49fb.r01	-	50000000	1	50008562	0	49
lfc-a49fb.r02	-	50000000	1	100008562	0	97
lfc-a49fb.r03	-	50000000	1	150008562	0	145
lfc-a49fb.r04	-	50000000	1	200008562	0	193
lfc-a49fb.r05	-	50000000	1	250008562	0	241
lfc-a49fb.r06	-	50000000	1	300008562	0	289
lfc-a49fb.r07	-	50000000	1	350008562	0	337
lfc-a49fb.r08	-	50000000	1	400008562	0	385
lfc-a49fb.r09	-	50000000	1	450008562	0	433
lfc-a49fb.r10	-	50000000	1	500008562	0	481
lfc-a49fb.r11	-	50000000	1	12251264	1	12
lfc-a49fb.r12	-	50000000	1	62251264	1	60
lfc-a49fb.r13	-	50000000	1	112251264	1	108
lfc-a49fb.r14	-	50000000	1	162251264	1	156
lfc-a49fb.r15	-	50000000	1	212251264	1	204
lfc-a49fb.r16	-	50000000	1	262251264	1	252
lfc-a49fb.r17	-	8024502	1	312251264	1	300
lfc-a49fb.rar	-	50000000	1	320275766	1	308
lfc-a49fb.sfv	-	456	1	370275766	1	356
Proof	d	0	1	370276222	1	357
Proof/lfc-a49fb.jpg	-	186159	1	370276222	1	357
