w-amnesiacollection.nfo	-	9338	1	0	0	0
w-amnesiacollection.r00	-	100000000	1	9338	0	1
w-amnesiacollection.r01	-	100000000	1	100009338	0	97
w-amnesiacollection.r02	-	100000000	1	200009338	0	193
w-amnesiacollection.r03	-	100000000	1	300009338	0	289
w-amnesiacollection.r04	-	100000000	1	400009338	0	385
w-amnesiacollection.r05	-	100000000	1	500009338	0	481
w-amnesiacollection.r06	-	100000000	1	62251264	1	60
w-amnesiacollection.r07	-	100000000	1	162251264	1	156
w-amnesiacollection.r08	-	100000000	1	262251264	1	252
w-amnesiacollection.r09	-	100000000	1	362251264	1	348
w-amnesiacollection.r10	-	100000000	1	462251264	1	444
w-amnesiacollection.r11	-	100000000	1	24502528	2	24
w-amnesiacollection.r12	-	100000000	1	124502528	2	120
w-amnesiacollection.r13	-	100000000	1	224502528	2	216
w-amnesiacollection.r14	-	100000000	1	324502528	2	312
w-amnesiacollection.r15	-	100000000	1	424502528	2	408
w-amnesiacollection.r16	-	100000000	1	524502528	2	504
w-amnesiacollection.r17	-	100000000	1	87417088	3	84
w-amnesiacollection.r18	-	100000000	1	187417088	3	180
w-amnesiacollection.r19	-	100000000	1	287417088	3	276
w-amnesiacollection.r20	-	100000000	1	387417088	3	372
w-amnesiacollection.r21	-	100000000	1	487417088	3	468
w-amnesiacollection.r22	-	100000000	1	49668352	4	48
w-amnesiacollection.r23	-	100000000	1	149668352	4	144
w-amnesiacollection.r24	-	100000000	1	249668352	4	240
w-amnesiacollection.r25	-	100000000	1	349668352	4	336
w-amnesiacollection.r26	-	100000000	1	449668352	4	432
w-amnesiacollection.r27	-	100000000	1	11919616	5	12
w-amnesiacollection.r28	-	100000000	1	111919616	5	108
w-amnesiacollection.r29	-	100000000	1	211919616	5	204
w-amnesiacollection.r30	-	100000000	1	311919616	5	300
w-amnesiacollection.r31	-	100000000	1	411919616	5	396
w-amnesiacollection.r32	-	100000000	1	511919616	5	492
w-amnesiacollection.r33	-	100000000	1	74834176	6	72
w-amnesiacollection.r34	-	100000000	1	174834176	6	168
w-amnesiacollection.r35	-	100000000	1	274834176	6	264
w-amnesiacollection.r36	-	100000000	1	374834176	6	360
w-amnesiacollection.r37	-	100000000	1	474834176	6	456
w-amnesiacollection.r38	-	100000000	1	37085440	7	36
w-amnesiacollection.r39	-	100000000	1	137085440	7	132
w-amnesiacollection.r40	-	100000000	1	237085440	7	228
w-amnesiacollection.r41	-	100000000	1	337085440	7	324
w-amnesiacollection.r42	-	100000000	1	437085440	7	420
w-amnesiacollection.r43	-	100000000	1	0	8	0
w-amnesiacollection.r44	-	100000000	1	100000000	8	96
w-amnesiacollection.r45	-	100000000	1	200000000	8	192
w-amnesiacollection.r46	-	100000000	1	300000000	8	288
w-amnesiacollection.r47	-	100000000	1	400000000	8	384
w-amnesiacollection.r48	-	100000000	1	500000000	8	480
w-amnesiacollection.r49	-	100000000	1	62251264	9	60
w-amnesiacollection.r50	-	100000000	1	162251264	9	156
w-amnesiacollection.r51	-	100000000	1	262251264	9	252
w-amnesiacollection.r52	-	100000000	1	362251264	9	348
w-amnesiacollection.r53	-	100000000	1	462251264	9	444
w-amnesiacollection.r54	-	100000000	1	24502528	10	24
w-amnesiacollection.r55	-	100000000	1	124502528	10	120
w-amnesiacollection.r56	-	15545773	1	224502528	10	216
w-amnesiacollection.rar	-	100000000	1	240048301	10	231
w-amnesiacollection.sfv	-	1972	1	340048301	10	327
