v-risk_of_rain_2_v196608.nfo	-	4030	1	0	0	0
v-risk_of_rain_2_v196608.r00	-	50000000	1	4030	0	1
v-risk_of_rain_2_v196608.r01	-	50000000	1	50004030	0	49
v-risk_of_rain_2_v196608.r02	-	50000000	1	100004030	0	97
v-risk_of_rain_2_v196608.r03	-	50000000	1	150004030	0	145
v-risk_of_rain_2_v196608.r04	-	50000000	1	200004030	0	193
v-risk_of_rain_2_v196608.r05	-	50000000	1	250004030	0	241
v-risk_of_rain_2_v196608.r06	-	50000000	1	300004030	0	289
v-risk_of_rain_2_v196608.r07	-	50000000	1	350004030	0	337
v-risk_of_rain_2_v196608.r08	-	50000000	1	400004030	0	385
v-risk_of_rain_2_v196608.r09	-	50000000	1	450004030	0	433
v-risk_of_rain_2_v196608.r10	-	50000000	1	500004030	0	481
v-risk_of_rain_2_v196608.r11	-	50000000	1	12251264	1	12
v-risk_of_rain_2_v196608.r12	-	50000000	1	62251264	1	60
v-risk_of_rain_2_v196608.r13	-	50000000	1	112251264	1	108
v-risk_of_rain_2_v196608.r14	-	50000000	1	162251264	1	156
v-risk_of_rain_2_v196608.r15	-	50000000	1	212251264	1	204
v-risk_of_rain_2_v196608.r16	-	50000000	1	262251264	1	252
v-risk_of_rain_2_v196608.r17	-	50000000	1	312251264	1	300
v-risk_of_rain_2_v196608.r18	-	4744998	1	362251264	1	348
v-risk_of_rain_2_v196608.rar	-	50000000	1	366996262	1	353
v-risk_of_rain_2_v196608.sfv	-	780	1	416996262	1	401
