v-youtubers_life_2_v196608.nfo	-	8476	1	0	0	0
v-youtubers_life_2_v196608.r00	-	50000000	1	8476	0	1
v-youtubers_life_2_v196608.r01	-	50000000	1	50008476	0	49
v-youtubers_life_2_v196608.r02	-	50000000	1	100008476	0	97
v-youtubers_life_2_v196608.r03	-	50000000	1	150008476	0	145
v-youtubers_life_2_v196608.r04	-	50000000	1	200008476	0	193
v-youtubers_life_2_v196608.r05	-	50000000	1	250008476	0	241
v-youtubers_life_2_v196608.r06	-	50000000	1	300008476	0	289
v-youtubers_life_2_v196608.r07	-	50000000	1	350008476	0	337
v-youtubers_life_2_v196608.r08	-	50000000	1	400008476	0	385
v-youtubers_life_2_v196608.r09	-	50000000	1	450008476	0	433
v-youtubers_life_2_v196608.r10	-	50000000	1	500008476	0	481
v-youtubers_life_2_v196608.r11	-	50000000	1	12251264	1	12
v-youtubers_life_2_v196608.r12	-	50000000	1	62251264	1	60
v-youtubers_life_2_v196608.r13	-	50000000	1	112251264	1	108
v-youtubers_life_2_v196608.r14	-	50000000	1	162251264	1	156
v-youtubers_life_2_v196608.r15	-	50000000	1	212251264	1	204
v-youtubers_life_2_v196608.r16	-	50000000	1	262251264	1	252
v-youtubers_life_2_v196608.r17	-	50000000	1	312251264	1	300
v-youtubers_life_2_v196608.r18	-	50000000	1	362251264	1	348
v-youtubers_life_2_v196608.r19	-	50000000	1	412251264	1	396
v-youtubers_life_2_v196608.r20	-	50000000	1	462251264	1	444
v-youtubers_life_2_v196608.r21	-	50000000	1	512251264	1	492
v-youtubers_life_2_v196608.r22	-	50000000	1	24834176	2	24
v-youtubers_life_2_v196608.r23	-	50000000	1	74834176	2	72
v-youtubers_life_2_v196608.r24	-	50000000	1	124834176	2	120
v-youtubers_life_2_v196608.r25	-	50000000	1	174834176	2	168
v-youtubers_life_2_v196608.r26	-	50000000	1	224834176	2	216
v-youtubers_life_2_v196608.r27	-	50000000	1	274834176	2	264
v-youtubers_life_2_v196608.r28	-	7709090	1	324834176	2	312
v-youtubers_life_2_v196608.rar	-	50000000	1	332543266	2	320
v-youtubers_life_2_v196608.sfv	-	1230	1	382543266	2	368
