hr-alfmav196608.nfo	-	11420	1	0	0	0
hr-alfmav196608.r00	-	50000000	1	11420	0	1
hr-alfmav196608.r01	-	50000000	1	50011420	0	49
hr-alfmav196608.r02	-	50000000	1	100011420	0	97
hr-alfmav196608.r03	-	50000000	1	150011420	0	145
hr-alfmav196608.r04	-	50000000	1	200011420	0	193
hr-alfmav196608.r05	-	50000000	1	250011420	0	241
hr-alfmav196608.r06	-	50000000	1	300011420	0	289
hr-alfmav196608.r07	-	50000000	1	350011420	0	337
hr-alfmav196608.r08	-	50000000	1	400011420	0	385
hr-alfmav196608.r09	-	50000000	1	450011420	0	433
hr-alfmav196608.r10	-	50000000	1	500011420	0	481
hr-alfmav196608.r11	-	36723067	1	12251264	1	12
hr-alfmav196608.rar	-	50000000	1	48974331	1	48
hr-alfmav196608.sfv	-	390	1	98974331	1	96
