v-taiko_v131072.nfo	-	5669	1	0	0	0
v-taiko_v131072.r00	-	50000000	1	5669	0	1
v-taiko_v131072.r01	-	50000000	1	50005669	0	49
v-taiko_v131072.r02	-	50000000	1	100005669	0	97
v-taiko_v131072.r03	-	50000000	1	150005669	0	145
v-taiko_v131072.r04	-	50000000	1	200005669	0	193
v-taiko_v131072.r05	-	50000000	1	250005669	0	241
v-taiko_v131072.r06	-	50000000	1	300005669	0	289
v-taiko_v131072.r07	-	50000000	1	350005669	0	337
v-taiko_v131072.r08	-	50000000	1	400005669	0	385
v-taiko_v131072.r09	-	4003543	1	450005669	0	433
v-taiko_v131072.rar	-	50000000	1	454009212	0	437
v-taiko_v131072.sfv	-	330	1	504009212	0	485
