sxs-blackmoor_2_v983040.nfo	-	5276	1	0	0	0
sxs-blackmoor_2_v983040.r00	-	100000000	1	5276	0	1
sxs-blackmoor_2_v983040.r01	-	100000000	1	100005276	0	97
sxs-blackmoor_2_v983040.r02	-	100000000	1	200005276	0	193
sxs-blackmoor_2_v983040.r03	-	100000000	1	300005276	0	289
sxs-blackmoor_2_v983040.r04	-	100000000	1	400005276	0	385
sxs-blackmoor_2_v983040.r05	-	100000000	1	500005276	0	481
sxs-blackmoor_2_v983040.r06	-	100000000	1	62251264	1	60
sxs-blackmoor_2_v983040.r07	-	100000000	1	162251264	1	156
sxs-blackmoor_2_v983040.r08	-	100000000	1	262251264	1	252
sxs-blackmoor_2_v983040.r09	-	100000000	1	362251264	1	348
sxs-blackmoor_2_v983040.r10	-	100000000	1	462251264	1	444
sxs-blackmoor_2_v983040.r11	-	45470473	1	24502528	2	24
sxs-blackmoor_2_v983040.rar	-	100000000	1	69973001	2	68
sxs-blackmoor_2_v983040.sfv	-	494	1	169973001	2	164
