sxs-tails_of_iron_v262144.nfo	-	10736	1	0	0	0
sxs-tails_of_iron_v262144.r00	-	100000000	1	10736	0	1
sxs-tails_of_iron_v262144.r01	-	100000000	1	100010736	0	97
sxs-tails_of_iron_v262144.r02	-	100000000	1	200010736	0	193
sxs-tails_of_iron_v262144.r03	-	100000000	1	300010736	0	289
sxs-tails_of_iron_v262144.r04	-	100000000	1	400010736	0	385
sxs-tails_of_iron_v262144.r05	-	100000000	1	500010736	0	481
sxs-tails_of_iron_v262144.r06	-	30118911	1	62251264	1	60
sxs-tails_of_iron_v262144.rar	-	100000000	1	92370175	1	89
sxs-tails_of_iron_v262144.sfv	-	320	1	192370175	1	185
