hr-bb6uav65536.nfo	-	43404	1	0	0	0
hr-bb6uav65536.r00	-	50000000	1	43404	0	1
hr-bb6uav65536.r01	-	50000000	1	50043404	0	49
hr-bb6uav65536.r02	-	50000000	1	100043404	0	97
hr-bb6uav65536.r03	-	50000000	1	150043404	0	145
hr-bb6uav65536.r04	-	50000000	1	200043404	0	193
hr-bb6uav65536.r05	-	50000000	1	250043404	0	241
hr-bb6uav65536.r06	-	50000000	1	300043404	0	289
hr-bb6uav65536.r07	-	50000000	1	350043404	0	337
hr-bb6uav65536.r08	-	50000000	1	400043404	0	385
hr-bb6uav65536.r09	-	3763774	1	450043404	0	433
hr-bb6uav65536.rar	-	50000000	1	453807178	0	437
hr-bb6uav65536.sfv	-	319	1	503807178	0	485
