sxs-dbfu_v917504.nfo	-	5744	1	0	0	0
sxs-dbfu_v917504.r00	-	50000000	1	5744	0	1
sxs-dbfu_v917504.r01	-	50000000	1	50005744	0	49
sxs-dbfu_v917504.r02	-	50000000	1	100005744	0	97
sxs-dbfu_v917504.r03	-	50000000	1	150005744	0	145
sxs-dbfu_v917504.r04	-	50000000	1	200005744	0	193
sxs-dbfu_v917504.r05	-	50000000	1	250005744	0	241
sxs-dbfu_v917504.r06	-	50000000	1	300005744	0	289
sxs-dbfu_v917504.r07	-	50000000	1	350005744	0	337
sxs-dbfu_v917504.r08	-	50000000	1	400005744	0	385
sxs-dbfu_v917504.r09	-	50000000	1	450005744	0	433
sxs-dbfu_v917504.r10	-	50000000	1	500005744	0	481
sxs-dbfu_v917504.r11	-	50000000	1	12251264	1	12
sxs-dbfu_v917504.r12	-	50000000	1	62251264	1	60
sxs-dbfu_v917504.r13	-	50000000	1	112251264	1	108
sxs-dbfu_v917504.r14	-	50000000	1	162251264	1	156
sxs-dbfu_v917504.r15	-	50000000	1	212251264	1	204
sxs-dbfu_v917504.r16	-	50000000	1	262251264	1	252
sxs-dbfu_v917504.r17	-	50000000	1	312251264	1	300
sxs-dbfu_v917504.r18	-	50000000	1	362251264	1	348
sxs-dbfu_v917504.r19	-	50000000	1	412251264	1	396
sxs-dbfu_v917504.r20	-	50000000	1	462251264	1	444
sxs-dbfu_v917504.r21	-	50000000	1	512251264	1	492
sxs-dbfu_v917504.r22	-	50000000	1	24834176	2	24
sxs-dbfu_v917504.r23	-	50000000	1	74834176	2	72
sxs-dbfu_v917504.r24	-	50000000	1	124834176	2	120
sxs-dbfu_v917504.r25	-	50000000	1	174834176	2	168
sxs-dbfu_v917504.r26	-	50000000	1	224834176	2	216
sxs-dbfu_v917504.r27	-	50000000	1	274834176	2	264
sxs-dbfu_v917504.r28	-	50000000	1	324834176	2	312
sxs-dbfu_v917504.r29	-	50000000	1	374834176	2	360
sxs-dbfu_v917504.r30	-	50000000	1	424834176	2	408
sxs-dbfu_v917504.r31	-	50000000	1	474834176	2	456
sxs-dbfu_v917504.r32	-	50000000	1	524834176	2	504
sxs-dbfu_v917504.r33	-	50000000	1	37417088	3	36
sxs-dbfu_v917504.r34	-	50000000	1	87417088	3	84
sxs-dbfu_v917504.r35	-	50000000	1	137417088	3	132
sxs-dbfu_v917504.r36	-	50000000	1	187417088	3	180
sxs-dbfu_v917504.r37	-	50000000	1	237417088	3	228
sxs-dbfu_v917504.r38	-	50000000	1	287417088	3	276
sxs-dbfu_v917504.r39	-	50000000	1	337417088	3	324
sxs-dbfu_v917504.r40	-	50000000	1	387417088	3	372
sxs-dbfu_v917504.r41	-	50000000	1	437417088	3	420
sxs-dbfu_v917504.r42	-	50000000	1	487417088	3	468
sxs-dbfu_v917504.r43	-	50000000	1	0	4	0
sxs-dbfu_v917504.r44	-	50000000	1	50000000	4	48
sxs-dbfu_v917504.r45	-	50000000	1	100000000	4	96
sxs-dbfu_v917504.r46	-	50000000	1	150000000	4	144
sxs-dbfu_v917504.r47	-	50000000	1	200000000	4	192
sxs-dbfu_v917504.r48	-	50000000	1	250000000	4	240
sxs-dbfu_v917504.r49	-	50000000	1	300000000	4	288
sxs-dbfu_v917504.r50	-	50000000	1	350000000	4	336
sxs-dbfu_v917504.r51	-	50000000	1	400000000	4	384
sxs-dbfu_v917504.r52	-	50000000	1	450000000	4	432
sxs-dbfu_v917504.r53	-	50000000	1	500000000	4	480
sxs-dbfu_v917504.r54	-	50000000	1	12251264	5	12
sxs-dbfu_v917504.r55	-	50000000	1	62251264	5	60
sxs-dbfu_v917504.r56	-	50000000	1	112251264	5	108
sxs-dbfu_v917504.r57	-	50000000	1	162251264	5	156
sxs-dbfu_v917504.r58	-	50000000	1	212251264	5	204
sxs-dbfu_v917504.r59	-	50000000	1	262251264	5	252
sxs-dbfu_v917504.r60	-	50000000	1	312251264	5	300
sxs-dbfu_v917504.r61	-	50000000	1	362251264	5	348
sxs-dbfu_v917504.r62	-	50000000	1	412251264	5	396
sxs-dbfu_v917504.r63	-	50000000	1	462251264	5	444
sxs-dbfu_v917504.r64	-	50000000	1	512251264	5	492
sxs-dbfu_v917504.r65	-	50000000	1	24834176	6	24
sxs-dbfu_v917504.r66	-	50000000	1	74834176	6	72
sxs-dbfu_v917504.r67	-	50000000	1	124834176	6	120
sxs-dbfu_v917504.r68	-	50000000	1	174834176	6	168
sxs-dbfu_v917504.r69	-	50000000	1	224834176	6	216
sxs-dbfu_v917504.r70	-	50000000	1	274834176	6	264
sxs-dbfu_v917504.r71	-	50000000	1	324834176	6	312
sxs-dbfu_v917504.r72	-	50000000	1	374834176	6	360
sxs-dbfu_v917504.r73	-	50000000	1	424834176	6	408
sxs-dbfu_v917504.r74	-	50000000	1	474834176	6	456
sxs-dbfu_v917504.r75	-	50000000	1	524834176	6	504
sxs-dbfu_v917504.r76	-	50000000	1	37417088	7	36
sxs-dbfu_v917504.r77	-	50000000	1	87417088	7	84
sxs-dbfu_v917504.r78	-	50000000	1	137417088	7	132
sxs-dbfu_v917504.r79	-	50000000	1	187417088	7	180
sxs-dbfu_v917504.r80	-	50000000	1	237417088	7	228
sxs-dbfu_v917504.r81	-	50000000	1	287417088	7	276
sxs-dbfu_v917504.r82	-	50000000	1	337417088	7	324
sxs-dbfu_v917504.r83	-	50000000	1	387417088	7	372
sxs-dbfu_v917504.r84	-	50000000	1	437417088	7	420
sxs-dbfu_v917504.r85	-	50000000	1	487417088	7	468
sxs-dbfu_v917504.r86	-	50000000	1	0	8	0
sxs-dbfu_v917504.r87	-	50000000	1	50000000	8	48
sxs-dbfu_v917504.r88	-	50000000	1	100000000	8	96
sxs-dbfu_v917504.r89	-	50000000	1	150000000	8	144
sxs-dbfu_v917504.r90	-	12906232	1	200000000	8	192
sxs-dbfu_v917504.rar	-	50000000	1	212906232	8	205
sxs-dbfu_v917504.sfv	-	2852	1	262906232	8	253
