sxs-sifu_v393216.nfo	-	6602	1	0	0	0
sxs-sifu_v393216.r00	-	100000000	1	6602	0	1
sxs-sifu_v393216.r01	-	100000000	1	100006602	0	97
sxs-sifu_v393216.r02	-	100000000	1	200006602	0	193
sxs-sifu_v393216.r03	-	100000000	1	300006602	0	289
sxs-sifu_v393216.r04	-	100000000	1	400006602	0	385
sxs-sifu_v393216.r05	-	100000000	1	500006602	0	481
sxs-sifu_v393216.r06	-	100000000	1	62251264	1	60
sxs-sifu_v393216.r07	-	100000000	1	162251264	1	156
sxs-sifu_v393216.r08	-	100000000	1	262251264	1	252
sxs-sifu_v393216.r09	-	100000000	1	362251264	1	348
sxs-sifu_v393216.r10	-	100000000	1	462251264	1	444
sxs-sifu_v393216.r11	-	100000000	1	24502528	2	24
sxs-sifu_v393216.r12	-	100000000	1	124502528	2	120
sxs-sifu_v393216.r13	-	100000000	1	224502528	2	216
sxs-sifu_v393216.r14	-	100000000	1	324502528	2	312
sxs-sifu_v393216.r15	-	100000000	1	424502528	2	408
sxs-sifu_v393216.r16	-	100000000	1	524502528	2	504
sxs-sifu_v393216.r17	-	100000000	1	87417088	3	84
sxs-sifu_v393216.r18	-	100000000	1	187417088	3	180
sxs-sifu_v393216.r19	-	100000000	1	287417088	3	276
sxs-sifu_v393216.r20	-	100000000	1	387417088	3	372
sxs-sifu_v393216.r21	-	100000000	1	487417088	3	468
sxs-sifu_v393216.r22	-	100000000	1	49668352	4	48
sxs-sifu_v393216.r23	-	100000000	1	149668352	4	144
sxs-sifu_v393216.r24	-	100000000	1	249668352	4	240
sxs-sifu_v393216.r25	-	100000000	1	349668352	4	336
sxs-sifu_v393216.r26	-	100000000	1	449668352	4	432
sxs-sifu_v393216.r27	-	100000000	1	11919616	5	12
sxs-sifu_v393216.r28	-	100000000	1	111919616	5	108
sxs-sifu_v393216.r29	-	100000000	1	211919616	5	204
sxs-sifu_v393216.r30	-	100000000	1	311919616	5	300
sxs-sifu_v393216.r31	-	100000000	1	411919616	5	396
sxs-sifu_v393216.r32	-	100000000	1	511919616	5	492
sxs-sifu_v393216.r33	-	100000000	1	74834176	6	72
sxs-sifu_v393216.r34	-	100000000	1	174834176	6	168
sxs-sifu_v393216.r35	-	65149313	1	274834176	6	264
sxs-sifu_v393216.rar	-	100000000	1	339983489	6	327
sxs-sifu_v393216.sfv	-	1147	1	439983489	6	423
