v-exit_the_gungeon_v131072.nfo	-	4966	1	0	0	0
v-exit_the_gungeon_v131072.r00	-	50000000	1	4966	0	1
v-exit_the_gungeon_v131072.r01	-	50000000	1	50004966	0	49
v-exit_the_gungeon_v131072.r02	-	50000000	1	100004966	0	97
v-exit_the_gungeon_v131072.r03	-	50000000	1	150004966	0	145
v-exit_the_gungeon_v131072.r04	-	50000000	1	200004966	0	193
v-exit_the_gungeon_v131072.r05	-	50000000	1	250004966	0	241
v-exit_the_gungeon_v131072.r06	-	29744424	1	300004966	0	289
v-exit_the_gungeon_v131072.rar	-	50000000	1	329749390	0	318
v-exit_the_gungeon_v131072.sfv	-	328	1	379749390	0	366
