hr-au9tb.nfo	-	20150	1	0	0	0
hr-au9tb.r00	-	50000000	1	20150	0	1
hr-au9tb.r01	-	50000000	1	50020150	0	49
hr-au9tb.r02	-	50000000	1	100020150	0	97
hr-au9tb.r03	-	50000000	1	150020150	0	145
hr-au9tb.r04	-	50000000	1	200020150	0	193
hr-au9tb.r05	-	50000000	1	250020150	0	241
hr-au9tb.r06	-	50000000	1	300020150	0	289
hr-au9tb.r07	-	50000000	1	350020150	0	337
hr-au9tb.r08	-	50000000	1	400020150	0	385
hr-au9tb.r09	-	50000000	1	450020150	0	433
hr-au9tb.r10	-	50000000	1	500020150	0	481
hr-au9tb.r11	-	50000000	1	12251264	1	12
hr-au9tb.r12	-	50000000	1	62251264	1	60
hr-au9tb.r13	-	50000000	1	112251264	1	108
hr-au9tb.r14	-	50000000	1	162251264	1	156
hr-au9tb.r15	-	50000000	1	212251264	1	204
hr-au9tb.r16	-	50000000	1	262251264	1	252
hr-au9tb.r17	-	50000000	1	312251264	1	300
hr-au9tb.r18	-	50000000	1	362251264	1	348
hr-au9tb.r19	-	50000000	1	412251264	1	396
hr-au9tb.r20	-	50000000	1	462251264	1	444
hr-au9tb.r21	-	50000000	1	512251264	1	492
hr-au9tb.r22	-	50000000	1	24834176	2	24
hr-au9tb.r23	-	50000000	1	74834176	2	72
hr-au9tb.r24	-	50000000	1	124834176	2	120
hr-au9tb.r25	-	39705934	1	174834176	2	168
hr-au9tb.rar	-	50000000	1	214540110	2	206
hr-au9tb.sfv	-	621	1	264540110	2	254
Proof	d	0	1	264540731	2	255
Proof/hr-au9tb.jpg	-	1025811	1	264540731	2	255
