sxs-crosscode_v851968.nfo	-	6134	1	0	0	0
sxs-crosscode_v851968.r00	-	50000000	1	6134	0	1
sxs-crosscode_v851968.r01	-	50000000	1	50006134	0	49
sxs-crosscode_v851968.r02	-	50000000	1	100006134	0	97
sxs-crosscode_v851968.r03	-	50000000	1	150006134	0	145
sxs-crosscode_v851968.r04	-	50000000	1	200006134	0	193
sxs-crosscode_v851968.r05	-	50000000	1	250006134	0	241
sxs-crosscode_v851968.r06	-	50000000	1	300006134	0	289
sxs-crosscode_v851968.r07	-	50000000	1	350006134	0	337
sxs-crosscode_v851968.r08	-	50000000	1	400006134	0	385
sxs-crosscode_v851968.r09	-	50000000	1	450006134	0	433
sxs-crosscode_v851968.r10	-	50000000	1	500006134	0	481
sxs-crosscode_v851968.r11	-	50000000	1	12251264	1	12
sxs-crosscode_v851968.r12	-	50000000	1	62251264	1	60
sxs-crosscode_v851968.r13	-	50000000	1	112251264	1	108
sxs-crosscode_v851968.r14	-	50000000	1	162251264	1	156
sxs-crosscode_v851968.r15	-	50000000	1	212251264	1	204
sxs-crosscode_v851968.r16	-	50000000	1	262251264	1	252
sxs-crosscode_v851968.r17	-	50000000	1	312251264	1	300
sxs-crosscode_v851968.r18	-	50000000	1	362251264	1	348
sxs-crosscode_v851968.r19	-	50000000	1	412251264	1	396
sxs-crosscode_v851968.r20	-	50000000	1	462251264	1	444
sxs-crosscode_v851968.r21	-	50000000	1	512251264	1	492
sxs-crosscode_v851968.r22	-	38440717	1	24834176	2	24
sxs-crosscode_v851968.rar	-	50000000	1	63274893	2	61
sxs-crosscode_v851968.sfv	-	864	1	113274893	2	109
