sxs-two_point_campus_v851968.nfo	-	7382	1	0	0	0
sxs-two_point_campus_v851968.r00	-	50000000	1	7382	0	1
sxs-two_point_campus_v851968.r01	-	50000000	1	50007382	0	49
sxs-two_point_campus_v851968.r02	-	50000000	1	100007382	0	97
sxs-two_point_campus_v851968.r03	-	50000000	1	150007382	0	145
sxs-two_point_campus_v851968.r04	-	50000000	1	200007382	0	193
sxs-two_point_campus_v851968.r05	-	50000000	1	250007382	0	241
sxs-two_point_campus_v851968.r06	-	50000000	1	300007382	0	289
sxs-two_point_campus_v851968.r07	-	50000000	1	350007382	0	337
sxs-two_point_campus_v851968.r08	-	50000000	1	400007382	0	385
sxs-two_point_campus_v851968.r09	-	50000000	1	450007382	0	433
sxs-two_point_campus_v851968.r10	-	50000000	1	500007382	0	481
sxs-two_point_campus_v851968.r11	-	50000000	1	12251264	1	12
sxs-two_point_campus_v851968.r12	-	50000000	1	62251264	1	60
sxs-two_point_campus_v851968.r13	-	50000000	1	112251264	1	108
sxs-two_point_campus_v851968.r14	-	50000000	1	162251264	1	156
sxs-two_point_campus_v851968.r15	-	50000000	1	212251264	1	204
sxs-two_point_campus_v851968.r16	-	50000000	1	262251264	1	252
sxs-two_point_campus_v851968.r17	-	50000000	1	312251264	1	300
sxs-two_point_campus_v851968.r18	-	50000000	1	362251264	1	348
sxs-two_point_campus_v851968.r19	-	50000000	1	412251264	1	396
sxs-two_point_campus_v851968.r20	-	50000000	1	462251264	1	444
sxs-two_point_campus_v851968.r21	-	50000000	1	512251264	1	492
sxs-two_point_campus_v851968.r22	-	50000000	1	24834176	2	24
sxs-two_point_campus_v851968.r23	-	50000000	1	74834176	2	72
sxs-two_point_campus_v851968.r24	-	50000000	1	124834176	2	120
sxs-two_point_campus_v851968.r25	-	50000000	1	174834176	2	168
sxs-two_point_campus_v851968.r26	-	45237747	1	224834176	2	216
sxs-two_point_campus_v851968.rar	-	50000000	1	270071923	2	260
sxs-two_point_campus_v851968.sfv	-	1204	1	320071923	2	308
