w-eahtbae.nfo	-	9338	1	0	0	0
w-eahtbae.r00	-	50000000	1	9338	0	1
w-eahtbae.r01	-	50000000	1	50009338	0	49
w-eahtbae.r02	-	50000000	1	100009338	0	97
w-eahtbae.r03	-	50000000	1	150009338	0	145
w-eahtbae.r04	-	50000000	1	200009338	0	193
w-eahtbae.r05	-	50000000	1	250009338	0	241
w-eahtbae.r06	-	50000000	1	300009338	0	289
w-eahtbae.r07	-	50000000	1	350009338	0	337
w-eahtbae.r08	-	50000000	1	400009338	0	385
w-eahtbae.r09	-	50000000	1	450009338	0	433
w-eahtbae.r10	-	50000000	1	500009338	0	481
w-eahtbae.r11	-	50000000	1	12251264	1	12
w-eahtbae.r12	-	50000000	1	62251264	1	60
w-eahtbae.r13	-	50000000	1	112251264	1	108
w-eahtbae.r14	-	50000000	1	162251264	1	156
w-eahtbae.r15	-	50000000	1	212251264	1	204
w-eahtbae.r16	-	50000000	1	262251264	1	252
w-eahtbae.r17	-	50000000	1	312251264	1	300
w-eahtbae.r18	-	50000000	1	362251264	1	348
w-eahtbae.r19	-	50000000	1	412251264	1	396
w-eahtbae.r20	-	50000000	1	462251264	1	444
w-eahtbae.r21	-	50000000	1	512251264	1	492
w-eahtbae.r22	-	50000000	1	24834176	2	24
w-eahtbae.r23	-	50000000	1	74834176	2	72
w-eahtbae.r24	-	50000000	1	124834176	2	120
w-eahtbae.r25	-	50000000	1	174834176	2	168
w-eahtbae.r26	-	50000000	1	224834176	2	216
w-eahtbae.r27	-	50000000	1	274834176	2	264
w-eahtbae.r28	-	50000000	1	324834176	2	312
w-eahtbae.r29	-	50000000	1	374834176	2	360
w-eahtbae.r30	-	50000000	1	424834176	2	408
w-eahtbae.r31	-	50000000	1	474834176	2	456
w-eahtbae.r32	-	50000000	1	524834176	2	504
w-eahtbae.r33	-	50000000	1	37417088	3	36
w-eahtbae.r34	-	50000000	1	87417088	3	84
w-eahtbae.r35	-	50000000	1	137417088	3	132
w-eahtbae.r36	-	50000000	1	187417088	3	180
w-eahtbae.r37	-	50000000	1	237417088	3	228
w-eahtbae.r38	-	50000000	1	287417088	3	276
w-eahtbae.r39	-	50000000	1	337417088	3	324
w-eahtbae.r40	-	50000000	1	387417088	3	372
w-eahtbae.r41	-	50000000	1	437417088	3	420
w-eahtbae.r42	-	50000000	1	487417088	3	468
w-eahtbae.r43	-	50000000	1	0	4	0
w-eahtbae.r44	-	50000000	1	50000000	4	48
w-eahtbae.r45	-	50000000	1	100000000	4	96
w-eahtbae.r46	-	50000000	1	150000000	4	144
w-eahtbae.r47	-	50000000	1	200000000	4	192
w-eahtbae.r48	-	50000000	1	250000000	4	240
w-eahtbae.r49	-	50000000	1	300000000	4	288
w-eahtbae.r50	-	50000000	1	350000000	4	336
w-eahtbae.r51	-	50000000	1	400000000	4	384
w-eahtbae.r52	-	50000000	1	450000000	4	432
w-eahtbae.r53	-	50000000	1	500000000	4	480
w-eahtbae.r54	-	50000000	1	12251264	5	12
w-eahtbae.r55	-	50000000	1	62251264	5	60
w-eahtbae.r56	-	50000000	1	112251264	5	108
w-eahtbae.r57	-	50000000	1	162251264	5	156
w-eahtbae.r58	-	50000000	1	212251264	5	204
w-eahtbae.r59	-	50000000	1	262251264	5	252
w-eahtbae.r60	-	50000000	1	312251264	5	300
w-eahtbae.r61	-	50000000	1	362251264	5	348
w-eahtbae.r62	-	50000000	1	412251264	5	396
w-eahtbae.r63	-	50000000	1	462251264	5	444
w-eahtbae.r64	-	50000000	1	512251264	5	492
w-eahtbae.r65	-	50000000	1	24834176	6	24
w-eahtbae.r66	-	50000000	1	74834176	6	72
w-eahtbae.r67	-	50000000	1	124834176	6	120
w-eahtbae.r68	-	50000000	1	174834176	6	168
w-eahtbae.r69	-	50000000	1	224834176	6	216
w-eahtbae.r70	-	50000000	1	274834176	6	264
w-eahtbae.r71	-	50000000	1	324834176	6	312
w-eahtbae.r72	-	50000000	1	374834176	6	360
w-eahtbae.r73	-	50000000	1	424834176	6	408
w-eahtbae.r74	-	7590794	1	474834176	6	456
w-eahtbae.rar	-	50000000	1	482424970	6	464
w-eahtbae.sfv	-	1824	1	532424970	6	512
