v-torn_away.nfo	-	6760	1	0	0	0
v-torn_away.r00	-	100000000	1	6760	0	1
v-torn_away.r01	-	100000000	1	100006760	0	97
v-torn_away.r02	-	100000000	1	200006760	0	193
v-torn_away.r03	-	100000000	1	300006760	0	289
v-torn_away.r04	-	100000000	1	400006760	0	385
v-torn_away.r05	-	100000000	1	500006760	0	481
v-torn_away.r06	-	100000000	1	62251264	1	60
v-torn_away.r07	-	100000000	1	162251264	1	156
v-torn_away.r08	-	100000000	1	262251264	1	252
v-torn_away.r09	-	100000000	1	362251264	1	348
v-torn_away.r10	-	100000000	1	462251264	1	444
v-torn_away.r11	-	100000000	1	24502528	2	24
v-torn_away.r12	-	100000000	1	124502528	2	120
v-torn_away.r13	-	14276858	1	224502528	2	216
v-torn_away.rar	-	100000000	1	238779386	2	230
v-torn_away.sfv	-	390	1	338779386	2	326
