hr-a8rza.nfo	-	43404	1	0	0	0
hr-a8rza.r00	-	50000000	1	43404	0	1
hr-a8rza.r01	-	50000000	1	50043404	0	49
hr-a8rza.r02	-	50000000	1	100043404	0	97
hr-a8rza.r03	-	50000000	1	150043404	0	145
hr-a8rza.r04	-	50000000	1	200043404	0	193
hr-a8rza.r05	-	50000000	1	250043404	0	241
hr-a8rza.r06	-	50000000	1	300043404	0	289
hr-a8rza.r07	-	50000000	1	350043404	0	337
hr-a8rza.r08	-	12371586	1	400043404	0	385
hr-a8rza.rar	-	50000000	1	412414990	0	397
hr-a8rza.sfv	-	230	1	462414990	0	445
Proof	d	0	1	462415220	0	446
Proof/hr-a8rza.jpg	-	135224	1	462415220	0	446
