sxs-balthazars_dream_v196608.nfo	-	5822	1	0	0	0
sxs-balthazars_dream_v196608.r00	-	50000000	1	5822	0	1
sxs-balthazars_dream_v196608.r01	-	50000000	1	50005822	0	49
sxs-balthazars_dream_v196608.r02	-	50000000	1	100005822	0	97
sxs-balthazars_dream_v196608.r03	-	50000000	1	150005822	0	145
sxs-balthazars_dream_v196608.r04	-	50000000	1	200005822	0	193
sxs-balthazars_dream_v196608.r05	-	50000000	1	250005822	0	241
sxs-balthazars_dream_v196608.r06	-	50000000	1	300005822	0	289
sxs-balthazars_dream_v196608.r07	-	50000000	1	350005822	0	337
sxs-balthazars_dream_v196608.r08	-	50000000	1	400005822	0	385
sxs-balthazars_dream_v196608.r09	-	50000000	1	450005822	0	433
sxs-balthazars_dream_v196608.r10	-	50000000	1	500005822	0	481
sxs-balthazars_dream_v196608.r11	-	50000000	1	12251264	1	12
sxs-balthazars_dream_v196608.r12	-	50000000	1	62251264	1	60
sxs-balthazars_dream_v196608.r13	-	50000000	1	112251264	1	108
sxs-balthazars_dream_v196608.r14	-	50000000	1	162251264	1	156
sxs-balthazars_dream_v196608.r15	-	50000000	1	212251264	1	204
sxs-balthazars_dream_v196608.r16	-	50000000	1	262251264	1	252
sxs-balthazars_dream_v196608.r17	-	50000000	1	312251264	1	300
sxs-balthazars_dream_v196608.r18	-	50000000	1	362251264	1	348
sxs-balthazars_dream_v196608.r19	-	50000000	1	412251264	1	396
sxs-balthazars_dream_v196608.r20	-	50000000	1	462251264	1	444
sxs-balthazars_dream_v196608.r21	-	50000000	1	512251264	1	492
sxs-balthazars_dream_v196608.r22	-	50000000	1	24834176	2	24
sxs-balthazars_dream_v196608.r23	-	50000000	1	74834176	2	72
sxs-balthazars_dream_v196608.r24	-	50000000	1	124834176	2	120
sxs-balthazars_dream_v196608.r25	-	50000000	1	174834176	2	168
sxs-balthazars_dream_v196608.r26	-	50000000	1	224834176	2	216
sxs-balthazars_dream_v196608.r27	-	50000000	1	274834176	2	264
sxs-balthazars_dream_v196608.r28	-	50000000	1	324834176	2	312
sxs-balthazars_dream_v196608.r29	-	50000000	1	374834176	2	360
sxs-balthazars_dream_v196608.r30	-	50000000	1	424834176	2	408
sxs-balthazars_dream_v196608.r31	-	42415449	1	474834176	2	456
sxs-balthazars_dream_v196608.rar	-	50000000	1	517249625	2	497
sxs-balthazars_dream_v196608.sfv	-	1419	1	30077056	3	29
