hr-aynla.nfo	-	11258	1	0	0	0
hr-aynla.r00	-	50000000	1	11258	0	1
hr-aynla.r01	-	50000000	1	50011258	0	49
hr-aynla.r02	-	50000000	1	100011258	0	97
hr-aynla.r03	-	50000000	1	150011258	0	145
hr-aynla.r04	-	50000000	1	200011258	0	193
hr-aynla.r05	-	50000000	1	250011258	0	241
hr-aynla.r06	-	50000000	1	300011258	0	289
hr-aynla.r07	-	50000000	1	350011258	0	337
hr-aynla.r08	-	50000000	1	400011258	0	385
hr-aynla.r09	-	50000000	1	450011258	0	433
hr-aynla.r10	-	50000000	1	500011258	0	481
hr-aynla.r11	-	50000000	1	12251264	1	12
hr-aynla.r12	-	50000000	1	62251264	1	60
hr-aynla.r13	-	50000000	1	112251264	1	108
hr-aynla.r14	-	50000000	1	162251264	1	156
hr-aynla.r15	-	50000000	1	212251264	1	204
hr-aynla.r16	-	50000000	1	262251264	1	252
hr-aynla.r17	-	50000000	1	312251264	1	300
hr-aynla.r18	-	50000000	1	362251264	1	348
hr-aynla.r19	-	50000000	1	412251264	1	396
hr-aynla.r20	-	50000000	1	462251264	1	444
hr-aynla.r21	-	50000000	1	512251264	1	492
hr-aynla.r22	-	50000000	1	24834176	2	24
hr-aynla.r23	-	50000000	1	74834176	2	72
hr-aynla.r24	-	50000000	1	124834176	2	120
hr-aynla.r25	-	50000000	1	174834176	2	168
hr-aynla.r26	-	50000000	1	224834176	2	216
hr-aynla.r27	-	50000000	1	274834176	2	264
hr-aynla.r28	-	17832279	1	324834176	2	312
hr-aynla.rar	-	50000000	1	342666455	2	330
hr-aynla.sfv	-	690	1	392666455	2	378
Proof	d	0	1	392667145	2	379
Proof/hr-aynla.jpg	-	145999	1	392667145	2	379
