sxs-blackmoor_2_v655360.nfo	-	5198	1	0	0	0
sxs-blackmoor_2_v655360.r00	-	50000000	1	5198	0	1
sxs-blackmoor_2_v655360.r01	-	50000000	1	50005198	0	49
sxs-blackmoor_2_v655360.r02	-	50000000	1	100005198	0	97
sxs-blackmoor_2_v655360.r03	-	50000000	1	150005198	0	145
sxs-blackmoor_2_v655360.r04	-	50000000	1	200005198	0	193
sxs-blackmoor_2_v655360.r05	-	50000000	1	250005198	0	241
sxs-blackmoor_2_v655360.r06	-	50000000	1	300005198	0	289
sxs-blackmoor_2_v655360.r07	-	50000000	1	350005198	0	337
sxs-blackmoor_2_v655360.r08	-	50000000	1	400005198	0	385
sxs-blackmoor_2_v655360.r09	-	50000000	1	450005198	0	433
sxs-blackmoor_2_v655360.r10	-	50000000	1	500005198	0	481
sxs-blackmoor_2_v655360.r11	-	50000000	1	12251264	1	12
sxs-blackmoor_2_v655360.r12	-	50000000	1	62251264	1	60
sxs-blackmoor_2_v655360.r13	-	50000000	1	112251264	1	108
sxs-blackmoor_2_v655360.r14	-	36161734	1	162251264	1	156
sxs-blackmoor_2_v655360.rar	-	50000000	1	198412998	1	191
sxs-blackmoor_2_v655360.sfv	-	608	1	248412998	1	239
