hr-axd2b.nfo	-	11258	1	0	0	0
hr-axd2b.r00	-	50000000	1	11258	0	1
hr-axd2b.r01	-	50000000	1	50011258	0	49
hr-axd2b.r02	-	50000000	1	100011258	0	97
hr-axd2b.r03	-	50000000	1	150011258	0	145
hr-axd2b.r04	-	50000000	1	200011258	0	193
hr-axd2b.r05	-	50000000	1	250011258	0	241
hr-axd2b.r06	-	50000000	1	300011258	0	289
hr-axd2b.r07	-	50000000	1	350011258	0	337
hr-axd2b.r08	-	50000000	1	400011258	0	385
hr-axd2b.r09	-	50000000	1	450011258	0	433
hr-axd2b.r10	-	50000000	1	500011258	0	481
hr-axd2b.r11	-	50000000	1	12251264	1	12
hr-axd2b.r12	-	50000000	1	62251264	1	60
hr-axd2b.r13	-	50000000	1	112251264	1	108
hr-axd2b.r14	-	50000000	1	162251264	1	156
hr-axd2b.r15	-	50000000	1	212251264	1	204
hr-axd2b.r16	-	50000000	1	262251264	1	252
hr-axd2b.r17	-	4916400	1	312251264	1	300
hr-axd2b.rar	-	50000000	1	317167664	1	305
hr-axd2b.sfv	-	437	1	367167664	1	353
Proof	d	0	1	367168101	1	354
Proof/hr-axd2b.jpg	-	4457596	1	367168101	1	354
