sxs-party_arcade_v131072.nfo	-	4886	1	0	0	0
sxs-party_arcade_v131072.r00	-	50000000	1	4886	0	1
sxs-party_arcade_v131072.r01	-	50000000	1	50004886	0	49
sxs-party_arcade_v131072.r02	-	50000000	1	100004886	0	97
sxs-party_arcade_v131072.r03	-	50000000	1	150004886	0	145
sxs-party_arcade_v131072.r04	-	50000000	1	200004886	0	193
sxs-party_arcade_v131072.r05	-	50000000	1	250004886	0	241
sxs-party_arcade_v131072.r06	-	50000000	1	300004886	0	289
sxs-party_arcade_v131072.r07	-	41007469	1	350004886	0	337
sxs-party_arcade_v131072.rar	-	50000000	1	391012355	0	377
sxs-party_arcade_v131072.sfv	-	351	1	441012355	0	425
