v-fri13th_v327680.nfo	-	8788	1	0	0	0
v-fri13th_v327680.r00	-	50000000	1	8788	0	1
v-fri13th_v327680.r01	-	50000000	1	50008788	0	49
v-fri13th_v327680.r02	-	50000000	1	100008788	0	97
v-fri13th_v327680.r03	-	50000000	1	150008788	0	145
v-fri13th_v327680.r04	-	50000000	1	200008788	0	193
v-fri13th_v327680.r05	-	50000000	1	250008788	0	241
v-fri13th_v327680.r06	-	50000000	1	300008788	0	289
v-fri13th_v327680.r07	-	50000000	1	350008788	0	337
v-fri13th_v327680.r08	-	50000000	1	400008788	0	385
v-fri13th_v327680.r09	-	50000000	1	450008788	0	433
v-fri13th_v327680.r10	-	50000000	1	500008788	0	481
v-fri13th_v327680.r11	-	50000000	1	12251264	1	12
v-fri13th_v327680.r12	-	50000000	1	62251264	1	60
v-fri13th_v327680.r13	-	50000000	1	112251264	1	108
v-fri13th_v327680.r14	-	50000000	1	162251264	1	156
v-fri13th_v327680.r15	-	50000000	1	212251264	1	204
v-fri13th_v327680.r16	-	50000000	1	262251264	1	252
v-fri13th_v327680.r17	-	50000000	1	312251264	1	300
v-fri13th_v327680.r18	-	50000000	1	362251264	1	348
v-fri13th_v327680.r19	-	50000000	1	412251264	1	396
v-fri13th_v327680.r20	-	50000000	1	462251264	1	444
v-fri13th_v327680.r21	-	50000000	1	512251264	1	492
v-fri13th_v327680.r22	-	37758894	1	24834176	2	24
v-fri13th_v327680.rar	-	50000000	1	62593070	2	61
v-fri13th_v327680.sfv	-	768	1	112593070	2	109
