v-godeater3_v65536.nfo	-	7696	1	0	0	0
v-godeater3_v65536.r00	-	50000000	1	7696	0	1
v-godeater3_v65536.r01	-	50000000	1	50007696	0	49
v-godeater3_v65536.r02	-	50000000	1	100007696	0	97
v-godeater3_v65536.r03	-	50000000	1	150007696	0	145
v-godeater3_v65536.r04	-	50000000	1	200007696	0	193
v-godeater3_v65536.r05	-	50000000	1	250007696	0	241
v-godeater3_v65536.r06	-	50000000	1	300007696	0	289
v-godeater3_v65536.r07	-	50000000	1	350007696	0	337
v-godeater3_v65536.r08	-	50000000	1	400007696	0	385
v-godeater3_v65536.r09	-	50000000	1	450007696	0	433
v-godeater3_v65536.r10	-	50000000	1	500007696	0	481
v-godeater3_v65536.r11	-	50000000	1	12251264	1	12
v-godeater3_v65536.r12	-	50000000	1	62251264	1	60
v-godeater3_v65536.r13	-	50000000	1	112251264	1	108
v-godeater3_v65536.r14	-	50000000	1	162251264	1	156
v-godeater3_v65536.r15	-	50000000	1	212251264	1	204
v-godeater3_v65536.r16	-	50000000	1	262251264	1	252
v-godeater3_v65536.r17	-	50000000	1	312251264	1	300
v-godeater3_v65536.r18	-	50000000	1	362251264	1	348
v-godeater3_v65536.r19	-	50000000	1	412251264	1	396
v-godeater3_v65536.r20	-	50000000	1	462251264	1	444
v-godeater3_v65536.r21	-	50000000	1	512251264	1	492
v-godeater3_v65536.r22	-	30858288	1	24834176	2	24
v-godeater3_v65536.rar	-	50000000	1	55692464	2	54
v-godeater3_v65536.sfv	-	792	1	105692464	2	102
