hr-augjgv131072.nfo	-	11339	1	0	0	0
hr-augjgv131072.r00	-	50000000	1	11339	0	1
hr-augjgv131072.r01	-	50000000	1	50011339	0	49
hr-augjgv131072.r02	-	50000000	1	100011339	0	97
hr-augjgv131072.r03	-	50000000	1	150011339	0	145
hr-augjgv131072.r04	-	50000000	1	200011339	0	193
hr-augjgv131072.r05	-	50000000	1	250011339	0	241
hr-augjgv131072.r06	-	50000000	1	300011339	0	289
hr-augjgv131072.r07	-	50000000	1	350011339	0	337
hr-augjgv131072.r08	-	50000000	1	400011339	0	385
hr-augjgv131072.r09	-	50000000	1	450011339	0	433
hr-augjgv131072.r10	-	50000000	1	500011339	0	481
hr-augjgv131072.r11	-	50000000	1	12251264	1	12
hr-augjgv131072.r12	-	50000000	1	62251264	1	60
hr-augjgv131072.r13	-	50000000	1	112251264	1	108
hr-augjgv131072.r14	-	50000000	1	162251264	1	156
hr-augjgv131072.r15	-	50000000	1	212251264	1	204
hr-augjgv131072.r16	-	50000000	1	262251264	1	252
hr-augjgv131072.r17	-	50000000	1	312251264	1	300
hr-augjgv131072.r18	-	50000000	1	362251264	1	348
hr-augjgv131072.r19	-	50000000	1	412251264	1	396
hr-augjgv131072.r20	-	50000000	1	462251264	1	444
hr-augjgv131072.r21	-	50000000	1	512251264	1	492
hr-augjgv131072.r22	-	50000000	1	24834176	2	24
hr-augjgv131072.r23	-	50000000	1	74834176	2	72
hr-augjgv131072.r24	-	50000000	1	124834176	2	120
hr-augjgv131072.r25	-	50000000	1	174834176	2	168
hr-augjgv131072.r26	-	50000000	1	224834176	2	216
hr-augjgv131072.r27	-	50000000	1	274834176	2	264
hr-augjgv131072.r28	-	50000000	1	324834176	2	312
hr-augjgv131072.r29	-	50000000	1	374834176	2	360
hr-augjgv131072.r30	-	50000000	1	424834176	2	408
hr-augjgv131072.r31	-	50000000	1	474834176	2	456
hr-augjgv131072.r32	-	50000000	1	524834176	2	504
hr-augjgv131072.r33	-	50000000	1	37417088	3	36
hr-augjgv131072.r34	-	50000000	1	87417088	3	84
hr-augjgv131072.r35	-	50000000	1	137417088	3	132
hr-augjgv131072.r36	-	50000000	1	187417088	3	180
hr-augjgv131072.r37	-	50000000	1	237417088	3	228
hr-augjgv131072.r38	-	50000000	1	287417088	3	276
hr-augjgv131072.r39	-	50000000	1	337417088	3	324
hr-augjgv131072.r40	-	50000000	1	387417088	3	372
hr-augjgv131072.r41	-	50000000	1	437417088	3	420
hr-augjgv131072.r42	-	50000000	1	487417088	3	468
hr-augjgv131072.r43	-	50000000	1	0	4	0
hr-augjgv131072.r44	-	50000000	1	50000000	4	48
hr-augjgv131072.r45	-	50000000	1	100000000	4	96
hr-augjgv131072.r46	-	50000000	1	150000000	4	144
hr-augjgv131072.r47	-	50000000	1	200000000	4	192
hr-augjgv131072.r48	-	50000000	1	250000000	4	240
hr-augjgv131072.r49	-	50000000	1	300000000	4	288
hr-augjgv131072.r50	-	50000000	1	350000000	4	336
hr-augjgv131072.r51	-	50000000	1	400000000	4	384
hr-augjgv131072.r52	-	50000000	1	450000000	4	432
hr-augjgv131072.r53	-	50000000	1	500000000	4	480
hr-augjgv131072.r54	-	50000000	1	12251264	5	12
hr-augjgv131072.r55	-	50000000	1	62251264	5	60
hr-augjgv131072.r56	-	50000000	1	112251264	5	108
hr-augjgv131072.r57	-	50000000	1	162251264	5	156
hr-augjgv131072.r58	-	50000000	1	212251264	5	204
hr-augjgv131072.r59	-	50000000	1	262251264	5	252
hr-augjgv131072.r60	-	50000000	1	312251264	5	300
hr-augjgv131072.r61	-	50000000	1	362251264	5	348
hr-augjgv131072.r62	-	50000000	1	412251264	5	396
hr-augjgv131072.r63	-	50000000	1	462251264	5	444
hr-augjgv131072.r64	-	50000000	1	512251264	5	492
hr-augjgv131072.r65	-	50000000	1	24834176	6	24
hr-augjgv131072.r66	-	50000000	1	74834176	6	72
hr-augjgv131072.r67	-	50000000	1	124834176	6	120
hr-augjgv131072.r68	-	50000000	1	174834176	6	168
hr-augjgv131072.r69	-	50000000	1	224834176	6	216
hr-augjgv131072.r70	-	50000000	1	274834176	6	264
hr-augjgv131072.r71	-	50000000	1	324834176	6	312
hr-augjgv131072.r72	-	50000000	1	374834176	6	360
hr-augjgv131072.r73	-	50000000	1	424834176	6	408
hr-augjgv131072.r74	-	50000000	1	474834176	6	456
hr-augjgv131072.r75	-	50000000	1	524834176	6	504
hr-augjgv131072.r76	-	45838698	1	37417088	7	36
hr-augjgv131072.rar	-	50000000	1	83255786	7	80
hr-augjgv131072.sfv	-	2340	1	133255786	7	128
