v-battlezone.nfo	-	4966	1	0	0	0
v-battlezone.r00	-	50000000	1	4966	0	1
v-battlezone.r01	-	50000000	1	50004966	0	49
v-battlezone.r02	-	50000000	1	100004966	0	97
v-battlezone.r03	-	50000000	1	150004966	0	145
v-battlezone.r04	-	50000000	1	200004966	0	193
v-battlezone.r05	-	50000000	1	250004966	0	241
v-battlezone.r06	-	50000000	1	300004966	0	289
v-battlezone.r07	-	50000000	1	350004966	0	337
v-battlezone.r08	-	50000000	1	400004966	0	385
v-battlezone.r09	-	50000000	1	450004966	0	433
v-battlezone.r10	-	50000000	1	500004966	0	481
v-battlezone.r11	-	50000000	1	12251264	1	12
v-battlezone.r12	-	50000000	1	62251264	1	60
v-battlezone.r13	-	50000000	1	112251264	1	108
v-battlezone.r14	-	50000000	1	162251264	1	156
v-battlezone.r15	-	50000000	1	212251264	1	204
v-battlezone.r16	-	50000000	1	262251264	1	252
v-battlezone.r17	-	50000000	1	312251264	1	300
v-battlezone.r18	-	50000000	1	362251264	1	348
v-battlezone.r19	-	50000000	1	412251264	1	396
v-battlezone.r20	-	50000000	1	462251264	1	444
v-battlezone.r21	-	50000000	1	512251264	1	492
v-battlezone.r22	-	50000000	1	24834176	2	24
v-battlezone.r23	-	50000000	1	74834176	2	72
v-battlezone.r24	-	50000000	1	124834176	2	120
v-battlezone.r25	-	50000000	1	174834176	2	168
v-battlezone.r26	-	50000000	1	224834176	2	216
v-battlezone.r27	-	50000000	1	274834176	2	264
v-battlezone.r28	-	50000000	1	324834176	2	312
v-battlezone.r29	-	50000000	1	374834176	2	360
v-battlezone.r30	-	50000000	1	424834176	2	408
v-battlezone.r31	-	50000000	1	474834176	2	456
v-battlezone.r32	-	50000000	1	524834176	2	504
v-battlezone.r33	-	50000000	1	37417088	3	36
v-battlezone.r34	-	50000000	1	87417088	3	84
v-battlezone.r35	-	50000000	1	137417088	3	132
v-battlezone.r36	-	50000000	1	187417088	3	180
v-battlezone.r37	-	50000000	1	237417088	3	228
v-battlezone.r38	-	50000000	1	287417088	3	276
v-battlezone.r39	-	50000000	1	337417088	3	324
v-battlezone.r40	-	50000000	1	387417088	3	372
v-battlezone.r41	-	50000000	1	437417088	3	420
v-battlezone.r42	-	50000000	1	487417088	3	468
v-battlezone.r43	-	50000000	1	0	4	0
v-battlezone.r44	-	50000000	1	50000000	4	48
v-battlezone.r45	-	50000000	1	100000000	4	96
v-battlezone.r46	-	50000000	1	150000000	4	144
v-battlezone.r47	-	50000000	1	200000000	4	192
v-battlezone.r48	-	50000000	1	250000000	4	240
v-battlezone.r49	-	50000000	1	300000000	4	288
v-battlezone.r50	-	50000000	1	350000000	4	336
v-battlezone.r51	-	50000000	1	400000000	4	384
v-battlezone.r52	-	50000000	1	450000000	4	432
v-battlezone.r53	-	50000000	1	500000000	4	480
v-battlezone.r54	-	50000000	1	12251264	5	12
v-battlezone.r55	-	50000000	1	62251264	5	60
v-battlezone.r56	-	50000000	1	112251264	5	108
v-battlezone.r57	-	50000000	1	162251264	5	156
v-battlezone.r58	-	50000000	1	212251264	5	204
v-battlezone.r59	-	50000000	1	262251264	5	252
v-battlezone.r60	-	50000000	1	312251264	5	300
v-battlezone.r61	-	50000000	1	362251264	5	348
v-battlezone.r62	-	13680453	1	412251264	5	396
v-battlezone.rar	-	50000000	1	425931717	5	410
v-battlezone.sfv	-	1728	1	475931717	5	458
