sxs-just_die_already_v196608.nfo	-	10658	1	0	0	0
sxs-just_die_already_v196608.r00	-	50000000	1	10658	0	1
sxs-just_die_already_v196608.r01	-	50000000	1	50010658	0	49
sxs-just_die_already_v196608.r02	-	50000000	1	100010658	0	97
sxs-just_die_already_v196608.r03	-	50000000	1	150010658	0	145
sxs-just_die_already_v196608.r04	-	50000000	1	200010658	0	193
sxs-just_die_already_v196608.r05	-	50000000	1	250010658	0	241
sxs-just_die_already_v196608.r06	-	50000000	1	300010658	0	289
sxs-just_die_already_v196608.r07	-	29089731	1	350010658	0	337
sxs-just_die_already_v196608.rar	-	50000000	1	379100389	0	365
sxs-just_die_already_v196608.sfv	-	387	1	429100389	0	413
