v-aery_calm_mind.nfo	-	5122	1	0	0	0
v-aery_calm_mind.r00	-	50000000	1	5122	0	1
v-aery_calm_mind.r01	-	50000000	1	50005122	0	49
v-aery_calm_mind.r02	-	50000000	1	100005122	0	97
v-aery_calm_mind.r03	-	50000000	1	150005122	0	145
v-aery_calm_mind.r04	-	50000000	1	200005122	0	193
v-aery_calm_mind.r05	-	50000000	1	250005122	0	241
v-aery_calm_mind.r06	-	50000000	1	300005122	0	289
v-aery_calm_mind.r07	-	50000000	1	350005122	0	337
v-aery_calm_mind.r08	-	50000000	1	400005122	0	385
v-aery_calm_mind.r09	-	50000000	1	450005122	0	433
v-aery_calm_mind.r10	-	50000000	1	500005122	0	481
v-aery_calm_mind.r11	-	50000000	1	12251264	1	12
v-aery_calm_mind.r12	-	50000000	1	62251264	1	60
v-aery_calm_mind.r13	-	50000000	1	112251264	1	108
v-aery_calm_mind.r14	-	50000000	1	162251264	1	156
v-aery_calm_mind.r15	-	50000000	1	212251264	1	204
v-aery_calm_mind.r16	-	50000000	1	262251264	1	252
v-aery_calm_mind.r17	-	50000000	1	312251264	1	300
v-aery_calm_mind.r18	-	50000000	1	362251264	1	348
v-aery_calm_mind.r19	-	50000000	1	412251264	1	396
v-aery_calm_mind.r20	-	50000000	1	462251264	1	444
v-aery_calm_mind.r21	-	50000000	1	512251264	1	492
v-aery_calm_mind.r22	-	50000000	1	24834176	2	24
v-aery_calm_mind.r23	-	50000000	1	74834176	2	72
v-aery_calm_mind.r24	-	50000000	1	124834176	2	120
v-aery_calm_mind.r25	-	50000000	1	174834176	2	168
v-aery_calm_mind.r26	-	50000000	1	224834176	2	216
v-aery_calm_mind.r27	-	50000000	1	274834176	2	264
v-aery_calm_mind.r28	-	50000000	1	324834176	2	312
v-aery_calm_mind.r29	-	50000000	1	374834176	2	360
v-aery_calm_mind.r30	-	50000000	1	424834176	2	408
v-aery_calm_mind.r31	-	50000000	1	474834176	2	456
v-aery_calm_mind.r32	-	50000000	1	524834176	2	504
v-aery_calm_mind.r33	-	50000000	1	37417088	3	36
v-aery_calm_mind.r34	-	50000000	1	87417088	3	84
v-aery_calm_mind.r35	-	50000000	1	137417088	3	132
v-aery_calm_mind.r36	-	50000000	1	187417088	3	180
v-aery_calm_mind.r37	-	50000000	1	237417088	3	228
v-aery_calm_mind.r38	-	50000000	1	287417088	3	276
v-aery_calm_mind.r39	-	50000000	1	337417088	3	324
v-aery_calm_mind.r40	-	50000000	1	387417088	3	372
v-aery_calm_mind.r41	-	50000000	1	437417088	3	420
v-aery_calm_mind.r42	-	50000000	1	487417088	3	468
v-aery_calm_mind.r43	-	50000000	1	0	4	0
v-aery_calm_mind.r44	-	50000000	1	50000000	4	48
v-aery_calm_mind.r45	-	43737317	1	100000000	4	96
v-aery_calm_mind.rar	-	50000000	1	143737317	4	138
v-aery_calm_mind.sfv	-	1457	1	193737317	4	186
