sxs-obakeidoro_v1900544.nfo	-	5042	1	0	0	0
sxs-obakeidoro_v1900544.r00	-	50000000	1	5042	0	1
sxs-obakeidoro_v1900544.r01	-	50000000	1	50005042	0	49
sxs-obakeidoro_v1900544.r02	-	50000000	1	100005042	0	97
sxs-obakeidoro_v1900544.r03	-	50000000	1	150005042	0	145
sxs-obakeidoro_v1900544.r04	-	50000000	1	200005042	0	193
sxs-obakeidoro_v1900544.r05	-	50000000	1	250005042	0	241
sxs-obakeidoro_v1900544.r06	-	50000000	1	300005042	0	289
sxs-obakeidoro_v1900544.r07	-	50000000	1	350005042	0	337
sxs-obakeidoro_v1900544.r08	-	50000000	1	400005042	0	385
sxs-obakeidoro_v1900544.r09	-	50000000	1	450005042	0	433
sxs-obakeidoro_v1900544.r10	-	50000000	1	500005042	0	481
sxs-obakeidoro_v1900544.r11	-	50000000	1	12251264	1	12
sxs-obakeidoro_v1900544.r12	-	46605973	1	62251264	1	60
sxs-obakeidoro_v1900544.rar	-	50000000	1	108857237	1	105
sxs-obakeidoro_v1900544.sfv	-	532	1	158857237	1	153
