lfc-rascalfight.r00	-	100000000	1	0	0	0
lfc-rascalfight.r01	-	100000000	1	100000000	0	96
lfc-rascalfight.r02	-	100000000	1	200000000	0	192
lfc-rascalfight.r03	-	100000000	1	300000000	0	288
lfc-rascalfight.r04	-	100000000	1	400000000	0	384
lfc-rascalfight.r05	-	100000000	1	500000000	0	480
lfc-rascalfight.r06	-	100000000	1	62251264	1	60
lfc-rascalfight.r07	-	100000000	1	162251264	1	156
lfc-rascalfight.r08	-	100000000	1	262251264	1	252
lfc-rascalfight.r09	-	100000000	1	362251264	1	348
lfc-rascalfight.r10	-	100000000	1	462251264	1	444
lfc-rascalfight.r11	-	100000000	1	24502528	2	24
lfc-rascalfight.r12	-	100000000	1	124502528	2	120
lfc-rascalfight.r13	-	100000000	1	224502528	2	216
lfc-rascalfight.r14	-	100000000	1	324502528	2	312
lfc-rascalfight.r15	-	100000000	1	424502528	2	408
lfc-rascalfight.r16	-	100000000	1	524502528	2	504
lfc-rascalfight.r17	-	100000000	1	87417088	3	84
lfc-rascalfight.r18	-	100000000	1	187417088	3	180
lfc-rascalfight.r19	-	100000000	1	287417088	3	276
lfc-rascalfight.r20	-	100000000	1	387417088	3	372
lfc-rascalfight.r21	-	100000000	1	487417088	3	468
lfc-rascalfight.r22	-	100000000	1	49668352	4	48
lfc-rascalfight.r23	-	100000000	1	149668352	4	144
lfc-rascalfight.r24	-	100000000	1	249668352	4	240
lfc-rascalfight.r25	-	100000000	1	349668352	4	336
lfc-rascalfight.r26	-	100000000	1	449668352	4	432
lfc-rascalfight.r27	-	100000000	1	11919616	5	12
lfc-rascalfight.r28	-	100000000	1	111919616	5	108
lfc-rascalfight.r29	-	100000000	1	211919616	5	204
lfc-rascalfight.r30	-	100000000	1	311919616	5	300
lfc-rascalfight.r31	-	100000000	1	411919616	5	396
lfc-rascalfight.r32	-	100000000	1	511919616	5	492
lfc-rascalfight.r33	-	100000000	1	74834176	6	72
lfc-rascalfight.r34	-	100000000	1	174834176	6	168
lfc-rascalfight.r35	-	100000000	1	274834176	6	264
lfc-rascalfight.r36	-	100000000	1	374834176	6	360
lfc-rascalfight.r37	-	100000000	1	474834176	6	456
lfc-rascalfight.r38	-	100000000	1	37085440	7	36
lfc-rascalfight.r39	-	100000000	1	137085440	7	132
lfc-rascalfight.r40	-	100000000	1	237085440	7	228
lfc-rascalfight.r41	-	22697728	1	337085440	7	324
lfc-rascalfight.rar	-	100000000	1	359783168	7	346
lfc-rascalfight.sfv	-	1290	1	459783168	7	442
lfc-rascalfightandupdate.nfo	-	5712	1	459784458	7	443
