n-synergia_v131072.nfo	-	6072	1	0	0	0
n-synergia_v131072.r00	-	50000000	1	6072	0	1
n-synergia_v131072.r01	-	50000000	1	50006072	0	49
n-synergia_v131072.r02	-	50000000	1	100006072	0	97
n-synergia_v131072.r03	-	50000000	1	150006072	0	145
n-synergia_v131072.r04	-	50000000	1	200006072	0	193
n-synergia_v131072.r05	-	50000000	1	250006072	0	241
n-synergia_v131072.r06	-	50000000	1	300006072	0	289
n-synergia_v131072.r07	-	50000000	1	350006072	0	337
n-synergia_v131072.r08	-	50000000	1	400006072	0	385
n-synergia_v131072.r09	-	50000000	1	450006072	0	433
n-synergia_v131072.r10	-	50000000	1	500006072	0	481
n-synergia_v131072.r11	-	50000000	1	12251264	1	12
n-synergia_v131072.r12	-	50000000	1	62251264	1	60
n-synergia_v131072.r13	-	50000000	1	112251264	1	108
n-synergia_v131072.r14	-	50000000	1	162251264	1	156
n-synergia_v131072.r15	-	50000000	1	212251264	1	204
n-synergia_v131072.r16	-	50000000	1	262251264	1	252
n-synergia_v131072.r17	-	50000000	1	312251264	1	300
n-synergia_v131072.r18	-	45525999	1	362251264	1	348
n-synergia_v131072.rar	-	50000000	1	407777263	1	392
n-synergia_v131072.sfv	-	660	1	457777263	1	440
