v-nba2kp2_v589824.nfo	-	4422	1	0	0	0
v-nba2kp2_v589824.r00	-	50000000	1	4422	0	1
v-nba2kp2_v589824.r01	-	50000000	1	50004422	0	49
v-nba2kp2_v589824.r02	-	50000000	1	100004422	0	97
v-nba2kp2_v589824.r03	-	50000000	1	150004422	0	145
v-nba2kp2_v589824.r04	-	50000000	1	200004422	0	193
v-nba2kp2_v589824.r05	-	50000000	1	250004422	0	241
v-nba2kp2_v589824.r06	-	50000000	1	300004422	0	289
v-nba2kp2_v589824.r07	-	50000000	1	350004422	0	337
v-nba2kp2_v589824.r08	-	50000000	1	400004422	0	385
v-nba2kp2_v589824.r09	-	50000000	1	450004422	0	433
v-nba2kp2_v589824.r10	-	50000000	1	500004422	0	481
v-nba2kp2_v589824.r11	-	50000000	1	12251264	1	12
v-nba2kp2_v589824.r12	-	50000000	1	62251264	1	60
v-nba2kp2_v589824.r13	-	50000000	1	112251264	1	108
v-nba2kp2_v589824.r14	-	50000000	1	162251264	1	156
v-nba2kp2_v589824.r15	-	50000000	1	212251264	1	204
v-nba2kp2_v589824.r16	-	50000000	1	262251264	1	252
v-nba2kp2_v589824.r17	-	50000000	1	312251264	1	300
v-nba2kp2_v589824.r18	-	50000000	1	362251264	1	348
v-nba2kp2_v589824.r19	-	50000000	1	412251264	1	396
v-nba2kp2_v589824.r20	-	50000000	1	462251264	1	444
v-nba2kp2_v589824.r21	-	50000000	1	512251264	1	492
v-nba2kp2_v589824.r22	-	50000000	1	24834176	2	24
v-nba2kp2_v589824.r23	-	50000000	1	74834176	2	72
v-nba2kp2_v589824.r24	-	50000000	1	124834176	2	120
v-nba2kp2_v589824.r25	-	50000000	1	174834176	2	168
v-nba2kp2_v589824.r26	-	50000000	1	224834176	2	216
v-nba2kp2_v589824.r27	-	50000000	1	274834176	2	264
v-nba2kp2_v589824.r28	-	50000000	1	324834176	2	312
v-nba2kp2_v589824.r29	-	50000000	1	374834176	2	360
v-nba2kp2_v589824.r30	-	50000000	1	424834176	2	408
v-nba2kp2_v589824.r31	-	50000000	1	474834176	2	456
v-nba2kp2_v589824.r32	-	50000000	1	524834176	2	504
v-nba2kp2_v589824.r33	-	50000000	1	37417088	3	36
v-nba2kp2_v589824.r34	-	50000000	1	87417088	3	84
v-nba2kp2_v589824.r35	-	50000000	1	137417088	3	132
v-nba2kp2_v589824.r36	-	50000000	1	187417088	3	180
v-nba2kp2_v589824.r37	-	50000000	1	237417088	3	228
v-nba2kp2_v589824.r38	-	50000000	1	287417088	3	276
v-nba2kp2_v589824.r39	-	50000000	1	337417088	3	324
v-nba2kp2_v589824.r40	-	50000000	1	387417088	3	372
v-nba2kp2_v589824.r41	-	50000000	1	437417088	3	420
v-nba2kp2_v589824.r42	-	50000000	1	487417088	3	468
v-nba2kp2_v589824.r43	-	50000000	1	0	4	0
v-nba2kp2_v589824.r44	-	50000000	1	50000000	4	48
v-nba2kp2_v589824.r45	-	50000000	1	100000000	4	96
v-nba2kp2_v589824.r46	-	50000000	1	150000000	4	144
v-nba2kp2_v589824.r47	-	50000000	1	200000000	4	192
v-nba2kp2_v589824.r48	-	6126001	1	250000000	4	240
v-nba2kp2_v589824.rar	-	50000000	1	256126001	4	246
v-nba2kp2_v589824.sfv	-	1600	1	306126001	4	294
