l-nightbook.nfo	-	1148	1	0	0	0
l-nightbook.r00	-	200000000	1	1148	0	1
l-nightbook.r01	-	200000000	1	200001148	0	192
l-nightbook.r02	-	200000000	1	400001148	0	383
l-nightbook.r03	-	200000000	1	62636544	1	60
l-nightbook.r04	-	200000000	1	262636544	1	251
l-nightbook.r05	-	200000000	1	462636544	1	442
l-nightbook.r06	-	200000000	1	125551104	2	120
l-nightbook.r07	-	200000000	1	325551104	2	311
l-nightbook.r08	-	200000000	1	525551104	2	502
l-nightbook.r09	-	200000000	1	188465664	3	180
l-nightbook.r10	-	200000000	1	388465664	3	371
l-nightbook.r11	-	200000000	1	51102208	4	49
l-nightbook.r12	-	200000000	1	251102208	4	240
l-nightbook.r13	-	200000000	1	451102208	4	431
l-nightbook.r14	-	200000000	1	114016768	5	109
l-nightbook.r15	-	200000000	1	314016768	5	300
l-nightbook.r16	-	200000000	1	514016768	5	491
l-nightbook.r17	-	200000000	1	176931328	6	169
l-nightbook.r18	-	200000000	1	376931328	6	360
l-nightbook.r19	-	200000000	1	39567872	7	38
l-nightbook.r20	-	200000000	1	239567872	7	229
l-nightbook.r21	-	200000000	1	439567872	7	420
l-nightbook.r22	-	200000000	1	102482432	8	98
l-nightbook.r23	-	200000000	1	302482432	8	289
l-nightbook.r24	-	200000000	1	502482432	8	480
l-nightbook.r25	-	200000000	1	165396992	9	158
l-nightbook.r26	-	200000000	1	365396992	9	349
l-nightbook.r27	-	200000000	1	28033536	10	27
l-nightbook.r28	-	200000000	1	228033536	10	218
l-nightbook.r29	-	200000000	1	428033536	10	409
l-nightbook.r30	-	200000000	1	90948096	11	87
l-nightbook.r31	-	200000000	1	290948096	11	278
l-nightbook.r32	-	200000000	1	490948096	11	469
l-nightbook.r33	-	200000000	1	153862656	12	147
l-nightbook.r34	-	200000000	1	353862656	12	338
l-nightbook.r35	-	200000000	1	16499200	13	16
l-nightbook.r36	-	200000000	1	216499200	13	207
l-nightbook.r37	-	200000000	1	416499200	13	398
l-nightbook.r38	-	200000000	1	79413760	14	76
l-nightbook.r39	-	200000000	1	279413760	14	267
l-nightbook.r40	-	200000000	1	479413760	14	458
l-nightbook.r41	-	200000000	1	142328320	15	136
l-nightbook.r42	-	200000000	1	342328320	15	327
l-nightbook.r43	-	200000000	1	4964864	16	5
l-nightbook.r44	-	200000000	1	204964864	16	196
l-nightbook.r45	-	200000000	1	404964864	16	387
l-nightbook.r46	-	200000000	1	67879424	17	65
l-nightbook.r47	-	200000000	1	267879424	17	256
l-nightbook.r48	-	200000000	1	467879424	17	447
l-nightbook.r49	-	200000000	1	130793984	18	125
l-nightbook.r50	-	200000000	1	330793984	18	316
l-nightbook.r51	-	200000000	1	530793984	18	507
l-nightbook.r52	-	200000000	1	193708544	19	185
l-nightbook.r53	-	200000000	1	393708544	19	376
l-nightbook.r54	-	200000000	1	56345088	20	54
l-nightbook.r55	-	200000000	1	256345088	20	245
l-nightbook.r56	-	169841130	1	456345088	20	436
l-nightbook.rar	-	200000000	1	89100778	21	85
l-nightbook.sfv	-	1508	1	289100778	21	276
