lfc-dyre_rp.nfo	-	6241	1	0	0	0
lfc-dyre_rp.r00	-	50000000	1	6241	0	1
lfc-dyre_rp.r01	-	50000000	1	50006241	0	49
lfc-dyre_rp.r02	-	50000000	1	100006241	0	97
lfc-dyre_rp.r03	-	50000000	1	150006241	0	145
lfc-dyre_rp.r04	-	50000000	1	200006241	0	193
lfc-dyre_rp.r05	-	50000000	1	250006241	0	241
lfc-dyre_rp.r06	-	50000000	1	300006241	0	289
lfc-dyre_rp.r07	-	50000000	1	350006241	0	337
lfc-dyre_rp.r08	-	50000000	1	400006241	0	385
lfc-dyre_rp.r09	-	50000000	1	450006241	0	433
lfc-dyre_rp.r10	-	50000000	1	500006241	0	481
lfc-dyre_rp.r11	-	50000000	1	12251264	1	12
lfc-dyre_rp.r12	-	50000000	1	62251264	1	60
lfc-dyre_rp.r13	-	50000000	1	112251264	1	108
lfc-dyre_rp.r14	-	50000000	1	162251264	1	156
lfc-dyre_rp.r15	-	50000000	1	212251264	1	204
lfc-dyre_rp.r16	-	50000000	1	262251264	1	252
lfc-dyre_rp.r17	-	50000000	1	312251264	1	300
lfc-dyre_rp.r18	-	50000000	1	362251264	1	348
lfc-dyre_rp.r19	-	50000000	1	412251264	1	396
lfc-dyre_rp.r20	-	50000000	1	462251264	1	444
lfc-dyre_rp.r21	-	50000000	1	512251264	1	492
lfc-dyre_rp.r22	-	50000000	1	24834176	2	24
lfc-dyre_rp.r23	-	50000000	1	74834176	2	72
lfc-dyre_rp.r24	-	50000000	1	124834176	2	120
lfc-dyre_rp.r25	-	50000000	1	174834176	2	168
lfc-dyre_rp.r26	-	50000000	1	224834176	2	216
lfc-dyre_rp.r27	-	50000000	1	274834176	2	264
lfc-dyre_rp.r28	-	50000000	1	324834176	2	312
lfc-dyre_rp.r29	-	50000000	1	374834176	2	360
lfc-dyre_rp.r30	-	50000000	1	424834176	2	408
lfc-dyre_rp.r31	-	50000000	1	474834176	2	456
lfc-dyre_rp.r32	-	50000000	1	524834176	2	504
lfc-dyre_rp.r33	-	50000000	1	37417088	3	36
lfc-dyre_rp.r34	-	50000000	1	87417088	3	84
lfc-dyre_rp.r35	-	50000000	1	137417088	3	132
lfc-dyre_rp.r36	-	50000000	1	187417088	3	180
lfc-dyre_rp.r37	-	50000000	1	237417088	3	228
lfc-dyre_rp.r38	-	50000000	1	287417088	3	276
lfc-dyre_rp.r39	-	50000000	1	337417088	3	324
lfc-dyre_rp.r40	-	50000000	1	387417088	3	372
lfc-dyre_rp.r41	-	50000000	1	437417088	3	420
lfc-dyre_rp.r42	-	50000000	1	487417088	3	468
lfc-dyre_rp.r43	-	50000000	1	0	4	0
lfc-dyre_rp.r44	-	50000000	1	50000000	4	48
lfc-dyre_rp.r45	-	50000000	1	100000000	4	96
lfc-dyre_rp.r46	-	50000000	1	150000000	4	144
lfc-dyre_rp.r47	-	50000000	1	200000000	4	192
lfc-dyre_rp.r48	-	50000000	1	250000000	4	240
lfc-dyre_rp.r49	-	50000000	1	300000000	4	288
lfc-dyre_rp.r50	-	50000000	1	350000000	4	336
lfc-dyre_rp.r51	-	50000000	1	400000000	4	384
lfc-dyre_rp.r52	-	50000000	1	450000000	4	432
lfc-dyre_rp.r53	-	50000000	1	500000000	4	480
lfc-dyre_rp.r54	-	50000000	1	12251264	5	12
lfc-dyre_rp.r55	-	50000000	1	62251264	5	60
lfc-dyre_rp.r56	-	50000000	1	112251264	5	108
lfc-dyre_rp.r57	-	50000000	1	162251264	5	156
lfc-dyre_rp.r58	-	50000000	1	212251264	5	204
lfc-dyre_rp.r59	-	50000000	1	262251264	5	252
lfc-dyre_rp.r60	-	14272243	1	312251264	5	300
lfc-dyre_rp.rar	-	50000000	1	326523507	5	314
lfc-dyre_rp.sfv	-	1612	1	376523507	5	362
