hr-axv8a.nfo	-	11258	1	0	0	0
hr-axv8a.r00	-	50000000	1	11258	0	1
hr-axv8a.r01	-	50000000	1	50011258	0	49
hr-axv8a.r02	-	50000000	1	100011258	0	97
hr-axv8a.r03	-	50000000	1	150011258	0	145
hr-axv8a.r04	-	50000000	1	200011258	0	193
hr-axv8a.r05	-	50000000	1	250011258	0	241
hr-axv8a.r06	-	50000000	1	300011258	0	289
hr-axv8a.r07	-	50000000	1	350011258	0	337
hr-axv8a.r08	-	50000000	1	400011258	0	385
hr-axv8a.r09	-	50000000	1	450011258	0	433
hr-axv8a.r10	-	15681569	1	500011258	0	481
hr-axv8a.rar	-	50000000	1	515692827	0	496
hr-axv8a.sfv	-	276	1	27979904	1	27
Proof	d	0	1	27980180	1	28
Proof/hr-axv8a.jpg	-	138098	1	27980180	1	28
