sxs-arcade_spirits_v65536.nfo	-	6134	1	0	0	0
sxs-arcade_spirits_v65536.r00	-	50000000	1	6134	0	1
sxs-arcade_spirits_v65536.r01	-	50000000	1	50006134	0	49
sxs-arcade_spirits_v65536.r02	-	50000000	1	100006134	0	97
sxs-arcade_spirits_v65536.r03	-	50000000	1	150006134	0	145
sxs-arcade_spirits_v65536.r04	-	50000000	1	200006134	0	193
sxs-arcade_spirits_v65536.r05	-	50000000	1	250006134	0	241
sxs-arcade_spirits_v65536.r06	-	50000000	1	300006134	0	289
sxs-arcade_spirits_v65536.r07	-	1636967	1	350006134	0	337
sxs-arcade_spirits_v65536.rar	-	50000000	1	351643101	0	339
sxs-arcade_spirits_v65536.sfv	-	360	1	401643101	0	387
