Proof	d	0	1	0	0	0
Proof/w-pokemonshield.jpg	-	913309	1	0	0	0
w-pokemonshield.nfo	-	9338	1	913309	0	1
w-pokemonshield.r00	-	250000000	1	922647	0	2
w-pokemonshield.r01	-	250000000	1	250922647	0	241
w-pokemonshield.r02	-	250000000	1	500922647	0	480
w-pokemonshield.r03	-	250000000	1	213299840	1	204
w-pokemonshield.r04	-	250000000	1	463299840	1	443
w-pokemonshield.r05	-	250000000	1	175551104	2	168
w-pokemonshield.r06	-	250000000	1	425551104	2	407
w-pokemonshield.r07	-	250000000	1	137802368	3	132
w-pokemonshield.r08	-	250000000	1	387802368	3	371
w-pokemonshield.r09	-	250000000	1	100053632	4	96
w-pokemonshield.r10	-	250000000	1	350053632	4	335
w-pokemonshield.r11	-	250000000	1	62304896	5	60
w-pokemonshield.r12	-	250000000	1	312304896	5	299
w-pokemonshield.r13	-	250000000	1	24556160	6	24
w-pokemonshield.r14	-	250000000	1	274556160	6	263
w-pokemonshield.r15	-	250000000	1	524556160	6	502
w-pokemonshield.r16	-	250000000	1	237417088	7	227
w-pokemonshield.r17	-	250000000	1	487417088	7	466
w-pokemonshield.r18	-	250000000	1	199668352	8	191
w-pokemonshield.r19	-	250000000	1	449668352	8	430
w-pokemonshield.r20	-	250000000	1	161919616	9	155
w-pokemonshield.r21	-	250000000	1	411919616	9	394
w-pokemonshield.r22	-	250000000	1	124170880	10	119
w-pokemonshield.r23	-	250000000	1	374170880	10	358
w-pokemonshield.r24	-	250000000	1	86422144	11	83
w-pokemonshield.r25	-	250000000	1	336422144	11	322
w-pokemonshield.r26	-	250000000	1	48673408	12	47
w-pokemonshield.r27	-	250000000	1	298673408	12	286
w-pokemonshield.r28	-	250000000	1	10924672	13	11
w-pokemonshield.r29	-	250000000	1	260924672	13	250
w-pokemonshield.r30	-	250000000	1	510924672	13	489
w-pokemonshield.r31	-	250000000	1	223785600	14	214
w-pokemonshield.r32	-	250000000	1	473785600	14	453
w-pokemonshield.r33	-	250000000	1	186036864	15	178
w-pokemonshield.r34	-	250000000	1	436036864	15	417
w-pokemonshield.r35	-	250000000	1	148288128	16	142
w-pokemonshield.r36	-	250000000	1	398288128	16	381
w-pokemonshield.r37	-	250000000	1	110539392	17	106
w-pokemonshield.r38	-	250000000	1	360539392	17	345
w-pokemonshield.r39	-	250000000	1	72790656	18	70
w-pokemonshield.r40	-	250000000	1	322790656	18	309
w-pokemonshield.r41	-	250000000	1	35041920	19	34
w-pokemonshield.r42	-	250000000	1	285041920	19	273
w-pokemonshield.r43	-	250000000	1	535041920	19	512
w-pokemonshield.r44	-	250000000	1	247902848	20	237
w-pokemonshield.r45	-	250000000	1	497902848	20	476
w-pokemonshield.r46	-	250000000	1	210154112	21	201
w-pokemonshield.r47	-	250000000	1	460154112	21	440
w-pokemonshield.r48	-	250000000	1	172405376	22	165
w-pokemonshield.r49	-	250000000	1	422405376	22	404
w-pokemonshield.r50	-	250000000	1	134656640	23	129
w-pokemonshield.r51	-	250000000	1	384656640	23	368
w-pokemonshield.r52	-	250000000	1	96907904	24	93
w-pokemonshield.r53	-	250000000	1	346907904	24	332
w-pokemonshield.r54	-	250000000	1	59159168	25	57
w-pokemonshield.r55	-	250000000	1	309159168	25	296
w-pokemonshield.r56	-	250000000	1	21410432	26	21
w-pokemonshield.r57	-	250000000	1	271410432	26	260
w-pokemonshield.r58	-	250000000	1	521410432	26	499
w-pokemonshield.r59	-	250000000	1	234271360	27	224
w-pokemonshield.r60	-	250000000	1	484271360	27	463
w-pokemonshield.r61	-	250000000	1	196522624	28	188
w-pokemonshield.r62	-	221916096	1	446522624	28	427
w-pokemonshield.rar	-	250000000	1	130689984	29	125
w-pokemonshield.sfv	-	1920	1	380689984	29	364
