n-legendofzeldatotk.nfo	-	6072	1	0	0	0
n-legendofzeldatotk.r00	-	250000000	1	6072	0	1
n-legendofzeldatotk.r01	-	250000000	1	250006072	0	240
n-legendofzeldatotk.r02	-	250000000	1	500006072	0	479
n-legendofzeldatotk.r03	-	250000000	1	212251264	1	203
n-legendofzeldatotk.r04	-	250000000	1	462251264	1	442
n-legendofzeldatotk.r05	-	250000000	1	174502528	2	167
n-legendofzeldatotk.r06	-	250000000	1	424502528	2	406
n-legendofzeldatotk.r07	-	250000000	1	136753792	3	131
n-legendofzeldatotk.r08	-	250000000	1	386753792	3	370
n-legendofzeldatotk.r09	-	250000000	1	99005056	4	95
n-legendofzeldatotk.r10	-	250000000	1	349005056	4	334
n-legendofzeldatotk.r11	-	250000000	1	61256320	5	59
n-legendofzeldatotk.r12	-	250000000	1	311256320	5	298
n-legendofzeldatotk.r13	-	250000000	1	23507584	6	23
n-legendofzeldatotk.r14	-	250000000	1	273507584	6	262
n-legendofzeldatotk.r15	-	250000000	1	523507584	6	501
n-legendofzeldatotk.r16	-	250000000	1	236368512	7	226
n-legendofzeldatotk.r17	-	250000000	1	486368512	7	465
n-legendofzeldatotk.r18	-	250000000	1	198619776	8	190
n-legendofzeldatotk.r19	-	250000000	1	448619776	8	429
n-legendofzeldatotk.r20	-	250000000	1	160871040	9	154
n-legendofzeldatotk.r21	-	250000000	1	410871040	9	393
n-legendofzeldatotk.r22	-	250000000	1	123122304	10	118
n-legendofzeldatotk.r23	-	250000000	1	373122304	10	357
n-legendofzeldatotk.r24	-	250000000	1	85373568	11	82
n-legendofzeldatotk.r25	-	250000000	1	335373568	11	321
n-legendofzeldatotk.r26	-	250000000	1	47624832	12	46
n-legendofzeldatotk.r27	-	250000000	1	297624832	12	285
n-legendofzeldatotk.r28	-	250000000	1	9876096	13	10
n-legendofzeldatotk.r29	-	250000000	1	259876096	13	249
n-legendofzeldatotk.r30	-	250000000	1	509876096	13	488
n-legendofzeldatotk.r31	-	250000000	1	222737024	14	213
n-legendofzeldatotk.r32	-	250000000	1	472737024	14	452
n-legendofzeldatotk.r33	-	250000000	1	184988288	15	177
n-legendofzeldatotk.r34	-	250000000	1	434988288	15	416
n-legendofzeldatotk.r35	-	250000000	1	147239552	16	141
n-legendofzeldatotk.r36	-	250000000	1	397239552	16	380
n-legendofzeldatotk.r37	-	250000000	1	109490816	17	105
n-legendofzeldatotk.r38	-	250000000	1	359490816	17	344
n-legendofzeldatotk.r39	-	250000000	1	71742080	18	69
n-legendofzeldatotk.r40	-	250000000	1	321742080	18	308
n-legendofzeldatotk.r41	-	250000000	1	33993344	19	33
n-legendofzeldatotk.r42	-	250000000	1	283993344	19	272
n-legendofzeldatotk.r43	-	250000000	1	533993344	19	511
n-legendofzeldatotk.r44	-	250000000	1	246854272	20	236
n-legendofzeldatotk.r45	-	250000000	1	496854272	20	475
n-legendofzeldatotk.r46	-	250000000	1	209105536	21	200
n-legendofzeldatotk.r47	-	250000000	1	459105536	21	439
n-legendofzeldatotk.r48	-	250000000	1	171356800	22	164
n-legendofzeldatotk.r49	-	250000000	1	421356800	22	403
n-legendofzeldatotk.r50	-	250000000	1	133608064	23	128
n-legendofzeldatotk.r51	-	250000000	1	383608064	23	367
n-legendofzeldatotk.r52	-	250000000	1	95859328	24	92
n-legendofzeldatotk.r53	-	250000000	1	345859328	24	331
n-legendofzeldatotk.r54	-	250000000	1	58110592	25	56
n-legendofzeldatotk.r55	-	250000000	1	308110592	25	295
n-legendofzeldatotk.r56	-	250000000	1	20361856	26	20
n-legendofzeldatotk.r57	-	250000000	1	270361856	26	259
n-legendofzeldatotk.r58	-	250000000	1	520361856	26	498
n-legendofzeldatotk.r59	-	250000000	1	233222784	27	223
n-legendofzeldatotk.r60	-	250000000	1	483222784	27	462
n-legendofzeldatotk.r61	-	250000000	1	195474048	28	187
n-legendofzeldatotk.r62	-	250000000	1	445474048	28	426
n-legendofzeldatotk.r63	-	250000000	1	157725312	29	151
n-legendofzeldatotk.r64	-	250000000	1	407725312	29	390
n-legendofzeldatotk.r65	-	250000000	1	119976576	30	115
n-legendofzeldatotk.r66	-	250000000	1	369976576	30	354
n-legendofzeldatotk.r67	-	250000000	1	82227840	31	79
n-legendofzeldatotk.r68	-	250000000	1	332227840	31	318
n-legendofzeldatotk.r69	-	25441716	1	44479104	32	43
n-legendofzeldatotk.rar	-	250000000	1	69920820	32	68
n-legendofzeldatotk.sfv	-	2414	1	319920820	32	307
Proof	d	0	1	319923234	32	308
Proof/n-legendofzeldatotk.jpg	-	1194081	1	319923234	32	308
