sxs-the_messenger_v196608.nfo	-	6135	1	0	0	0
sxs-the_messenger_v196608.r00	-	50000000	1	6135	0	1
sxs-the_messenger_v196608.r01	-	50000000	1	50006135	0	49
sxs-the_messenger_v196608.r02	-	50000000	1	100006135	0	97
sxs-the_messenger_v196608.r03	-	50000000	1	150006135	0	145
sxs-the_messenger_v196608.r04	-	50000000	1	200006135	0	193
sxs-the_messenger_v196608.r05	-	50000000	1	250006135	0	241
sxs-the_messenger_v196608.r06	-	50000000	1	300006135	0	289
sxs-the_messenger_v196608.r07	-	50000000	1	350006135	0	337
sxs-the_messenger_v196608.r08	-	50000000	1	400006135	0	385
sxs-the_messenger_v196608.r09	-	50000000	1	450006135	0	433
sxs-the_messenger_v196608.r10	-	50000000	1	500006135	0	481
sxs-the_messenger_v196608.r11	-	50000000	1	12251264	1	12
sxs-the_messenger_v196608.r12	-	50000000	1	62251264	1	60
sxs-the_messenger_v196608.r13	-	34147382	1	112251264	1	108
sxs-the_messenger_v196608.rar	-	50000000	1	146398646	1	141
sxs-the_messenger_v196608.sfv	-	600	1	196398646	1	189
