hr-ay3nav65536.nfo	-	11258	1	0	0	0
hr-ay3nav65536.r00	-	50000000	1	11258	0	1
hr-ay3nav65536.r01	-	50000000	1	50011258	0	49
hr-ay3nav65536.r02	-	50000000	1	100011258	0	97
hr-ay3nav65536.r03	-	50000000	1	150011258	0	145
hr-ay3nav65536.r04	-	50000000	1	200011258	0	193
hr-ay3nav65536.r05	-	50000000	1	250011258	0	241
hr-ay3nav65536.r06	-	50000000	1	300011258	0	289
hr-ay3nav65536.r07	-	50000000	1	350011258	0	337
hr-ay3nav65536.r08	-	50000000	1	400011258	0	385
hr-ay3nav65536.r09	-	50000000	1	450011258	0	433
hr-ay3nav65536.r10	-	50000000	1	500011258	0	481
hr-ay3nav65536.r11	-	50000000	1	12251264	1	12
hr-ay3nav65536.r12	-	50000000	1	62251264	1	60
hr-ay3nav65536.r13	-	50000000	1	112251264	1	108
hr-ay3nav65536.r14	-	50000000	1	162251264	1	156
hr-ay3nav65536.r15	-	50000000	1	212251264	1	204
hr-ay3nav65536.r16	-	50000000	1	262251264	1	252
hr-ay3nav65536.r17	-	50000000	1	312251264	1	300
hr-ay3nav65536.r18	-	50000000	1	362251264	1	348
hr-ay3nav65536.r19	-	50000000	1	412251264	1	396
hr-ay3nav65536.r20	-	50000000	1	462251264	1	444
hr-ay3nav65536.r21	-	50000000	1	512251264	1	492
hr-ay3nav65536.r22	-	50000000	1	24834176	2	24
hr-ay3nav65536.r23	-	50000000	1	74834176	2	72
hr-ay3nav65536.r24	-	50000000	1	124834176	2	120
hr-ay3nav65536.r25	-	50000000	1	174834176	2	168
hr-ay3nav65536.r26	-	50000000	1	224834176	2	216
hr-ay3nav65536.r27	-	50000000	1	274834176	2	264
hr-ay3nav65536.r28	-	50000000	1	324834176	2	312
hr-ay3nav65536.r29	-	50000000	1	374834176	2	360
hr-ay3nav65536.r30	-	50000000	1	424834176	2	408
hr-ay3nav65536.r31	-	50000000	1	474834176	2	456
hr-ay3nav65536.r32	-	50000000	1	524834176	2	504
hr-ay3nav65536.r33	-	50000000	1	37417088	3	36
hr-ay3nav65536.r34	-	19754753	1	87417088	3	84
hr-ay3nav65536.rar	-	50000000	1	107171841	3	103
hr-ay3nav65536.sfv	-	1044	1	157171841	3	151
