l-gbsoy_v65536.nfo	-	1152	1	0	0	0
l-gbsoy_v65536.r00	-	50000000	1	1152	0	1
l-gbsoy_v65536.r01	-	50000000	1	50001152	0	49
l-gbsoy_v65536.r02	-	50000000	1	100001152	0	97
l-gbsoy_v65536.r03	-	50000000	1	150001152	0	145
l-gbsoy_v65536.r04	-	50000000	1	200001152	0	193
l-gbsoy_v65536.r05	-	50000000	1	250001152	0	241
l-gbsoy_v65536.r06	-	50000000	1	300001152	0	289
l-gbsoy_v65536.r07	-	50000000	1	350001152	0	337
l-gbsoy_v65536.r08	-	50000000	1	400001152	0	385
l-gbsoy_v65536.r09	-	50000000	1	450001152	0	433
l-gbsoy_v65536.r10	-	50000000	1	500001152	0	481
l-gbsoy_v65536.r11	-	50000000	1	12251264	1	12
l-gbsoy_v65536.r12	-	50000000	1	62251264	1	60
l-gbsoy_v65536.r13	-	50000000	1	112251264	1	108
l-gbsoy_v65536.r14	-	50000000	1	162251264	1	156
l-gbsoy_v65536.r15	-	50000000	1	212251264	1	204
l-gbsoy_v65536.r16	-	50000000	1	262251264	1	252
l-gbsoy_v65536.r17	-	50000000	1	312251264	1	300
l-gbsoy_v65536.r18	-	50000000	1	362251264	1	348
l-gbsoy_v65536.r19	-	50000000	1	412251264	1	396
l-gbsoy_v65536.r20	-	50000000	1	462251264	1	444
l-gbsoy_v65536.r21	-	50000000	1	512251264	1	492
l-gbsoy_v65536.r22	-	50000000	1	24834176	2	24
l-gbsoy_v65536.r23	-	50000000	1	74834176	2	72
l-gbsoy_v65536.r24	-	50000000	1	124834176	2	120
l-gbsoy_v65536.r25	-	20674865	1	174834176	2	168
l-gbsoy_v65536.rar	-	50000000	1	195509041	2	188
l-gbsoy_v65536.sfv	-	783	1	245509041	2	236
