sxs-boaty_tanks_2.nfo	-	5120	1	0	0	0
sxs-boaty_tanks_2.r00	-	100000000	1	5120	0	1
sxs-boaty_tanks_2.r01	-	100000000	1	100005120	0	97
sxs-boaty_tanks_2.r02	-	100000000	1	200005120	0	193
sxs-boaty_tanks_2.r03	-	100000000	1	300005120	0	289
sxs-boaty_tanks_2.r04	-	100000000	1	400005120	0	385
sxs-boaty_tanks_2.r05	-	100000000	1	500005120	0	481
sxs-boaty_tanks_2.r06	-	100000000	1	62251264	1	60
sxs-boaty_tanks_2.r07	-	100000000	1	162251264	1	156
sxs-boaty_tanks_2.r08	-	100000000	1	262251264	1	252
sxs-boaty_tanks_2.r09	-	100000000	1	362251264	1	348
sxs-boaty_tanks_2.r10	-	100000000	1	462251264	1	444
sxs-boaty_tanks_2.r11	-	100000000	1	24502528	2	24
sxs-boaty_tanks_2.r12	-	100000000	1	124502528	2	120
sxs-boaty_tanks_2.r13	-	100000000	1	224502528	2	216
sxs-boaty_tanks_2.r14	-	100000000	1	324502528	2	312
sxs-boaty_tanks_2.r15	-	100000000	1	424502528	2	408
sxs-boaty_tanks_2.r16	-	100000000	1	524502528	2	504
sxs-boaty_tanks_2.r17	-	100000000	1	87417088	3	84
sxs-boaty_tanks_2.r18	-	100000000	1	187417088	3	180
sxs-boaty_tanks_2.r19	-	100000000	1	287417088	3	276
sxs-boaty_tanks_2.r20	-	100000000	1	387417088	3	372
sxs-boaty_tanks_2.r21	-	100000000	1	487417088	3	468
sxs-boaty_tanks_2.r22	-	100000000	1	49668352	4	48
sxs-boaty_tanks_2.r23	-	100000000	1	149668352	4	144
sxs-boaty_tanks_2.r24	-	100000000	1	249668352	4	240
sxs-boaty_tanks_2.r25	-	49026685	1	349668352	4	336
sxs-boaty_tanks_2.rar	-	100000000	1	398695037	4	383
sxs-boaty_tanks_2.sfv	-	864	1	498695037	4	479
