sxs-anno_mutationem_v131072.nfo	-	6764	1	0	0	0
sxs-anno_mutationem_v131072.r00	-	50000000	1	6764	0	1
sxs-anno_mutationem_v131072.r01	-	50000000	1	50006764	0	49
sxs-anno_mutationem_v131072.r02	-	50000000	1	100006764	0	97
sxs-anno_mutationem_v131072.r03	-	50000000	1	150006764	0	145
sxs-anno_mutationem_v131072.r04	-	50000000	1	200006764	0	193
sxs-anno_mutationem_v131072.r05	-	50000000	1	250006764	0	241
sxs-anno_mutationem_v131072.r06	-	50000000	1	300006764	0	289
sxs-anno_mutationem_v131072.r07	-	50000000	1	350006764	0	337
sxs-anno_mutationem_v131072.r08	-	50000000	1	400006764	0	385
sxs-anno_mutationem_v131072.r09	-	50000000	1	450006764	0	433
sxs-anno_mutationem_v131072.r10	-	50000000	1	500006764	0	481
sxs-anno_mutationem_v131072.r11	-	50000000	1	12251264	1	12
sxs-anno_mutationem_v131072.r12	-	50000000	1	62251264	1	60
sxs-anno_mutationem_v131072.r13	-	50000000	1	112251264	1	108
sxs-anno_mutationem_v131072.r14	-	50000000	1	162251264	1	156
sxs-anno_mutationem_v131072.r15	-	26400815	1	212251264	1	204
sxs-anno_mutationem_v131072.rar	-	50000000	1	238652079	1	230
sxs-anno_mutationem_v131072.sfv	-	714	1	288652079	1	278
