v-resident_evil_6.nfo	-	4498	1	0	0	0
v-resident_evil_6.r00	-	200000000	1	4498	0	1
v-resident_evil_6.r01	-	200000000	1	200004498	0	192
v-resident_evil_6.r02	-	200000000	1	400004498	0	383
v-resident_evil_6.r03	-	200000000	1	62636544	1	60
v-resident_evil_6.r04	-	200000000	1	262636544	1	251
v-resident_evil_6.r05	-	200000000	1	462636544	1	442
v-resident_evil_6.r06	-	200000000	1	125551104	2	120
v-resident_evil_6.r07	-	200000000	1	325551104	2	311
v-resident_evil_6.r08	-	200000000	1	525551104	2	502
v-resident_evil_6.r09	-	200000000	1	188465664	3	180
v-resident_evil_6.r10	-	200000000	1	388465664	3	371
v-resident_evil_6.r11	-	200000000	1	51102208	4	49
v-resident_evil_6.r12	-	200000000	1	251102208	4	240
v-resident_evil_6.r13	-	200000000	1	451102208	4	431
v-resident_evil_6.r14	-	200000000	1	114016768	5	109
v-resident_evil_6.r15	-	200000000	1	314016768	5	300
v-resident_evil_6.r16	-	200000000	1	514016768	5	491
v-resident_evil_6.r17	-	200000000	1	176931328	6	169
v-resident_evil_6.r18	-	200000000	1	376931328	6	360
v-resident_evil_6.r19	-	200000000	1	39567872	7	38
v-resident_evil_6.r20	-	200000000	1	239567872	7	229
v-resident_evil_6.r21	-	200000000	1	439567872	7	420
v-resident_evil_6.r22	-	200000000	1	102482432	8	98
v-resident_evil_6.r23	-	200000000	1	302482432	8	289
v-resident_evil_6.r24	-	200000000	1	502482432	8	480
v-resident_evil_6.r25	-	200000000	1	165396992	9	158
v-resident_evil_6.r26	-	200000000	1	365396992	9	349
v-resident_evil_6.r27	-	200000000	1	28033536	10	27
v-resident_evil_6.r28	-	200000000	1	228033536	10	218
v-resident_evil_6.r29	-	200000000	1	428033536	10	409
v-resident_evil_6.r30	-	200000000	1	90948096	11	87
v-resident_evil_6.r31	-	200000000	1	290948096	11	278
v-resident_evil_6.r32	-	200000000	1	490948096	11	469
v-resident_evil_6.r33	-	200000000	1	153862656	12	147
v-resident_evil_6.r34	-	200000000	1	353862656	12	338
v-resident_evil_6.r35	-	200000000	1	16499200	13	16
v-resident_evil_6.r36	-	200000000	1	216499200	13	207
v-resident_evil_6.r37	-	200000000	1	416499200	13	398
v-resident_evil_6.r38	-	200000000	1	79413760	14	76
v-resident_evil_6.r39	-	200000000	1	279413760	14	267
v-resident_evil_6.r40	-	200000000	1	479413760	14	458
v-resident_evil_6.r41	-	200000000	1	142328320	15	136
v-resident_evil_6.r42	-	200000000	1	342328320	15	327
v-resident_evil_6.r43	-	200000000	1	4964864	16	5
v-resident_evil_6.r44	-	200000000	1	204964864	16	196
v-resident_evil_6.r45	-	200000000	1	404964864	16	387
v-resident_evil_6.r46	-	200000000	1	67879424	17	65
v-resident_evil_6.r47	-	200000000	1	267879424	17	256
v-resident_evil_6.r48	-	200000000	1	467879424	17	447
v-resident_evil_6.r49	-	200000000	1	130793984	18	125
v-resident_evil_6.r50	-	200000000	1	330793984	18	316
v-resident_evil_6.r51	-	200000000	1	530793984	18	507
v-resident_evil_6.r52	-	200000000	1	193708544	19	185
v-resident_evil_6.r53	-	200000000	1	393708544	19	376
v-resident_evil_6.r54	-	200000000	1	56345088	20	54
v-resident_evil_6.r55	-	200000000	1	256345088	20	245
v-resident_evil_6.r56	-	200000000	1	456345088	20	436
v-resident_evil_6.r57	-	200000000	1	119259648	21	114
v-resident_evil_6.r58	-	200000000	1	319259648	21	305
v-resident_evil_6.r59	-	200000000	1	519259648	21	496
v-resident_evil_6.r60	-	200000000	1	182174208	22	174
v-resident_evil_6.r61	-	200000000	1	382174208	22	365
v-resident_evil_6.r62	-	200000000	1	44810752	23	43
v-resident_evil_6.r63	-	200000000	1	244810752	23	234
v-resident_evil_6.r64	-	200000000	1	444810752	23	425
v-resident_evil_6.r65	-	200000000	1	107725312	24	103
v-resident_evil_6.r66	-	200000000	1	307725312	24	294
v-resident_evil_6.r67	-	200000000	1	507725312	24	485
v-resident_evil_6.r68	-	200000000	1	170639872	25	163
v-resident_evil_6.r69	-	200000000	1	370639872	25	354
v-resident_evil_6.r70	-	200000000	1	33276416	26	32
v-resident_evil_6.r71	-	200000000	1	233276416	26	223
v-resident_evil_6.r72	-	200000000	1	433276416	26	414
v-resident_evil_6.r73	-	200000000	1	96190976	27	92
v-resident_evil_6.r74	-	200000000	1	296190976	27	283
v-resident_evil_6.r75	-	200000000	1	496190976	27	474
v-resident_evil_6.r76	-	200000000	1	159105536	28	152
v-resident_evil_6.r77	-	200000000	1	359105536	28	343
v-resident_evil_6.r78	-	200000000	1	21742080	29	21
v-resident_evil_6.r79	-	200000000	1	221742080	29	212
v-resident_evil_6.r80	-	200000000	1	421742080	29	403
v-resident_evil_6.r81	-	200000000	1	84656640	30	81
v-resident_evil_6.r82	-	200000000	1	284656640	30	272
v-resident_evil_6.r83	-	200000000	1	484656640	30	463
v-resident_evil_6.r84	-	200000000	1	147571200	31	141
v-resident_evil_6.r85	-	200000000	1	347571200	31	332
v-resident_evil_6.r86	-	200000000	1	10207744	32	10
v-resident_evil_6.r87	-	200000000	1	210207744	32	201
v-resident_evil_6.r88	-	200000000	1	410207744	32	392
v-resident_evil_6.r89	-	200000000	1	73122304	33	70
v-resident_evil_6.r90	-	200000000	1	273122304	33	261
v-resident_evil_6.r91	-	200000000	1	473122304	33	452
v-resident_evil_6.r92	-	200000000	1	136036864	34	130
v-resident_evil_6.r93	-	136181863	1	336036864	34	321
v-resident_evil_6.rar	-	200000000	1	472218727	34	451
v-resident_evil_6.sfv	-	3040	1	134988288	35	129
