n-startrekps.nfo	-	6072	1	0	0	0
n-startrekps.r00	-	50000000	1	6072	0	1
n-startrekps.r01	-	50000000	1	50006072	0	49
n-startrekps.r02	-	50000000	1	100006072	0	97
n-startrekps.r03	-	50000000	1	150006072	0	145
n-startrekps.r04	-	50000000	1	200006072	0	193
n-startrekps.r05	-	50000000	1	250006072	0	241
n-startrekps.r06	-	50000000	1	300006072	0	289
n-startrekps.r07	-	50000000	1	350006072	0	337
n-startrekps.r08	-	50000000	1	400006072	0	385
n-startrekps.r09	-	50000000	1	450006072	0	433
n-startrekps.r10	-	50000000	1	500006072	0	481
n-startrekps.r11	-	50000000	1	12251264	1	12
n-startrekps.r12	-	50000000	1	62251264	1	60
n-startrekps.r13	-	50000000	1	112251264	1	108
n-startrekps.r14	-	50000000	1	162251264	1	156
n-startrekps.r15	-	50000000	1	212251264	1	204
n-startrekps.r16	-	50000000	1	262251264	1	252
n-startrekps.r17	-	50000000	1	312251264	1	300
n-startrekps.r18	-	50000000	1	362251264	1	348
n-startrekps.r19	-	50000000	1	412251264	1	396
n-startrekps.r20	-	50000000	1	462251264	1	444
n-startrekps.r21	-	50000000	1	512251264	1	492
n-startrekps.r22	-	50000000	1	24834176	2	24
n-startrekps.r23	-	50000000	1	74834176	2	72
n-startrekps.r24	-	50000000	1	124834176	2	120
n-startrekps.r25	-	50000000	1	174834176	2	168
n-startrekps.r26	-	50000000	1	224834176	2	216
n-startrekps.r27	-	50000000	1	274834176	2	264
n-startrekps.r28	-	50000000	1	324834176	2	312
n-startrekps.r29	-	50000000	1	374834176	2	360
n-startrekps.r30	-	50000000	1	424834176	2	408
n-startrekps.r31	-	50000000	1	474834176	2	456
n-startrekps.r32	-	50000000	1	524834176	2	504
n-startrekps.r33	-	50000000	1	37417088	3	36
n-startrekps.r34	-	50000000	1	87417088	3	84
n-startrekps.r35	-	50000000	1	137417088	3	132
n-startrekps.r36	-	50000000	1	187417088	3	180
n-startrekps.r37	-	50000000	1	237417088	3	228
n-startrekps.r38	-	50000000	1	287417088	3	276
n-startrekps.r39	-	50000000	1	337417088	3	324
n-startrekps.r40	-	50000000	1	387417088	3	372
n-startrekps.r41	-	50000000	1	437417088	3	420
n-startrekps.r42	-	50000000	1	487417088	3	468
n-startrekps.r43	-	50000000	1	0	4	0
n-startrekps.r44	-	50000000	1	50000000	4	48
n-startrekps.r45	-	50000000	1	100000000	4	96
n-startrekps.r46	-	50000000	1	150000000	4	144
n-startrekps.r47	-	50000000	1	200000000	4	192
n-startrekps.r48	-	50000000	1	250000000	4	240
n-startrekps.r49	-	50000000	1	300000000	4	288
n-startrekps.r50	-	50000000	1	350000000	4	336
n-startrekps.r51	-	50000000	1	400000000	4	384
n-startrekps.r52	-	50000000	1	450000000	4	432
n-startrekps.r53	-	50000000	1	500000000	4	480
n-startrekps.r54	-	50000000	1	12251264	5	12
n-startrekps.r55	-	50000000	1	62251264	5	60
n-startrekps.r56	-	50000000	1	112251264	5	108
n-startrekps.r57	-	50000000	1	162251264	5	156
n-startrekps.r58	-	50000000	1	212251264	5	204
n-startrekps.r59	-	50000000	1	262251264	5	252
n-startrekps.r60	-	50000000	1	312251264	5	300
n-startrekps.r61	-	50000000	1	362251264	5	348
n-startrekps.r62	-	50000000	1	412251264	5	396
n-startrekps.r63	-	50000000	1	462251264	5	444
n-startrekps.r64	-	50000000	1	512251264	5	492
n-startrekps.r65	-	50000000	1	24834176	6	24
n-startrekps.r66	-	50000000	1	74834176	6	72
n-startrekps.r67	-	50000000	1	124834176	6	120
n-startrekps.r68	-	50000000	1	174834176	6	168
n-startrekps.r69	-	50000000	1	224834176	6	216
n-startrekps.r70	-	50000000	1	274834176	6	264
n-startrekps.r71	-	50000000	1	324834176	6	312
n-startrekps.r72	-	50000000	1	374834176	6	360
n-startrekps.r73	-	50000000	1	424834176	6	408
n-startrekps.r74	-	50000000	1	474834176	6	456
n-startrekps.r75	-	50000000	1	524834176	6	504
n-startrekps.r76	-	50000000	1	37417088	7	36
n-startrekps.r77	-	27975072	1	87417088	7	84
n-startrekps.rar	-	50000000	1	115392160	7	111
n-startrekps.sfv	-	2133	1	165392160	7	159
