v-steamworld_v131072.nfo	-	4420	1	0	0	0
v-steamworld_v131072.r00	-	50000000	1	4420	0	1
v-steamworld_v131072.r01	-	50000000	1	50004420	0	49
v-steamworld_v131072.r02	-	50000000	1	100004420	0	97
v-steamworld_v131072.r03	-	50000000	1	150004420	0	145
v-steamworld_v131072.r04	-	50000000	1	200004420	0	193
v-steamworld_v131072.r05	-	50000000	1	250004420	0	241
v-steamworld_v131072.r06	-	30359792	1	300004420	0	289
v-steamworld_v131072.rar	-	50000000	1	330364212	0	318
v-steamworld_v131072.sfv	-	280	1	380364212	0	366
