hr-azcjmv131072.nfo	-	11583	1	0	0	0
hr-azcjmv131072.r00	-	50000000	1	11583	0	1
hr-azcjmv131072.r01	-	50000000	1	50011583	0	49
hr-azcjmv131072.r02	-	50000000	1	100011583	0	97
hr-azcjmv131072.r03	-	50000000	1	150011583	0	145
hr-azcjmv131072.r04	-	50000000	1	200011583	0	193
hr-azcjmv131072.r05	-	50000000	1	250011583	0	241
hr-azcjmv131072.r06	-	50000000	1	300011583	0	289
hr-azcjmv131072.r07	-	50000000	1	350011583	0	337
hr-azcjmv131072.r08	-	50000000	1	400011583	0	385
hr-azcjmv131072.r09	-	50000000	1	450011583	0	433
hr-azcjmv131072.r10	-	7762232	1	500011583	0	481
hr-azcjmv131072.rar	-	50000000	1	507773815	0	489
hr-azcjmv131072.sfv	-	360	1	20639872	1	20
