l-hextechmalols.nfo	-	1159	1	0	0	0
l-hextechmalols.r00	-	50000000	1	1159	0	1
l-hextechmalols.r01	-	50000000	1	50001159	0	49
l-hextechmalols.r02	-	50000000	1	100001159	0	97
l-hextechmalols.r03	-	50000000	1	150001159	0	145
l-hextechmalols.r04	-	50000000	1	200001159	0	193
l-hextechmalols.r05	-	50000000	1	250001159	0	241
l-hextechmalols.r06	-	50000000	1	300001159	0	289
l-hextechmalols.r07	-	50000000	1	350001159	0	337
l-hextechmalols.r08	-	50000000	1	400001159	0	385
l-hextechmalols.r09	-	50000000	1	450001159	0	433
l-hextechmalols.r10	-	50000000	1	500001159	0	481
l-hextechmalols.r11	-	50000000	1	12251264	1	12
l-hextechmalols.r12	-	50000000	1	62251264	1	60
l-hextechmalols.r13	-	50000000	1	112251264	1	108
l-hextechmalols.r14	-	50000000	1	162251264	1	156
l-hextechmalols.r15	-	50000000	1	212251264	1	204
l-hextechmalols.r16	-	50000000	1	262251264	1	252
l-hextechmalols.r17	-	50000000	1	312251264	1	300
l-hextechmalols.r18	-	50000000	1	362251264	1	348
l-hextechmalols.r19	-	50000000	1	412251264	1	396
l-hextechmalols.r20	-	50000000	1	462251264	1	444
l-hextechmalols.r21	-	50000000	1	512251264	1	492
l-hextechmalols.r22	-	50000000	1	24834176	2	24
l-hextechmalols.r23	-	50000000	1	74834176	2	72
l-hextechmalols.r24	-	50000000	1	124834176	2	120
l-hextechmalols.r25	-	50000000	1	174834176	2	168
l-hextechmalols.r26	-	50000000	1	224834176	2	216
l-hextechmalols.r27	-	50000000	1	274834176	2	264
l-hextechmalols.r28	-	50000000	1	324834176	2	312
l-hextechmalols.r29	-	50000000	1	374834176	2	360
l-hextechmalols.r30	-	50000000	1	424834176	2	408
l-hextechmalols.r31	-	50000000	1	474834176	2	456
l-hextechmalols.r32	-	50000000	1	524834176	2	504
l-hextechmalols.r33	-	50000000	1	37417088	3	36
l-hextechmalols.r34	-	50000000	1	87417088	3	84
l-hextechmalols.r35	-	50000000	1	137417088	3	132
l-hextechmalols.r36	-	50000000	1	187417088	3	180
l-hextechmalols.r37	-	50000000	1	237417088	3	228
l-hextechmalols.r38	-	31583907	1	287417088	3	276
l-hextechmalols.rar	-	50000000	1	319000995	3	307
l-hextechmalols.sfv	-	1200	1	369000995	3	355
