i-mybutler.nfo	-	1112	1	0	0	0
i-mybutler.r00	-	50000000	1	1112	0	1
i-mybutler.r01	-	50000000	1	50001112	0	49
i-mybutler.r02	-	50000000	1	100001112	0	97
i-mybutler.r03	-	50000000	1	150001112	0	145
i-mybutler.r04	-	50000000	1	200001112	0	193
i-mybutler.r05	-	50000000	1	250001112	0	241
i-mybutler.r06	-	50000000	1	300001112	0	289
i-mybutler.r07	-	50000000	1	350001112	0	337
i-mybutler.r08	-	50000000	1	400001112	0	385
i-mybutler.r09	-	50000000	1	450001112	0	433
i-mybutler.r10	-	34715655	1	500001112	0	481
i-mybutler.rar	-	50000000	1	534716767	0	515
i-mybutler.sfv	-	300	1	46854272	1	45
