sxs-rpg_maker_mv_v983040.r00	-	50000000	1	0	0	0
sxs-rpg_maker_mv_v983040.r01	-	50000000	1	50000000	0	48
sxs-rpg_maker_mv_v983040.r02	-	50000000	1	100000000	0	96
sxs-rpg_maker_mv_v983040.r03	-	50000000	1	150000000	0	144
sxs-rpg_maker_mv_v983040.r04	-	50000000	1	200000000	0	192
sxs-rpg_maker_mv_v983040.r05	-	50000000	1	250000000	0	240
sxs-rpg_maker_mv_v983040.r06	-	50000000	1	300000000	0	288
sxs-rpg_maker_mv_v983040.r07	-	50000000	1	350000000	0	336
sxs-rpg_maker_mv_v983040.r08	-	50000000	1	400000000	0	384
sxs-rpg_maker_mv_v983040.r09	-	50000000	1	450000000	0	432
sxs-rpg_maker_mv_v983040.r10	-	50000000	1	500000000	0	480
sxs-rpg_maker_mv_v983040.r11	-	50000000	1	12251264	1	12
sxs-rpg_maker_mv_v983040.r12	-	50000000	1	62251264	1	60
sxs-rpg_maker_mv_v983040.r13	-	50000000	1	112251264	1	108
sxs-rpg_maker_mv_v983040.r14	-	50000000	1	162251264	1	156
sxs-rpg_maker_mv_v983040.r15	-	50000000	1	212251264	1	204
sxs-rpg_maker_mv_v983040.r16	-	50000000	1	262251264	1	252
sxs-rpg_maker_mv_v983040.r17	-	50000000	1	312251264	1	300
sxs-rpg_maker_mv_v983040.r18	-	50000000	1	362251264	1	348
sxs-rpg_maker_mv_v983040.r19	-	50000000	1	412251264	1	396
sxs-rpg_maker_mv_v983040.r20	-	50000000	1	462251264	1	444
sxs-rpg_maker_mv_v983040.r21	-	6070515	1	512251264	1	492
sxs-rpg_maker_mv_v983040.rar	-	50000000	1	518321779	1	498
sxs-rpg_maker_mv_v983040.sfv	-	897	1	31125632	2	30
