sxs-marvelua3_v196608.nfo	-	5822	1	0	0	0
sxs-marvelua3_v196608.r00	-	50000000	1	5822	0	1
sxs-marvelua3_v196608.r01	-	50000000	1	50005822	0	49
sxs-marvelua3_v196608.r02	-	50000000	1	100005822	0	97
sxs-marvelua3_v196608.r03	-	50000000	1	150005822	0	145
sxs-marvelua3_v196608.r04	-	50000000	1	200005822	0	193
sxs-marvelua3_v196608.r05	-	50000000	1	250005822	0	241
sxs-marvelua3_v196608.r06	-	50000000	1	300005822	0	289
sxs-marvelua3_v196608.r07	-	50000000	1	350005822	0	337
sxs-marvelua3_v196608.r08	-	50000000	1	400005822	0	385
sxs-marvelua3_v196608.r09	-	50000000	1	450005822	0	433
sxs-marvelua3_v196608.r10	-	50000000	1	500005822	0	481
sxs-marvelua3_v196608.r11	-	50000000	1	12251264	1	12
sxs-marvelua3_v196608.r12	-	50000000	1	62251264	1	60
sxs-marvelua3_v196608.r13	-	50000000	1	112251264	1	108
sxs-marvelua3_v196608.r14	-	50000000	1	162251264	1	156
sxs-marvelua3_v196608.r15	-	50000000	1	212251264	1	204
sxs-marvelua3_v196608.r16	-	50000000	1	262251264	1	252
sxs-marvelua3_v196608.r17	-	50000000	1	312251264	1	300
sxs-marvelua3_v196608.r18	-	50000000	1	362251264	1	348
sxs-marvelua3_v196608.r19	-	45915413	1	412251264	1	396
sxs-marvelua3_v196608.rar	-	50000000	1	458166677	1	440
sxs-marvelua3_v196608.sfv	-	756	1	508166677	1	488
