sxs-clea_2_v196608.nfo	-	6134	1	0	0	0
sxs-clea_2_v196608.r00	-	50000000	1	6134	0	1
sxs-clea_2_v196608.r01	-	50000000	1	50006134	0	49
sxs-clea_2_v196608.r02	-	50000000	1	100006134	0	97
sxs-clea_2_v196608.r03	-	50000000	1	150006134	0	145
sxs-clea_2_v196608.r04	-	50000000	1	200006134	0	193
sxs-clea_2_v196608.r05	-	50000000	1	250006134	0	241
sxs-clea_2_v196608.r06	-	50000000	1	300006134	0	289
sxs-clea_2_v196608.r07	-	50000000	1	350006134	0	337
sxs-clea_2_v196608.r08	-	25690474	1	400006134	0	385
sxs-clea_2_v196608.rar	-	50000000	1	425696608	0	410
sxs-clea_2_v196608.sfv	-	330	1	475696608	0	458
