n-breathedge.nfo	-	6071	1	0	0	0
n-breathedge.r00	-	150000000	1	6071	0	1
n-breathedge.r01	-	150000000	1	150006071	0	145
n-breathedge.r02	-	150000000	1	300006071	0	289
n-breathedge.r03	-	150000000	1	450006071	0	433
n-breathedge.r04	-	150000000	1	62968192	1	61
n-breathedge.r05	-	150000000	1	212968192	1	205
n-breathedge.r06	-	150000000	1	362968192	1	349
n-breathedge.r07	-	150000000	1	512968192	1	493
n-breathedge.r08	-	150000000	1	125882752	2	121
n-breathedge.r09	-	150000000	1	275882752	2	265
n-breathedge.r10	-	150000000	1	425882752	2	409
n-breathedge.r11	-	150000000	1	38850944	3	38
n-breathedge.r12	-	150000000	1	188850944	3	182
n-breathedge.r13	-	150000000	1	338850944	3	326
n-breathedge.r14	-	150000000	1	488850944	3	470
n-breathedge.r15	-	150000000	1	101765504	4	98
n-breathedge.r16	-	150000000	1	251765504	4	242
n-breathedge.r17	-	150000000	1	401765504	4	386
n-breathedge.r18	-	150000000	1	14733696	5	15
n-breathedge.r19	-	150000000	1	164733696	5	159
n-breathedge.r20	-	150000000	1	314733696	5	303
n-breathedge.r21	-	150000000	1	464733696	5	447
n-breathedge.r22	-	150000000	1	77648256	6	75
n-breathedge.r23	-	150000000	1	227648256	6	219
n-breathedge.r24	-	150000000	1	377648256	6	363
n-breathedge.r25	-	150000000	1	527648256	6	507
n-breathedge.r26	-	150000000	1	140562816	7	135
n-breathedge.r27	-	150000000	1	290562816	7	279
n-breathedge.r28	-	150000000	1	440562816	7	423
n-breathedge.r29	-	150000000	1	53531008	8	52
n-breathedge.r30	-	150000000	1	203531008	8	196
n-breathedge.r31	-	150000000	1	353531008	8	340
n-breathedge.r32	-	150000000	1	503531008	8	484
n-breathedge.r33	-	150000000	1	116445568	9	112
n-breathedge.r34	-	150000000	1	266445568	9	256
n-breathedge.r35	-	150000000	1	416445568	9	400
n-breathedge.r36	-	150000000	1	29413760	10	29
n-breathedge.r37	-	150000000	1	179413760	10	173
n-breathedge.r38	-	150000000	1	329413760	10	317
n-breathedge.r39	-	150000000	1	479413760	10	461
n-breathedge.r40	-	150000000	1	92328320	11	89
n-breathedge.r41	-	150000000	1	242328320	11	233
n-breathedge.r42	-	150000000	1	392328320	11	377
n-breathedge.r43	-	150000000	1	5296512	12	6
n-breathedge.r44	-	150000000	1	155296512	12	150
n-breathedge.r45	-	150000000	1	305296512	12	294
n-breathedge.r46	-	150000000	1	455296512	12	438
n-breathedge.r47	-	150000000	1	68211072	13	66
n-breathedge.r48	-	150000000	1	218211072	13	210
n-breathedge.r49	-	150000000	1	368211072	13	354
n-breathedge.r50	-	150000000	1	518211072	13	498
n-breathedge.r51	-	123155539	1	131125632	14	126
n-breathedge.rar	-	150000000	1	254281171	14	244
n-breathedge.sfv	-	1431	1	404281171	14	388
