v-warm_snow.nfo	-	6526	1	0	0	0
v-warm_snow.r00	-	100000000	1	6526	0	1
v-warm_snow.r01	-	100000000	1	100006526	0	97
v-warm_snow.r02	-	100000000	1	200006526	0	193
v-warm_snow.r03	-	100000000	1	300006526	0	289
v-warm_snow.r04	-	100000000	1	400006526	0	385
v-warm_snow.r05	-	100000000	1	500006526	0	481
v-warm_snow.r06	-	100000000	1	62251264	1	60
v-warm_snow.r07	-	100000000	1	162251264	1	156
v-warm_snow.r08	-	100000000	1	262251264	1	252
v-warm_snow.r09	-	100000000	1	362251264	1	348
v-warm_snow.r10	-	100000000	1	462251264	1	444
v-warm_snow.r11	-	100000000	1	24502528	2	24
v-warm_snow.r12	-	100000000	1	124502528	2	120
v-warm_snow.r13	-	100000000	1	224502528	2	216
v-warm_snow.r14	-	100000000	1	324502528	2	312
v-warm_snow.r15	-	53022159	1	424502528	2	408
v-warm_snow.rar	-	100000000	1	477524687	2	459
v-warm_snow.sfv	-	442	1	40231168	3	39
