sxs-calico_v720896.nfo	-	4421	1	0	0	0
sxs-calico_v720896.r00	-	50000000	1	4421	0	1
sxs-calico_v720896.r01	-	50000000	1	50004421	0	49
sxs-calico_v720896.r02	-	50000000	1	100004421	0	97
sxs-calico_v720896.r03	-	50000000	1	150004421	0	145
sxs-calico_v720896.r04	-	50000000	1	200004421	0	193
sxs-calico_v720896.r05	-	50000000	1	250004421	0	241
sxs-calico_v720896.r06	-	50000000	1	300004421	0	289
sxs-calico_v720896.r07	-	50000000	1	350004421	0	337
sxs-calico_v720896.r08	-	50000000	1	400004421	0	385
sxs-calico_v720896.r09	-	50000000	1	450004421	0	433
sxs-calico_v720896.r10	-	50000000	1	500004421	0	481
sxs-calico_v720896.r11	-	50000000	1	12251264	1	12
sxs-calico_v720896.r12	-	50000000	1	62251264	1	60
sxs-calico_v720896.r13	-	8945059	1	112251264	1	108
sxs-calico_v720896.rar	-	50000000	1	121196323	1	117
sxs-calico_v720896.sfv	-	495	1	171196323	1	165
