sxs-unsighted_v393216.nfo	-	6602	1	0	0	0
sxs-unsighted_v393216.r00	-	50000000	1	6602	0	1
sxs-unsighted_v393216.r01	-	50000000	1	50006602	0	49
sxs-unsighted_v393216.r02	-	50000000	1	100006602	0	97
sxs-unsighted_v393216.r03	-	50000000	1	150006602	0	145
sxs-unsighted_v393216.r04	-	50000000	1	200006602	0	193
sxs-unsighted_v393216.r05	-	50000000	1	250006602	0	241
sxs-unsighted_v393216.r06	-	50000000	1	300006602	0	289
sxs-unsighted_v393216.r07	-	50000000	1	350006602	0	337
sxs-unsighted_v393216.r08	-	50000000	1	400006602	0	385
sxs-unsighted_v393216.r09	-	50000000	1	450006602	0	433
sxs-unsighted_v393216.r10	-	50000000	1	500006602	0	481
sxs-unsighted_v393216.r11	-	50000000	1	12251264	1	12
sxs-unsighted_v393216.r12	-	50000000	1	62251264	1	60
sxs-unsighted_v393216.r13	-	50000000	1	112251264	1	108
sxs-unsighted_v393216.r14	-	50000000	1	162251264	1	156
sxs-unsighted_v393216.r15	-	50000000	1	212251264	1	204
sxs-unsighted_v393216.r16	-	50000000	1	262251264	1	252
sxs-unsighted_v393216.r17	-	50000000	1	312251264	1	300
sxs-unsighted_v393216.r18	-	22424173	1	362251264	1	348
sxs-unsighted_v393216.rar	-	50000000	1	384675437	1	370
sxs-unsighted_v393216.sfv	-	720	1	434675437	1	418
