hr-au6ga.nfo	-	11258	1	0	0	0
hr-au6ga.r00	-	100000000	1	11258	0	1
hr-au6ga.r01	-	100000000	1	100011258	0	97
hr-au6ga.r02	-	100000000	1	200011258	0	193
hr-au6ga.r03	-	100000000	1	300011258	0	289
hr-au6ga.r04	-	100000000	1	400011258	0	385
hr-au6ga.r05	-	100000000	1	500011258	0	481
hr-au6ga.r06	-	100000000	1	62251264	1	60
hr-au6ga.r07	-	100000000	1	162251264	1	156
hr-au6ga.r08	-	100000000	1	262251264	1	252
hr-au6ga.r09	-	100000000	1	362251264	1	348
hr-au6ga.r10	-	100000000	1	462251264	1	444
hr-au6ga.r11	-	100000000	1	24502528	2	24
hr-au6ga.r12	-	100000000	1	124502528	2	120
hr-au6ga.r13	-	100000000	1	224502528	2	216
hr-au6ga.r14	-	100000000	1	324502528	2	312
hr-au6ga.r15	-	100000000	1	424502528	2	408
hr-au6ga.r16	-	100000000	1	524502528	2	504
hr-au6ga.r17	-	100000000	1	87417088	3	84
hr-au6ga.r18	-	100000000	1	187417088	3	180
hr-au6ga.r19	-	100000000	1	287417088	3	276
hr-au6ga.r20	-	100000000	1	387417088	3	372
hr-au6ga.r21	-	100000000	1	487417088	3	468
hr-au6ga.r22	-	100000000	1	49668352	4	48
hr-au6ga.r23	-	100000000	1	149668352	4	144
hr-au6ga.r24	-	100000000	1	249668352	4	240
hr-au6ga.r25	-	100000000	1	349668352	4	336
hr-au6ga.r26	-	100000000	1	449668352	4	432
hr-au6ga.r27	-	100000000	1	11919616	5	12
hr-au6ga.r28	-	100000000	1	111919616	5	108
hr-au6ga.r29	-	100000000	1	211919616	5	204
hr-au6ga.r30	-	100000000	1	311919616	5	300
hr-au6ga.r31	-	100000000	1	411919616	5	396
hr-au6ga.r32	-	100000000	1	511919616	5	492
hr-au6ga.r33	-	100000000	1	74834176	6	72
hr-au6ga.r34	-	100000000	1	174834176	6	168
hr-au6ga.r35	-	100000000	1	274834176	6	264
hr-au6ga.r36	-	100000000	1	374834176	6	360
hr-au6ga.r37	-	100000000	1	474834176	6	456
hr-au6ga.r38	-	100000000	1	37085440	7	36
hr-au6ga.r39	-	100000000	1	137085440	7	132
hr-au6ga.r40	-	100000000	1	237085440	7	228
hr-au6ga.r41	-	100000000	1	337085440	7	324
hr-au6ga.r42	-	100000000	1	437085440	7	420
hr-au6ga.r43	-	100000000	1	0	8	0
hr-au6ga.r44	-	100000000	1	100000000	8	96
hr-au6ga.r45	-	100000000	1	200000000	8	192
hr-au6ga.r46	-	100000000	1	300000000	8	288
hr-au6ga.r47	-	100000000	1	400000000	8	384
hr-au6ga.r48	-	100000000	1	500000000	8	480
hr-au6ga.r49	-	100000000	1	62251264	9	60
hr-au6ga.r50	-	100000000	1	162251264	9	156
hr-au6ga.r51	-	100000000	1	262251264	9	252
hr-au6ga.r52	-	100000000	1	362251264	9	348
hr-au6ga.r53	-	100000000	1	462251264	9	444
hr-au6ga.r54	-	100000000	1	24502528	10	24
hr-au6ga.r55	-	100000000	1	124502528	10	120
hr-au6ga.r56	-	100000000	1	224502528	10	216
hr-au6ga.r57	-	100000000	1	324502528	10	312
hr-au6ga.r58	-	100000000	1	424502528	10	408
hr-au6ga.r59	-	100000000	1	524502528	10	504
hr-au6ga.r60	-	100000000	1	87417088	11	84
hr-au6ga.r61	-	100000000	1	187417088	11	180
hr-au6ga.r62	-	100000000	1	287417088	11	276
hr-au6ga.r63	-	100000000	1	387417088	11	372
hr-au6ga.r64	-	100000000	1	487417088	11	468
hr-au6ga.r65	-	100000000	1	49668352	12	48
hr-au6ga.r66	-	100000000	1	149668352	12	144
hr-au6ga.r67	-	46845049	1	249668352	12	240
hr-au6ga.rar	-	100000000	1	296513401	12	285
hr-au6ga.sfv	-	1587	1	396513401	12	381
Proof	d	0	1	396514988	12	382
Proof/hr-au6ga.jpg	-	3415819	1	396514988	12	382
