v-grip_v458752.nfo	-	5746	1	0	0	0
v-grip_v458752.r00	-	50000000	1	5746	0	1
v-grip_v458752.r01	-	50000000	1	50005746	0	49
v-grip_v458752.r02	-	50000000	1	100005746	0	97
v-grip_v458752.r03	-	50000000	1	150005746	0	145
v-grip_v458752.r04	-	50000000	1	200005746	0	193
v-grip_v458752.r05	-	50000000	1	250005746	0	241
v-grip_v458752.r06	-	50000000	1	300005746	0	289
v-grip_v458752.r07	-	50000000	1	350005746	0	337
v-grip_v458752.r08	-	50000000	1	400005746	0	385
v-grip_v458752.r09	-	50000000	1	450005746	0	433
v-grip_v458752.r10	-	50000000	1	500005746	0	481
v-grip_v458752.r11	-	50000000	1	12251264	1	12
v-grip_v458752.r12	-	50000000	1	62251264	1	60
v-grip_v458752.r13	-	50000000	1	112251264	1	108
v-grip_v458752.r14	-	50000000	1	162251264	1	156
v-grip_v458752.r15	-	50000000	1	212251264	1	204
v-grip_v458752.r16	-	50000000	1	262251264	1	252
v-grip_v458752.r17	-	50000000	1	312251264	1	300
v-grip_v458752.r18	-	50000000	1	362251264	1	348
v-grip_v458752.r19	-	50000000	1	412251264	1	396
v-grip_v458752.r20	-	50000000	1	462251264	1	444
v-grip_v458752.r21	-	50000000	1	512251264	1	492
v-grip_v458752.r22	-	50000000	1	24834176	2	24
v-grip_v458752.r23	-	50000000	1	74834176	2	72
v-grip_v458752.r24	-	50000000	1	124834176	2	120
v-grip_v458752.r25	-	50000000	1	174834176	2	168
v-grip_v458752.r26	-	50000000	1	224834176	2	216
v-grip_v458752.r27	-	50000000	1	274834176	2	264
v-grip_v458752.r28	-	50000000	1	324834176	2	312
v-grip_v458752.r29	-	50000000	1	374834176	2	360
v-grip_v458752.r30	-	50000000	1	424834176	2	408
v-grip_v458752.r31	-	50000000	1	474834176	2	456
v-grip_v458752.r32	-	50000000	1	524834176	2	504
v-grip_v458752.r33	-	50000000	1	37417088	3	36
v-grip_v458752.r34	-	50000000	1	87417088	3	84
v-grip_v458752.r35	-	50000000	1	137417088	3	132
v-grip_v458752.r36	-	50000000	1	187417088	3	180
v-grip_v458752.r37	-	50000000	1	237417088	3	228
v-grip_v458752.r38	-	50000000	1	287417088	3	276
v-grip_v458752.r39	-	50000000	1	337417088	3	324
v-grip_v458752.r40	-	50000000	1	387417088	3	372
v-grip_v458752.r41	-	50000000	1	437417088	3	420
v-grip_v458752.r42	-	50000000	1	487417088	3	468
v-grip_v458752.r43	-	4191725	1	0	4	0
v-grip_v458752.rar	-	50000000	1	4191725	4	4
v-grip_v458752.sfv	-	1305	1	54191725	4	52
