v-astebreed.nfo	-	4186	1	0	0	0
v-astebreed.r00	-	50000000	1	4186	0	1
v-astebreed.r01	-	50000000	1	50004186	0	49
v-astebreed.r02	-	50000000	1	100004186	0	97
v-astebreed.r03	-	50000000	1	150004186	0	145
v-astebreed.r04	-	50000000	1	200004186	0	193
v-astebreed.r05	-	50000000	1	250004186	0	241
v-astebreed.r06	-	50000000	1	300004186	0	289
v-astebreed.r07	-	50000000	1	350004186	0	337
v-astebreed.r08	-	50000000	1	400004186	0	385
v-astebreed.r09	-	50000000	1	450004186	0	433
v-astebreed.r10	-	50000000	1	500004186	0	481
v-astebreed.r11	-	50000000	1	12251264	1	12
v-astebreed.r12	-	50000000	1	62251264	1	60
v-astebreed.r13	-	50000000	1	112251264	1	108
v-astebreed.r14	-	50000000	1	162251264	1	156
v-astebreed.r15	-	50000000	1	212251264	1	204
v-astebreed.r16	-	50000000	1	262251264	1	252
v-astebreed.r17	-	50000000	1	312251264	1	300
v-astebreed.r18	-	50000000	1	362251264	1	348
v-astebreed.r19	-	50000000	1	412251264	1	396
v-astebreed.r20	-	50000000	1	462251264	1	444
v-astebreed.r21	-	50000000	1	512251264	1	492
v-astebreed.r22	-	50000000	1	24834176	2	24
v-astebreed.r23	-	50000000	1	74834176	2	72
v-astebreed.r24	-	50000000	1	124834176	2	120
v-astebreed.r25	-	12313155	1	174834176	2	168
v-astebreed.rar	-	50000000	1	187147331	2	180
v-astebreed.sfv	-	702	1	237147331	2	228
