v-grand_brix_shooter_v196608.nfo	-	5752	1	0	0	0
v-grand_brix_shooter_v196608.r00	-	50000000	1	5752	0	1
v-grand_brix_shooter_v196608.r01	-	50000000	1	50005752	0	49
v-grand_brix_shooter_v196608.r02	-	50000000	1	100005752	0	97
v-grand_brix_shooter_v196608.r03	-	50000000	1	150005752	0	145
v-grand_brix_shooter_v196608.r04	-	50000000	1	200005752	0	193
v-grand_brix_shooter_v196608.r05	-	50000000	1	250005752	0	241
v-grand_brix_shooter_v196608.r06	-	50000000	1	300005752	0	289
v-grand_brix_shooter_v196608.r07	-	50000000	1	350005752	0	337
v-grand_brix_shooter_v196608.r08	-	50000000	1	400005752	0	385
v-grand_brix_shooter_v196608.r09	-	50000000	1	450005752	0	433
v-grand_brix_shooter_v196608.r10	-	50000000	1	500005752	0	481
v-grand_brix_shooter_v196608.r11	-	50000000	1	12251264	1	12
v-grand_brix_shooter_v196608.r12	-	50000000	1	62251264	1	60
v-grand_brix_shooter_v196608.r13	-	50000000	1	112251264	1	108
v-grand_brix_shooter_v196608.r14	-	50000000	1	162251264	1	156
v-grand_brix_shooter_v196608.r15	-	50000000	1	212251264	1	204
v-grand_brix_shooter_v196608.r16	-	50000000	1	262251264	1	252
v-grand_brix_shooter_v196608.r17	-	50000000	1	312251264	1	300
v-grand_brix_shooter_v196608.r18	-	50000000	1	362251264	1	348
v-grand_brix_shooter_v196608.r19	-	50000000	1	412251264	1	396
v-grand_brix_shooter_v196608.r20	-	50000000	1	462251264	1	444
v-grand_brix_shooter_v196608.r21	-	50000000	1	512251264	1	492
v-grand_brix_shooter_v196608.r22	-	45901064	1	24834176	2	24
v-grand_brix_shooter_v196608.rar	-	50000000	1	70735240	2	68
v-grand_brix_shooter_v196608.sfv	-	1032	1	120735240	2	116
