sxs-road_96_v131072.nfo	-	5900	1	0	0	0
sxs-road_96_v131072.r00	-	50000000	1	5900	0	1
sxs-road_96_v131072.r01	-	50000000	1	50005900	0	49
sxs-road_96_v131072.r02	-	50000000	1	100005900	0	97
sxs-road_96_v131072.r03	-	50000000	1	150005900	0	145
sxs-road_96_v131072.r04	-	50000000	1	200005900	0	193
sxs-road_96_v131072.r05	-	50000000	1	250005900	0	241
sxs-road_96_v131072.r06	-	50000000	1	300005900	0	289
sxs-road_96_v131072.r07	-	50000000	1	350005900	0	337
sxs-road_96_v131072.r08	-	50000000	1	400005900	0	385
sxs-road_96_v131072.r09	-	50000000	1	450005900	0	433
sxs-road_96_v131072.r10	-	50000000	1	500005900	0	481
sxs-road_96_v131072.r11	-	50000000	1	12251264	1	12
sxs-road_96_v131072.r12	-	43746767	1	62251264	1	60
sxs-road_96_v131072.rar	-	50000000	1	105998031	1	102
sxs-road_96_v131072.sfv	-	476	1	155998031	1	150
