hr-aw3ha.nfo	-	11339	1	0	0	0
hr-aw3ha.r00	-	100000000	1	11339	0	1
hr-aw3ha.r01	-	100000000	1	100011339	0	97
hr-aw3ha.r02	-	100000000	1	200011339	0	193
hr-aw3ha.r03	-	100000000	1	300011339	0	289
hr-aw3ha.r04	-	100000000	1	400011339	0	385
hr-aw3ha.r05	-	100000000	1	500011339	0	481
hr-aw3ha.r06	-	100000000	1	62251264	1	60
hr-aw3ha.r07	-	100000000	1	162251264	1	156
hr-aw3ha.r08	-	100000000	1	262251264	1	252
hr-aw3ha.r09	-	100000000	1	362251264	1	348
hr-aw3ha.r10	-	100000000	1	462251264	1	444
hr-aw3ha.r11	-	100000000	1	24502528	2	24
hr-aw3ha.r12	-	100000000	1	124502528	2	120
hr-aw3ha.r13	-	100000000	1	224502528	2	216
hr-aw3ha.r14	-	100000000	1	324502528	2	312
hr-aw3ha.r15	-	100000000	1	424502528	2	408
hr-aw3ha.r16	-	100000000	1	524502528	2	504
hr-aw3ha.r17	-	100000000	1	87417088	3	84
hr-aw3ha.r18	-	100000000	1	187417088	3	180
hr-aw3ha.r19	-	100000000	1	287417088	3	276
hr-aw3ha.r20	-	100000000	1	387417088	3	372
hr-aw3ha.r21	-	100000000	1	487417088	3	468
hr-aw3ha.r22	-	100000000	1	49668352	4	48
hr-aw3ha.r23	-	100000000	1	149668352	4	144
hr-aw3ha.r24	-	100000000	1	249668352	4	240
hr-aw3ha.r25	-	100000000	1	349668352	4	336
hr-aw3ha.r26	-	100000000	1	449668352	4	432
hr-aw3ha.r27	-	100000000	1	11919616	5	12
hr-aw3ha.r28	-	100000000	1	111919616	5	108
hr-aw3ha.r29	-	100000000	1	211919616	5	204
hr-aw3ha.r30	-	100000000	1	311919616	5	300
hr-aw3ha.r31	-	100000000	1	411919616	5	396
hr-aw3ha.r32	-	100000000	1	511919616	5	492
hr-aw3ha.r33	-	100000000	1	74834176	6	72
hr-aw3ha.r34	-	100000000	1	174834176	6	168
hr-aw3ha.r35	-	100000000	1	274834176	6	264
hr-aw3ha.r36	-	100000000	1	374834176	6	360
hr-aw3ha.r37	-	100000000	1	474834176	6	456
hr-aw3ha.r38	-	100000000	1	37085440	7	36
hr-aw3ha.r39	-	100000000	1	137085440	7	132
hr-aw3ha.r40	-	100000000	1	237085440	7	228
hr-aw3ha.r41	-	100000000	1	337085440	7	324
hr-aw3ha.r42	-	100000000	1	437085440	7	420
hr-aw3ha.r43	-	100000000	1	0	8	0
hr-aw3ha.r44	-	100000000	1	100000000	8	96
hr-aw3ha.r45	-	100000000	1	200000000	8	192
hr-aw3ha.r46	-	100000000	1	300000000	8	288
hr-aw3ha.r47	-	100000000	1	400000000	8	384
hr-aw3ha.r48	-	100000000	1	500000000	8	480
hr-aw3ha.r49	-	100000000	1	62251264	9	60
hr-aw3ha.r50	-	100000000	1	162251264	9	156
hr-aw3ha.r51	-	100000000	1	262251264	9	252
hr-aw3ha.r52	-	100000000	1	362251264	9	348
hr-aw3ha.r53	-	100000000	1	462251264	9	444
hr-aw3ha.r54	-	100000000	1	24502528	10	24
hr-aw3ha.r55	-	100000000	1	124502528	10	120
hr-aw3ha.r56	-	100000000	1	224502528	10	216
hr-aw3ha.r57	-	100000000	1	324502528	10	312
hr-aw3ha.r58	-	100000000	1	424502528	10	408
hr-aw3ha.r59	-	100000000	1	524502528	10	504
hr-aw3ha.r60	-	100000000	1	87417088	11	84
hr-aw3ha.r61	-	100000000	1	187417088	11	180
hr-aw3ha.r62	-	100000000	1	287417088	11	276
hr-aw3ha.r63	-	33669450	1	387417088	11	372
hr-aw3ha.rar	-	100000000	1	421086538	11	405
hr-aw3ha.sfv	-	1495	1	521086538	11	501
Proof	d	0	1	521088033	11	502
Proof/hr-aw3ha.jpg	-	3058061	1	521088033	11	502
