lfc-azbza.nfo	-	6097	1	0	0	0
lfc-azbza.r00	-	50000000	1	6097	0	1
lfc-azbza.r01	-	50000000	1	50006097	0	49
lfc-azbza.r02	-	50000000	1	100006097	0	97
lfc-azbza.r03	-	50000000	1	150006097	0	145
lfc-azbza.r04	-	50000000	1	200006097	0	193
lfc-azbza.r05	-	50000000	1	250006097	0	241
lfc-azbza.r06	-	50000000	1	300006097	0	289
lfc-azbza.r07	-	50000000	1	350006097	0	337
lfc-azbza.r08	-	50000000	1	400006097	0	385
lfc-azbza.r09	-	50000000	1	450006097	0	433
lfc-azbza.r10	-	50000000	1	500006097	0	481
lfc-azbza.r11	-	50000000	1	12251264	1	12
lfc-azbza.r12	-	16766693	1	62251264	1	60
lfc-azbza.rar	-	50000000	1	79017957	1	76
lfc-azbza.sfv	-	336	1	129017957	1	124
Proof	d	0	1	129018293	1	125
Proof/lfc-azbza.jpg	-	211334	1	129018293	1	125
