bbb-n-acc3a.nfo	-	5517	1	0	0	0
bbb-n-acc3a.part001.rar	-	250000000	1	5517	0	1
bbb-n-acc3a.part002.rar	-	250000000	1	250005517	0	240
bbb-n-acc3a.part003.rar	-	250000000	1	500005517	0	479
bbb-n-acc3a.part004.rar	-	250000000	1	212251264	1	203
bbb-n-acc3a.part005.rar	-	250000000	1	462251264	1	442
bbb-n-acc3a.part006.rar	-	250000000	1	174502528	2	167
bbb-n-acc3a.part007.rar	-	250000000	1	424502528	2	406
bbb-n-acc3a.part008.rar	-	250000000	1	136753792	3	131
bbb-n-acc3a.part009.rar	-	250000000	1	386753792	3	370
bbb-n-acc3a.part010.rar	-	250000000	1	99005056	4	95
bbb-n-acc3a.part011.rar	-	250000000	1	349005056	4	334
bbb-n-acc3a.part012.rar	-	250000000	1	61256320	5	59
bbb-n-acc3a.part013.rar	-	250000000	1	311256320	5	298
bbb-n-acc3a.part014.rar	-	250000000	1	23507584	6	23
bbb-n-acc3a.part015.rar	-	250000000	1	273507584	6	262
bbb-n-acc3a.part016.rar	-	250000000	1	523507584	6	501
bbb-n-acc3a.part017.rar	-	250000000	1	236368512	7	226
bbb-n-acc3a.part018.rar	-	250000000	1	486368512	7	465
bbb-n-acc3a.part019.rar	-	250000000	1	198619776	8	190
bbb-n-acc3a.part020.rar	-	250000000	1	448619776	8	429
bbb-n-acc3a.part021.rar	-	250000000	1	160871040	9	154
bbb-n-acc3a.part022.rar	-	250000000	1	410871040	9	393
bbb-n-acc3a.part023.rar	-	250000000	1	123122304	10	118
bbb-n-acc3a.part024.rar	-	250000000	1	373122304	10	357
bbb-n-acc3a.part025.rar	-	250000000	1	85373568	11	82
bbb-n-acc3a.part026.rar	-	250000000	1	335373568	11	321
bbb-n-acc3a.part027.rar	-	250000000	1	47624832	12	46
bbb-n-acc3a.part028.rar	-	250000000	1	297624832	12	285
bbb-n-acc3a.part029.rar	-	250000000	1	9876096	13	10
bbb-n-acc3a.part030.rar	-	250000000	1	259876096	13	249
bbb-n-acc3a.part031.rar	-	250000000	1	509876096	13	488
bbb-n-acc3a.part032.rar	-	250000000	1	222737024	14	213
bbb-n-acc3a.part033.rar	-	250000000	1	472737024	14	452
bbb-n-acc3a.part034.rar	-	250000000	1	184988288	15	177
bbb-n-acc3a.part035.rar	-	250000000	1	434988288	15	416
bbb-n-acc3a.part036.rar	-	250000000	1	147239552	16	141
bbb-n-acc3a.part037.rar	-	250000000	1	397239552	16	380
bbb-n-acc3a.part038.rar	-	250000000	1	109490816	17	105
bbb-n-acc3a.part039.rar	-	250000000	1	359490816	17	344
bbb-n-acc3a.part040.rar	-	250000000	1	71742080	18	69
bbb-n-acc3a.part041.rar	-	250000000	1	321742080	18	308
bbb-n-acc3a.part042.rar	-	250000000	1	33993344	19	33
bbb-n-acc3a.part043.rar	-	250000000	1	283993344	19	272
bbb-n-acc3a.part044.rar	-	250000000	1	533993344	19	511
bbb-n-acc3a.part045.rar	-	250000000	1	246854272	20	236
bbb-n-acc3a.part046.rar	-	250000000	1	496854272	20	475
bbb-n-acc3a.part047.rar	-	250000000	1	209105536	21	200
bbb-n-acc3a.part048.rar	-	250000000	1	459105536	21	439
bbb-n-acc3a.part049.rar	-	250000000	1	171356800	22	164
bbb-n-acc3a.part050.rar	-	250000000	1	421356800	22	403
bbb-n-acc3a.part051.rar	-	250000000	1	133608064	23	128
bbb-n-acc3a.part052.rar	-	250000000	1	383608064	23	367
bbb-n-acc3a.part053.rar	-	250000000	1	95859328	24	92
bbb-n-acc3a.part054.rar	-	250000000	1	345859328	24	331
bbb-n-acc3a.part055.rar	-	250000000	1	58110592	25	56
bbb-n-acc3a.part056.rar	-	250000000	1	308110592	25	295
bbb-n-acc3a.part057.rar	-	250000000	1	20361856	26	20
bbb-n-acc3a.part058.rar	-	250000000	1	270361856	26	259
bbb-n-acc3a.part059.rar	-	250000000	1	520361856	26	498
bbb-n-acc3a.part060.rar	-	250000000	1	233222784	27	223
bbb-n-acc3a.part061.rar	-	250000000	1	483222784	27	462
bbb-n-acc3a.part062.rar	-	250000000	1	195474048	28	187
bbb-n-acc3a.part063.rar	-	250000000	1	445474048	28	426
bbb-n-acc3a.part064.rar	-	250000000	1	157725312	29	151
bbb-n-acc3a.part065.rar	-	250000000	1	407725312	29	390
bbb-n-acc3a.part066.rar	-	250000000	1	119976576	30	115
bbb-n-acc3a.part067.rar	-	250000000	1	369976576	30	354
bbb-n-acc3a.part068.rar	-	250000000	1	82227840	31	79
bbb-n-acc3a.part069.rar	-	250000000	1	332227840	31	318
bbb-n-acc3a.part070.rar	-	250000000	1	44479104	32	43
bbb-n-acc3a.part071.rar	-	250000000	1	294479104	32	282
bbb-n-acc3a.part072.rar	-	250000000	1	6730368	33	7
bbb-n-acc3a.part073.rar	-	250000000	1	256730368	33	246
bbb-n-acc3a.part074.rar	-	250000000	1	506730368	33	485
bbb-n-acc3a.part075.rar	-	250000000	1	219591296	34	210
bbb-n-acc3a.part076.rar	-	250000000	1	469591296	34	449
bbb-n-acc3a.part077.rar	-	250000000	1	181842560	35	174
bbb-n-acc3a.part078.rar	-	250000000	1	431842560	35	413
bbb-n-acc3a.part079.rar	-	250000000	1	144093824	36	138
bbb-n-acc3a.part080.rar	-	250000000	1	394093824	36	377
bbb-n-acc3a.part081.rar	-	250000000	1	106345088	37	102
bbb-n-acc3a.part082.rar	-	250000000	1	356345088	37	341
bbb-n-acc3a.part083.rar	-	250000000	1	68596352	38	66
bbb-n-acc3a.part084.rar	-	250000000	1	318596352	38	305
bbb-n-acc3a.part085.rar	-	250000000	1	30847616	39	30
bbb-n-acc3a.part086.rar	-	250000000	1	280847616	39	269
bbb-n-acc3a.part087.rar	-	250000000	1	530847616	39	508
bbb-n-acc3a.part088.rar	-	250000000	1	243708544	40	233
bbb-n-acc3a.part089.rar	-	250000000	1	493708544	40	472
bbb-n-acc3a.part090.rar	-	250000000	1	205959808	41	197
bbb-n-acc3a.part091.rar	-	250000000	1	455959808	41	436
bbb-n-acc3a.part092.rar	-	250000000	1	168211072	42	161
bbb-n-acc3a.part093.rar	-	250000000	1	418211072	42	400
bbb-n-acc3a.part094.rar	-	250000000	1	130462336	43	125
bbb-n-acc3a.part095.rar	-	250000000	1	380462336	43	364
bbb-n-acc3a.part096.rar	-	250000000	1	92713600	44	89
bbb-n-acc3a.part097.rar	-	250000000	1	342713600	44	328
bbb-n-acc3a.part098.rar	-	250000000	1	54964864	45	53
bbb-n-acc3a.part099.rar	-	250000000	1	304964864	45	292
bbb-n-acc3a.part100.rar	-	250000000	1	17216128	46	17
bbb-n-acc3a.part101.rar	-	250000000	1	267216128	46	256
bbb-n-acc3a.part102.rar	-	168317430	1	517216128	46	495
bbb-n-acc3a.sfv	-	3468	1	148394486	47	142
