sxs-minecraft_v2228224.nfo	-	4418	1	0	0	0
sxs-minecraft_v2228224.r00	-	50000000	1	4418	0	1
sxs-minecraft_v2228224.r01	-	50000000	1	50004418	0	49
sxs-minecraft_v2228224.r02	-	50000000	1	100004418	0	97
sxs-minecraft_v2228224.r03	-	50000000	1	150004418	0	145
sxs-minecraft_v2228224.r04	-	50000000	1	200004418	0	193
sxs-minecraft_v2228224.r05	-	50000000	1	250004418	0	241
sxs-minecraft_v2228224.r06	-	50000000	1	300004418	0	289
sxs-minecraft_v2228224.r07	-	50000000	1	350004418	0	337
sxs-minecraft_v2228224.r08	-	50000000	1	400004418	0	385
sxs-minecraft_v2228224.r09	-	50000000	1	450004418	0	433
sxs-minecraft_v2228224.r10	-	50000000	1	500004418	0	481
sxs-minecraft_v2228224.r11	-	50000000	1	12251264	1	12
sxs-minecraft_v2228224.r12	-	50000000	1	62251264	1	60
sxs-minecraft_v2228224.r13	-	50000000	1	112251264	1	108
sxs-minecraft_v2228224.r14	-	41154098	1	162251264	1	156
sxs-minecraft_v2228224.rar	-	50000000	1	203405362	1	196
sxs-minecraft_v2228224.sfv	-	592	1	253405362	1	244
