v-nba19_v262144.nfo	-	5668	1	0	0	0
v-nba19_v262144.r00	-	300000000	1	5668	0	1
v-nba19_v262144.r01	-	300000000	1	300005668	0	288
v-nba19_v262144.r02	-	300000000	1	63021824	1	61
v-nba19_v262144.r03	-	300000000	1	363021824	1	348
v-nba19_v262144.r04	-	300000000	1	125936384	2	121
v-nba19_v262144.r05	-	300000000	1	425936384	2	408
v-nba19_v262144.r06	-	300000000	1	188850944	3	181
v-nba19_v262144.r07	-	300000000	1	488850944	3	468
v-nba19_v262144.r08	-	300000000	1	251765504	4	241
v-nba19_v262144.r09	-	300000000	1	14787328	5	15
v-nba19_v262144.r10	-	300000000	1	314787328	5	302
v-nba19_v262144.r11	-	300000000	1	77701888	6	75
v-nba19_v262144.r12	-	300000000	1	377701888	6	362
v-nba19_v262144.r13	-	300000000	1	140616448	7	135
v-nba19_v262144.r14	-	300000000	1	440616448	7	422
v-nba19_v262144.r15	-	300000000	1	203531008	8	195
v-nba19_v262144.r16	-	300000000	1	503531008	8	482
v-nba19_v262144.r17	-	300000000	1	266445568	9	255
v-nba19_v262144.r18	-	300000000	1	29467392	10	29
v-nba19_v262144.r19	-	300000000	1	329467392	10	316
v-nba19_v262144.r20	-	300000000	1	92381952	11	89
v-nba19_v262144.r21	-	300000000	1	392381952	11	376
v-nba19_v262144.r22	-	300000000	1	155296512	12	149
v-nba19_v262144.r23	-	300000000	1	455296512	12	436
v-nba19_v262144.r24	-	300000000	1	218211072	13	209
v-nba19_v262144.r25	-	300000000	1	518211072	13	496
v-nba19_v262144.r26	-	300000000	1	281125632	14	269
v-nba19_v262144.r27	-	300000000	1	44147456	15	43
v-nba19_v262144.r28	-	300000000	1	344147456	15	330
v-nba19_v262144.r29	-	300000000	1	107062016	16	103
v-nba19_v262144.r30	-	300000000	1	407062016	16	390
v-nba19_v262144.r31	-	300000000	1	169976576	17	163
v-nba19_v262144.r32	-	300000000	1	469976576	17	450
v-nba19_v262144.r33	-	300000000	1	232891136	18	223
v-nba19_v262144.r34	-	300000000	1	532891136	18	510
v-nba19_v262144.r35	-	300000000	1	295805696	19	283
v-nba19_v262144.r36	-	300000000	1	58827520	20	57
v-nba19_v262144.r37	-	300000000	1	358827520	20	344
v-nba19_v262144.r38	-	300000000	1	121742080	21	117
v-nba19_v262144.r39	-	300000000	1	421742080	21	404
v-nba19_v262144.r40	-	300000000	1	184656640	22	177
v-nba19_v262144.r41	-	300000000	1	484656640	22	464
v-nba19_v262144.r42	-	300000000	1	247571200	23	237
v-nba19_v262144.r43	-	300000000	1	10593024	24	11
v-nba19_v262144.r44	-	300000000	1	310593024	24	298
v-nba19_v262144.r45	-	300000000	1	73507584	25	71
v-nba19_v262144.r46	-	300000000	1	373507584	25	358
v-nba19_v262144.r47	-	300000000	1	136422144	26	131
v-nba19_v262144.r48	-	300000000	1	436422144	26	418
v-nba19_v262144.r49	-	300000000	1	199336704	27	191
v-nba19_v262144.r50	-	300000000	1	499336704	27	478
v-nba19_v262144.r51	-	300000000	1	262251264	28	251
v-nba19_v262144.r52	-	300000000	1	25273088	29	25
v-nba19_v262144.r53	-	300000000	1	325273088	29	312
v-nba19_v262144.r54	-	300000000	1	88187648	30	85
v-nba19_v262144.r55	-	300000000	1	388187648	30	372
v-nba19_v262144.r56	-	300000000	1	151102208	31	145
v-nba19_v262144.r57	-	300000000	1	451102208	31	432
v-nba19_v262144.r58	-	300000000	1	214016768	32	205
v-nba19_v262144.r59	-	300000000	1	514016768	32	492
v-nba19_v262144.r60	-	300000000	1	276931328	33	265
v-nba19_v262144.r61	-	300000000	1	39953152	34	39
v-nba19_v262144.r62	-	300000000	1	339953152	34	326
v-nba19_v262144.r63	-	300000000	1	102867712	35	99
v-nba19_v262144.r64	-	300000000	1	402867712	35	386
v-nba19_v262144.r65	-	300000000	1	165782272	36	159
v-nba19_v262144.r66	-	300000000	1	465782272	36	446
v-nba19_v262144.r67	-	300000000	1	228696832	37	219
v-nba19_v262144.r68	-	300000000	1	528696832	37	506
v-nba19_v262144.r69	-	300000000	1	291611392	38	279
v-nba19_v262144.r70	-	300000000	1	54633216	39	53
v-nba19_v262144.r71	-	300000000	1	354633216	39	340
v-nba19_v262144.r72	-	300000000	1	117547776	40	113
v-nba19_v262144.r73	-	300000000	1	417547776	40	400
v-nba19_v262144.r74	-	300000000	1	180462336	41	173
v-nba19_v262144.r75	-	300000000	1	480462336	41	460
v-nba19_v262144.r76	-	300000000	1	243376896	42	233
v-nba19_v262144.r77	-	300000000	1	6398720	43	7
v-nba19_v262144.r78	-	300000000	1	306398720	43	294
v-nba19_v262144.r79	-	300000000	1	69313280	44	67
v-nba19_v262144.r80	-	300000000	1	369313280	44	354
v-nba19_v262144.r81	-	300000000	1	132227840	45	127
v-nba19_v262144.r82	-	300000000	1	432227840	45	414
v-nba19_v262144.r83	-	300000000	1	195142400	46	187
v-nba19_v262144.r84	-	300000000	1	495142400	46	474
v-nba19_v262144.r85	-	300000000	1	258056960	47	247
v-nba19_v262144.r86	-	300000000	1	21078784	48	21
v-nba19_v262144.r87	-	300000000	1	321078784	48	308
v-nba19_v262144.r88	-	300000000	1	83993344	49	81
v-nba19_v262144.r89	-	300000000	1	383993344	49	368
v-nba19_v262144.r90	-	300000000	1	146907904	50	141
v-nba19_v262144.r91	-	300000000	1	446907904	50	428
v-nba19_v262144.r92	-	300000000	1	209822464	51	201
v-nba19_v262144.r93	-	300000000	1	509822464	51	488
v-nba19_v262144.r94	-	300000000	1	272737024	52	261
v-nba19_v262144.r95	-	300000000	1	35758848	53	35
v-nba19_v262144.r96	-	292036963	1	335758848	53	322
v-nba19_v262144.rar	-	300000000	1	90710371	54	87
v-nba19_v262144.sfv	-	2940	1	390710371	54	374
