v-chocobo_gp_v262144.nfo	-	5902	1	0	0	0
v-chocobo_gp_v262144.r00	-	50000000	1	5902	0	1
v-chocobo_gp_v262144.r01	-	50000000	1	50005902	0	49
v-chocobo_gp_v262144.r02	-	50000000	1	100005902	0	97
v-chocobo_gp_v262144.r03	-	50000000	1	150005902	0	145
v-chocobo_gp_v262144.r04	-	50000000	1	200005902	0	193
v-chocobo_gp_v262144.r05	-	50000000	1	250005902	0	241
v-chocobo_gp_v262144.r06	-	50000000	1	300005902	0	289
v-chocobo_gp_v262144.r07	-	50000000	1	350005902	0	337
v-chocobo_gp_v262144.r08	-	50000000	1	400005902	0	385
v-chocobo_gp_v262144.r09	-	50000000	1	450005902	0	433
v-chocobo_gp_v262144.r10	-	12184391	1	500005902	0	481
v-chocobo_gp_v262144.rar	-	50000000	1	512190293	0	493
v-chocobo_gp_v262144.sfv	-	420	1	24834176	1	24
