i-bitethebullet.nfo	-	1121	1	0	0	0
i-bitethebullet.r00	-	50000000	1	1121	0	1
i-bitethebullet.r01	-	50000000	1	50001121	0	49
i-bitethebullet.r02	-	50000000	1	100001121	0	97
i-bitethebullet.r03	-	50000000	1	150001121	0	145
i-bitethebullet.r04	-	50000000	1	200001121	0	193
i-bitethebullet.r05	-	50000000	1	250001121	0	241
i-bitethebullet.r06	-	50000000	1	300001121	0	289
i-bitethebullet.r07	-	50000000	1	350001121	0	337
i-bitethebullet.r08	-	50000000	1	400001121	0	385
i-bitethebullet.r09	-	50000000	1	450001121	0	433
i-bitethebullet.r10	-	50000000	1	500001121	0	481
i-bitethebullet.r11	-	50000000	1	12251264	1	12
i-bitethebullet.r12	-	50000000	1	62251264	1	60
i-bitethebullet.r13	-	50000000	1	112251264	1	108
i-bitethebullet.r14	-	50000000	1	162251264	1	156
i-bitethebullet.r15	-	50000000	1	212251264	1	204
i-bitethebullet.r16	-	50000000	1	262251264	1	252
i-bitethebullet.r17	-	50000000	1	312251264	1	300
i-bitethebullet.r18	-	50000000	1	362251264	1	348
i-bitethebullet.r19	-	50000000	1	412251264	1	396
i-bitethebullet.r20	-	50000000	1	462251264	1	444
i-bitethebullet.r21	-	50000000	1	512251264	1	492
i-bitethebullet.r22	-	50000000	1	24834176	2	24
i-bitethebullet.r23	-	50000000	1	74834176	2	72
i-bitethebullet.r24	-	50000000	1	124834176	2	120
i-bitethebullet.r25	-	50000000	1	174834176	2	168
i-bitethebullet.r26	-	50000000	1	224834176	2	216
i-bitethebullet.r27	-	50000000	1	274834176	2	264
i-bitethebullet.r28	-	50000000	1	324834176	2	312
i-bitethebullet.r29	-	50000000	1	374834176	2	360
i-bitethebullet.r30	-	50000000	1	424834176	2	408
i-bitethebullet.r31	-	50000000	1	474834176	2	456
i-bitethebullet.r32	-	50000000	1	524834176	2	504
i-bitethebullet.r33	-	50000000	1	37417088	3	36
i-bitethebullet.r34	-	50000000	1	87417088	3	84
i-bitethebullet.r35	-	50000000	1	137417088	3	132
i-bitethebullet.r36	-	50000000	1	187417088	3	180
i-bitethebullet.r37	-	50000000	1	237417088	3	228
i-bitethebullet.r38	-	50000000	1	287417088	3	276
i-bitethebullet.r39	-	50000000	1	337417088	3	324
i-bitethebullet.r40	-	50000000	1	387417088	3	372
i-bitethebullet.r41	-	50000000	1	437417088	3	420
i-bitethebullet.r42	-	50000000	1	487417088	3	468
i-bitethebullet.r43	-	50000000	1	0	4	0
i-bitethebullet.r44	-	50000000	1	50000000	4	48
i-bitethebullet.r45	-	50000000	1	100000000	4	96
i-bitethebullet.r46	-	50000000	1	150000000	4	144
i-bitethebullet.r47	-	50000000	1	200000000	4	192
i-bitethebullet.r48	-	50000000	1	250000000	4	240
i-bitethebullet.r49	-	50000000	1	300000000	4	288
i-bitethebullet.r50	-	50000000	1	350000000	4	336
i-bitethebullet.r51	-	18673278	1	400000000	4	384
i-bitethebullet.rar	-	50000000	1	418673278	4	402
i-bitethebullet.sfv	-	1590	1	468673278	4	450
