sxs-no_mans_sky_v1114112.nfo	-	7226	1	0	0	0
sxs-no_mans_sky_v1114112.r00	-	100000000	1	7226	0	1
sxs-no_mans_sky_v1114112.r01	-	100000000	1	100007226	0	97
sxs-no_mans_sky_v1114112.r02	-	100000000	1	200007226	0	193
sxs-no_mans_sky_v1114112.r03	-	100000000	1	300007226	0	289
sxs-no_mans_sky_v1114112.r04	-	100000000	1	400007226	0	385
sxs-no_mans_sky_v1114112.r05	-	100000000	1	500007226	0	481
sxs-no_mans_sky_v1114112.r06	-	100000000	1	62251264	1	60
sxs-no_mans_sky_v1114112.r07	-	100000000	1	162251264	1	156
sxs-no_mans_sky_v1114112.r08	-	100000000	1	262251264	1	252
sxs-no_mans_sky_v1114112.r09	-	100000000	1	362251264	1	348
sxs-no_mans_sky_v1114112.r10	-	100000000	1	462251264	1	444
sxs-no_mans_sky_v1114112.r11	-	100000000	1	24502528	2	24
sxs-no_mans_sky_v1114112.r12	-	100000000	1	124502528	2	120
sxs-no_mans_sky_v1114112.r13	-	100000000	1	224502528	2	216
sxs-no_mans_sky_v1114112.r14	-	100000000	1	324502528	2	312
sxs-no_mans_sky_v1114112.r15	-	100000000	1	424502528	2	408
sxs-no_mans_sky_v1114112.r16	-	100000000	1	524502528	2	504
sxs-no_mans_sky_v1114112.r17	-	100000000	1	87417088	3	84
sxs-no_mans_sky_v1114112.r18	-	100000000	1	187417088	3	180
sxs-no_mans_sky_v1114112.r19	-	100000000	1	287417088	3	276
sxs-no_mans_sky_v1114112.r20	-	100000000	1	387417088	3	372
sxs-no_mans_sky_v1114112.r21	-	100000000	1	487417088	3	468
sxs-no_mans_sky_v1114112.r22	-	100000000	1	49668352	4	48
sxs-no_mans_sky_v1114112.r23	-	100000000	1	149668352	4	144
sxs-no_mans_sky_v1114112.r24	-	100000000	1	249668352	4	240
sxs-no_mans_sky_v1114112.r25	-	100000000	1	349668352	4	336
sxs-no_mans_sky_v1114112.r26	-	100000000	1	449668352	4	432
sxs-no_mans_sky_v1114112.r27	-	100000000	1	11919616	5	12
sxs-no_mans_sky_v1114112.r28	-	100000000	1	111919616	5	108
sxs-no_mans_sky_v1114112.r29	-	100000000	1	211919616	5	204
sxs-no_mans_sky_v1114112.r30	-	100000000	1	311919616	5	300
sxs-no_mans_sky_v1114112.r31	-	100000000	1	411919616	5	396
sxs-no_mans_sky_v1114112.r32	-	100000000	1	511919616	5	492
sxs-no_mans_sky_v1114112.r33	-	100000000	1	74834176	6	72
sxs-no_mans_sky_v1114112.r34	-	24897331	1	174834176	6	168
sxs-no_mans_sky_v1114112.rar	-	100000000	1	199731507	6	192
sxs-no_mans_sky_v1114112.sfv	-	1404	1	299731507	6	288
