v-wargroove_2_v262144.nfo	-	6604	1	0	0	0
v-wargroove_2_v262144.r00	-	100000000	1	6604	0	1
v-wargroove_2_v262144.r01	-	100000000	1	100006604	0	97
v-wargroove_2_v262144.r02	-	100000000	1	200006604	0	193
v-wargroove_2_v262144.r03	-	100000000	1	300006604	0	289
v-wargroove_2_v262144.r04	-	100000000	1	400006604	0	385
v-wargroove_2_v262144.r05	-	100000000	1	500006604	0	481
v-wargroove_2_v262144.r06	-	100000000	1	62251264	1	60
v-wargroove_2_v262144.r07	-	87417546	1	162251264	1	156
v-wargroove_2_v262144.rar	-	100000000	1	249668810	1	240
v-wargroove_2_v262144.sfv	-	324	1	349668810	1	336
