bbb-h-aaaaa2.nfo	-	5517	1	0	0	0
bbb-h-aaaaa2.part01.rar	-	250000000	1	5517	0	1
bbb-h-aaaaa2.part02.rar	-	250000000	1	250005517	0	240
bbb-h-aaaaa2.part03.rar	-	250000000	1	500005517	0	479
bbb-h-aaaaa2.part04.rar	-	250000000	1	212251264	1	203
bbb-h-aaaaa2.part05.rar	-	250000000	1	462251264	1	442
bbb-h-aaaaa2.part06.rar	-	250000000	1	174502528	2	167
bbb-h-aaaaa2.part07.rar	-	250000000	1	424502528	2	406
bbb-h-aaaaa2.part08.rar	-	250000000	1	136753792	3	131
bbb-h-aaaaa2.part09.rar	-	250000000	1	386753792	3	370
bbb-h-aaaaa2.part10.rar	-	250000000	1	99005056	4	95
bbb-h-aaaaa2.part11.rar	-	250000000	1	349005056	4	334
bbb-h-aaaaa2.part12.rar	-	250000000	1	61256320	5	59
bbb-h-aaaaa2.part13.rar	-	250000000	1	311256320	5	298
bbb-h-aaaaa2.part14.rar	-	250000000	1	23507584	6	23
bbb-h-aaaaa2.part15.rar	-	250000000	1	273507584	6	262
bbb-h-aaaaa2.part16.rar	-	250000000	1	523507584	6	501
bbb-h-aaaaa2.part17.rar	-	250000000	1	236368512	7	226
bbb-h-aaaaa2.part18.rar	-	250000000	1	486368512	7	465
bbb-h-aaaaa2.part19.rar	-	250000000	1	198619776	8	190
bbb-h-aaaaa2.part20.rar	-	250000000	1	448619776	8	429
bbb-h-aaaaa2.part21.rar	-	250000000	1	160871040	9	154
bbb-h-aaaaa2.part22.rar	-	250000000	1	410871040	9	393
bbb-h-aaaaa2.part23.rar	-	250000000	1	123122304	10	118
bbb-h-aaaaa2.part24.rar	-	250000000	1	373122304	10	357
bbb-h-aaaaa2.part25.rar	-	250000000	1	85373568	11	82
bbb-h-aaaaa2.part26.rar	-	250000000	1	335373568	11	321
bbb-h-aaaaa2.part27.rar	-	250000000	1	47624832	12	46
bbb-h-aaaaa2.part28.rar	-	250000000	1	297624832	12	285
bbb-h-aaaaa2.part29.rar	-	250000000	1	9876096	13	10
bbb-h-aaaaa2.part30.rar	-	250000000	1	259876096	13	249
bbb-h-aaaaa2.part31.rar	-	250000000	1	509876096	13	488
bbb-h-aaaaa2.part32.rar	-	250000000	1	222737024	14	213
bbb-h-aaaaa2.part33.rar	-	250000000	1	472737024	14	452
bbb-h-aaaaa2.part34.rar	-	250000000	1	184988288	15	177
bbb-h-aaaaa2.part35.rar	-	250000000	1	434988288	15	416
bbb-h-aaaaa2.part36.rar	-	250000000	1	147239552	16	141
bbb-h-aaaaa2.part37.rar	-	250000000	1	397239552	16	380
bbb-h-aaaaa2.part38.rar	-	250000000	1	109490816	17	105
bbb-h-aaaaa2.part39.rar	-	250000000	1	359490816	17	344
bbb-h-aaaaa2.part40.rar	-	250000000	1	71742080	18	69
bbb-h-aaaaa2.part41.rar	-	250000000	1	321742080	18	308
bbb-h-aaaaa2.part42.rar	-	250000000	1	33993344	19	33
bbb-h-aaaaa2.part43.rar	-	250000000	1	283993344	19	272
bbb-h-aaaaa2.part44.rar	-	250000000	1	533993344	19	511
bbb-h-aaaaa2.part45.rar	-	250000000	1	246854272	20	236
bbb-h-aaaaa2.part46.rar	-	250000000	1	496854272	20	475
bbb-h-aaaaa2.part47.rar	-	250000000	1	209105536	21	200
bbb-h-aaaaa2.part48.rar	-	250000000	1	459105536	21	439
bbb-h-aaaaa2.part49.rar	-	250000000	1	171356800	22	164
bbb-h-aaaaa2.part50.rar	-	250000000	1	421356800	22	403
bbb-h-aaaaa2.part51.rar	-	250000000	1	133608064	23	128
bbb-h-aaaaa2.part52.rar	-	250000000	1	383608064	23	367
bbb-h-aaaaa2.part53.rar	-	250000000	1	95859328	24	92
bbb-h-aaaaa2.part54.rar	-	250000000	1	345859328	24	331
bbb-h-aaaaa2.part55.rar	-	250000000	1	58110592	25	56
bbb-h-aaaaa2.part56.rar	-	250000000	1	308110592	25	295
bbb-h-aaaaa2.part57.rar	-	250000000	1	20361856	26	20
bbb-h-aaaaa2.part58.rar	-	250000000	1	270361856	26	259
bbb-h-aaaaa2.part59.rar	-	250000000	1	520361856	26	498
bbb-h-aaaaa2.part60.rar	-	250000000	1	233222784	27	223
bbb-h-aaaaa2.part61.rar	-	250000000	1	483222784	27	462
bbb-h-aaaaa2.part62.rar	-	250000000	1	195474048	28	187
bbb-h-aaaaa2.part63.rar	-	250000000	1	445474048	28	426
bbb-h-aaaaa2.part64.rar	-	15048204	1	157725312	29	151
bbb-h-aaaaa2.sfv	-	2176	1	172773516	29	166
