v-orten_was_the_case_v131072.nfo	-	6448	1	0	0	0
v-orten_was_the_case_v131072.r00	-	100000000	1	6448	0	1
v-orten_was_the_case_v131072.r01	-	100000000	1	100006448	0	97
v-orten_was_the_case_v131072.r02	-	100000000	1	200006448	0	193
v-orten_was_the_case_v131072.r03	-	100000000	1	300006448	0	289
v-orten_was_the_case_v131072.r04	-	100000000	1	400006448	0	385
v-orten_was_the_case_v131072.r05	-	100000000	1	500006448	0	481
v-orten_was_the_case_v131072.r06	-	100000000	1	62251264	1	60
v-orten_was_the_case_v131072.r07	-	92587400	1	162251264	1	156
v-orten_was_the_case_v131072.rar	-	100000000	1	254838664	1	245
v-orten_was_the_case_v131072.sfv	-	387	1	354838664	1	341
