sxs-wayward_strand_v131072.nfo	-	7928	1	0	0	0
sxs-wayward_strand_v131072.r00	-	50000000	1	7928	0	1
sxs-wayward_strand_v131072.r01	-	50000000	1	50007928	0	49
sxs-wayward_strand_v131072.r02	-	50000000	1	100007928	0	97
sxs-wayward_strand_v131072.r03	-	50000000	1	150007928	0	145
sxs-wayward_strand_v131072.r04	-	50000000	1	200007928	0	193
sxs-wayward_strand_v131072.r05	-	50000000	1	250007928	0	241
sxs-wayward_strand_v131072.r06	-	50000000	1	300007928	0	289
sxs-wayward_strand_v131072.r07	-	50000000	1	350007928	0	337
sxs-wayward_strand_v131072.r08	-	50000000	1	400007928	0	385
sxs-wayward_strand_v131072.r09	-	50000000	1	450007928	0	433
sxs-wayward_strand_v131072.r10	-	50000000	1	500007928	0	481
sxs-wayward_strand_v131072.r11	-	50000000	1	12251264	1	12
sxs-wayward_strand_v131072.r12	-	50000000	1	62251264	1	60
sxs-wayward_strand_v131072.r13	-	50000000	1	112251264	1	108
sxs-wayward_strand_v131072.r14	-	50000000	1	162251264	1	156
sxs-wayward_strand_v131072.r15	-	50000000	1	212251264	1	204
sxs-wayward_strand_v131072.r16	-	37405231	1	262251264	1	252
sxs-wayward_strand_v131072.rar	-	50000000	1	299656495	1	288
sxs-wayward_strand_v131072.sfv	-	738	1	349656495	1	336
