hr-bbq6a.nfo	-	43404	1	0	0	0
hr-bbq6a.r00	-	50000000	1	43404	0	1
hr-bbq6a.r01	-	50000000	1	50043404	0	49
hr-bbq6a.r02	-	50000000	1	100043404	0	97
hr-bbq6a.r03	-	50000000	1	150043404	0	145
hr-bbq6a.r04	-	50000000	1	200043404	0	193
hr-bbq6a.r05	-	50000000	1	250043404	0	241
hr-bbq6a.r06	-	50000000	1	300043404	0	289
hr-bbq6a.r07	-	50000000	1	350043404	0	337
hr-bbq6a.r08	-	50000000	1	400043404	0	385
hr-bbq6a.r09	-	50000000	1	450043404	0	433
hr-bbq6a.r10	-	50000000	1	500043404	0	481
hr-bbq6a.r11	-	50000000	1	12251264	1	12
hr-bbq6a.r12	-	50000000	1	62251264	1	60
hr-bbq6a.r13	-	50000000	1	112251264	1	108
hr-bbq6a.r14	-	50000000	1	162251264	1	156
hr-bbq6a.r15	-	50000000	1	212251264	1	204
hr-bbq6a.r16	-	50000000	1	262251264	1	252
hr-bbq6a.r17	-	50000000	1	312251264	1	300
hr-bbq6a.r18	-	50000000	1	362251264	1	348
hr-bbq6a.r19	-	50000000	1	412251264	1	396
hr-bbq6a.r20	-	50000000	1	462251264	1	444
hr-bbq6a.r21	-	50000000	1	512251264	1	492
hr-bbq6a.r22	-	50000000	1	24834176	2	24
hr-bbq6a.r23	-	50000000	1	74834176	2	72
hr-bbq6a.r24	-	50000000	1	124834176	2	120
hr-bbq6a.r25	-	50000000	1	174834176	2	168
hr-bbq6a.r26	-	50000000	1	224834176	2	216
hr-bbq6a.r27	-	50000000	1	274834176	2	264
hr-bbq6a.r28	-	50000000	1	324834176	2	312
hr-bbq6a.r29	-	50000000	1	374834176	2	360
hr-bbq6a.r30	-	50000000	1	424834176	2	408
hr-bbq6a.r31	-	50000000	1	474834176	2	456
hr-bbq6a.r32	-	50000000	1	524834176	2	504
hr-bbq6a.r33	-	50000000	1	37417088	3	36
hr-bbq6a.r34	-	50000000	1	87417088	3	84
hr-bbq6a.r35	-	50000000	1	137417088	3	132
hr-bbq6a.r36	-	40080126	1	187417088	3	180
hr-bbq6a.rar	-	50000000	1	227497214	3	219
hr-bbq6a.sfv	-	874	1	277497214	3	267
Proof	d	0	1	277498088	3	268
Proof/hr-bbq6a.jpg	-	3355089	1	277498088	3	268
