v-nexomon_extinction_v393216.nfo	-	6214	1	0	0	0
v-nexomon_extinction_v393216.r00	-	50000000	1	6214	0	1
v-nexomon_extinction_v393216.r01	-	50000000	1	50006214	0	49
v-nexomon_extinction_v393216.r02	-	50000000	1	100006214	0	97
v-nexomon_extinction_v393216.r03	-	50000000	1	150006214	0	145
v-nexomon_extinction_v393216.r04	-	50000000	1	200006214	0	193
v-nexomon_extinction_v393216.r05	-	50000000	1	250006214	0	241
v-nexomon_extinction_v393216.r06	-	50000000	1	300006214	0	289
v-nexomon_extinction_v393216.r07	-	50000000	1	350006214	0	337
v-nexomon_extinction_v393216.r08	-	50000000	1	400006214	0	385
v-nexomon_extinction_v393216.r09	-	50000000	1	450006214	0	433
v-nexomon_extinction_v393216.r10	-	50000000	1	500006214	0	481
v-nexomon_extinction_v393216.r11	-	42471738	1	12251264	1	12
v-nexomon_extinction_v393216.rar	-	50000000	1	54723002	1	53
v-nexomon_extinction_v393216.sfv	-	559	1	104723002	1	101
