Proof	d	0	1	0	0	0
Proof/v-sdbhwm.jpg	-	93756	1	0	0	0
v-sdbhwm.nfo	-	5434	1	93756	0	1
v-sdbhwm.r00	-	150000000	1	99190	0	2
v-sdbhwm.r01	-	150000000	1	150099190	0	146
v-sdbhwm.r02	-	150000000	1	300099190	0	290
v-sdbhwm.r03	-	150000000	1	450099190	0	434
v-sdbhwm.r04	-	150000000	1	62968192	1	61
v-sdbhwm.r05	-	150000000	1	212968192	1	205
v-sdbhwm.r06	-	150000000	1	362968192	1	349
v-sdbhwm.r07	-	150000000	1	512968192	1	493
v-sdbhwm.r08	-	150000000	1	125882752	2	121
v-sdbhwm.r09	-	150000000	1	275882752	2	265
v-sdbhwm.r10	-	150000000	1	425882752	2	409
v-sdbhwm.r11	-	150000000	1	38850944	3	38
v-sdbhwm.r12	-	150000000	1	188850944	3	182
v-sdbhwm.r13	-	150000000	1	338850944	3	326
v-sdbhwm.r14	-	150000000	1	488850944	3	470
v-sdbhwm.r15	-	150000000	1	101765504	4	98
v-sdbhwm.r16	-	150000000	1	251765504	4	242
v-sdbhwm.r17	-	150000000	1	401765504	4	386
v-sdbhwm.r18	-	150000000	1	14733696	5	15
v-sdbhwm.r19	-	150000000	1	164733696	5	159
v-sdbhwm.r20	-	150000000	1	314733696	5	303
v-sdbhwm.r21	-	150000000	1	464733696	5	447
v-sdbhwm.r22	-	150000000	1	77648256	6	75
v-sdbhwm.r23	-	150000000	1	227648256	6	219
v-sdbhwm.r24	-	150000000	1	377648256	6	363
v-sdbhwm.r25	-	150000000	1	527648256	6	507
v-sdbhwm.r26	-	150000000	1	140562816	7	135
v-sdbhwm.r27	-	150000000	1	290562816	7	279
v-sdbhwm.r28	-	150000000	1	440562816	7	423
v-sdbhwm.r29	-	150000000	1	53531008	8	52
v-sdbhwm.r30	-	150000000	1	203531008	8	196
v-sdbhwm.r31	-	150000000	1	353531008	8	340
v-sdbhwm.r32	-	150000000	1	503531008	8	484
v-sdbhwm.r33	-	150000000	1	116445568	9	112
v-sdbhwm.r34	-	150000000	1	266445568	9	256
v-sdbhwm.r35	-	150000000	1	416445568	9	400
v-sdbhwm.r36	-	150000000	1	29413760	10	29
v-sdbhwm.r37	-	150000000	1	179413760	10	173
v-sdbhwm.r38	-	150000000	1	329413760	10	317
v-sdbhwm.r39	-	150000000	1	479413760	10	461
v-sdbhwm.r40	-	150000000	1	92328320	11	89
v-sdbhwm.r41	-	150000000	1	242328320	11	233
v-sdbhwm.r42	-	150000000	1	392328320	11	377
v-sdbhwm.r43	-	150000000	1	5296512	12	6
v-sdbhwm.r44	-	150000000	1	155296512	12	150
v-sdbhwm.r45	-	150000000	1	305296512	12	294
v-sdbhwm.r46	-	150000000	1	455296512	12	438
v-sdbhwm.r47	-	150000000	1	68211072	13	66
v-sdbhwm.r48	-	150000000	1	218211072	13	210
v-sdbhwm.r49	-	150000000	1	368211072	13	354
v-sdbhwm.r50	-	150000000	1	518211072	13	498
v-sdbhwm.r51	-	150000000	1	131125632	14	126
v-sdbhwm.r52	-	150000000	1	281125632	14	270
v-sdbhwm.r53	-	150000000	1	431125632	14	414
v-sdbhwm.r54	-	150000000	1	44093824	15	43
v-sdbhwm.r55	-	150000000	1	194093824	15	187
v-sdbhwm.r56	-	150000000	1	344093824	15	331
v-sdbhwm.r57	-	150000000	1	494093824	15	475
v-sdbhwm.r58	-	150000000	1	107008384	16	103
v-sdbhwm.r59	-	150000000	1	257008384	16	247
v-sdbhwm.r60	-	150000000	1	407008384	16	391
v-sdbhwm.r61	-	150000000	1	19976576	17	20
v-sdbhwm.r62	-	150000000	1	169976576	17	164
v-sdbhwm.r63	-	150000000	1	319976576	17	308
v-sdbhwm.r64	-	150000000	1	469976576	17	452
v-sdbhwm.r65	-	150000000	1	82891136	18	80
v-sdbhwm.r66	-	150000000	1	232891136	18	224
v-sdbhwm.r67	-	150000000	1	382891136	18	368
v-sdbhwm.r68	-	150000000	1	532891136	18	512
v-sdbhwm.r69	-	16399782	1	145805696	19	140
v-sdbhwm.rar	-	150000000	1	162205478	19	156
v-sdbhwm.sfv	-	1633	1	312205478	19	300
