sxs-pokemon_sword_v393216.nfo	-	5370	1	0	0	0
sxs-pokemon_sword_v393216.r00	-	50000000	1	5370	0	1
sxs-pokemon_sword_v393216.r01	-	50000000	1	50005370	0	49
sxs-pokemon_sword_v393216.r02	-	50000000	1	100005370	0	97
sxs-pokemon_sword_v393216.r03	-	50000000	1	150005370	0	145
sxs-pokemon_sword_v393216.r04	-	50000000	1	200005370	0	193
sxs-pokemon_sword_v393216.r05	-	50000000	1	250005370	0	241
sxs-pokemon_sword_v393216.r06	-	50000000	1	300005370	0	289
sxs-pokemon_sword_v393216.r07	-	50000000	1	350005370	0	337
sxs-pokemon_sword_v393216.r08	-	50000000	1	400005370	0	385
sxs-pokemon_sword_v393216.r09	-	50000000	1	450005370	0	433
sxs-pokemon_sword_v393216.r10	-	50000000	1	500005370	0	481
sxs-pokemon_sword_v393216.r11	-	50000000	1	12251264	1	12
sxs-pokemon_sword_v393216.r12	-	50000000	1	62251264	1	60
sxs-pokemon_sword_v393216.r13	-	50000000	1	112251264	1	108
sxs-pokemon_sword_v393216.r14	-	50000000	1	162251264	1	156
sxs-pokemon_sword_v393216.r15	-	50000000	1	212251264	1	204
sxs-pokemon_sword_v393216.r16	-	50000000	1	262251264	1	252
sxs-pokemon_sword_v393216.r17	-	50000000	1	312251264	1	300
sxs-pokemon_sword_v393216.r18	-	50000000	1	362251264	1	348
sxs-pokemon_sword_v393216.r19	-	50000000	1	412251264	1	396
sxs-pokemon_sword_v393216.r20	-	50000000	1	462251264	1	444
sxs-pokemon_sword_v393216.r21	-	50000000	1	512251264	1	492
sxs-pokemon_sword_v393216.r22	-	50000000	1	24834176	2	24
sxs-pokemon_sword_v393216.r23	-	50000000	1	74834176	2	72
sxs-pokemon_sword_v393216.r24	-	50000000	1	124834176	2	120
sxs-pokemon_sword_v393216.r25	-	50000000	1	174834176	2	168
sxs-pokemon_sword_v393216.r26	-	50000000	1	224834176	2	216
sxs-pokemon_sword_v393216.r27	-	50000000	1	274834176	2	264
sxs-pokemon_sword_v393216.r28	-	50000000	1	324834176	2	312
sxs-pokemon_sword_v393216.r29	-	50000000	1	374834176	2	360
sxs-pokemon_sword_v393216.r30	-	50000000	1	424834176	2	408
sxs-pokemon_sword_v393216.r31	-	50000000	1	474834176	2	456
sxs-pokemon_sword_v393216.r32	-	50000000	1	524834176	2	504
sxs-pokemon_sword_v393216.r33	-	50000000	1	37417088	3	36
sxs-pokemon_sword_v393216.r34	-	50000000	1	87417088	3	84
sxs-pokemon_sword_v393216.r35	-	50000000	1	137417088	3	132
sxs-pokemon_sword_v393216.r36	-	50000000	1	187417088	3	180
sxs-pokemon_sword_v393216.r37	-	50000000	1	237417088	3	228
sxs-pokemon_sword_v393216.r38	-	50000000	1	287417088	3	276
sxs-pokemon_sword_v393216.r39	-	50000000	1	337417088	3	324
sxs-pokemon_sword_v393216.r40	-	50000000	1	387417088	3	372
sxs-pokemon_sword_v393216.r41	-	50000000	1	437417088	3	420
sxs-pokemon_sword_v393216.r42	-	50000000	1	487417088	3	468
sxs-pokemon_sword_v393216.r43	-	50000000	1	0	4	0
sxs-pokemon_sword_v393216.r44	-	50000000	1	50000000	4	48
sxs-pokemon_sword_v393216.r45	-	50000000	1	100000000	4	96
sxs-pokemon_sword_v393216.r46	-	50000000	1	150000000	4	144
sxs-pokemon_sword_v393216.r47	-	50000000	1	200000000	4	192
sxs-pokemon_sword_v393216.r48	-	50000000	1	250000000	4	240
sxs-pokemon_sword_v393216.r49	-	50000000	1	300000000	4	288
sxs-pokemon_sword_v393216.r50	-	50000000	1	350000000	4	336
sxs-pokemon_sword_v393216.r51	-	50000000	1	400000000	4	384
sxs-pokemon_sword_v393216.r52	-	50000000	1	450000000	4	432
sxs-pokemon_sword_v393216.r53	-	50000000	1	500000000	4	480
sxs-pokemon_sword_v393216.r54	-	50000000	1	12251264	5	12
sxs-pokemon_sword_v393216.r55	-	50000000	1	62251264	5	60
sxs-pokemon_sword_v393216.r56	-	50000000	1	112251264	5	108
sxs-pokemon_sword_v393216.r57	-	50000000	1	162251264	5	156
sxs-pokemon_sword_v393216.r58	-	50000000	1	212251264	5	204
sxs-pokemon_sword_v393216.r59	-	50000000	1	262251264	5	252
sxs-pokemon_sword_v393216.r60	-	50000000	1	312251264	5	300
sxs-pokemon_sword_v393216.r61	-	50000000	1	362251264	5	348
sxs-pokemon_sword_v393216.r62	-	17428563	1	412251264	5	396
sxs-pokemon_sword_v393216.rar	-	50000000	1	429679827	5	413
sxs-pokemon_sword_v393216.sfv	-	2560	1	479679827	5	461
