v-crcr_v131072.nfo	-	5200	1	0	0	0
v-crcr_v131072.r00	-	50000000	1	5200	0	1
v-crcr_v131072.r01	-	50000000	1	50005200	0	49
v-crcr_v131072.r02	-	50000000	1	100005200	0	97
v-crcr_v131072.r03	-	50000000	1	150005200	0	145
v-crcr_v131072.r04	-	50000000	1	200005200	0	193
v-crcr_v131072.r05	-	50000000	1	250005200	0	241
v-crcr_v131072.r06	-	50000000	1	300005200	0	289
v-crcr_v131072.r07	-	50000000	1	350005200	0	337
v-crcr_v131072.r08	-	50000000	1	400005200	0	385
v-crcr_v131072.r09	-	50000000	1	450005200	0	433
v-crcr_v131072.r10	-	27020072	1	500005200	0	481
v-crcr_v131072.rar	-	50000000	1	527025272	0	507
v-crcr_v131072.sfv	-	348	1	39514240	1	38
