v-godeater3_v393216.nfo	-	13234	1	0	0	0
v-godeater3_v393216.r00	-	50000000	1	13234	0	1
v-godeater3_v393216.r01	-	50000000	1	50013234	0	49
v-godeater3_v393216.r02	-	50000000	1	100013234	0	97
v-godeater3_v393216.r03	-	50000000	1	150013234	0	145
v-godeater3_v393216.r04	-	50000000	1	200013234	0	193
v-godeater3_v393216.r05	-	50000000	1	250013234	0	241
v-godeater3_v393216.r06	-	50000000	1	300013234	0	289
v-godeater3_v393216.r07	-	50000000	1	350013234	0	337
v-godeater3_v393216.r08	-	50000000	1	400013234	0	385
v-godeater3_v393216.r09	-	50000000	1	450013234	0	433
v-godeater3_v393216.r10	-	50000000	1	500013234	0	481
v-godeater3_v393216.r11	-	50000000	1	12251264	1	12
v-godeater3_v393216.r12	-	50000000	1	62251264	1	60
v-godeater3_v393216.r13	-	50000000	1	112251264	1	108
v-godeater3_v393216.r14	-	50000000	1	162251264	1	156
v-godeater3_v393216.r15	-	50000000	1	212251264	1	204
v-godeater3_v393216.r16	-	50000000	1	262251264	1	252
v-godeater3_v393216.r17	-	50000000	1	312251264	1	300
v-godeater3_v393216.r18	-	50000000	1	362251264	1	348
v-godeater3_v393216.r19	-	50000000	1	412251264	1	396
v-godeater3_v393216.r20	-	50000000	1	462251264	1	444
v-godeater3_v393216.r21	-	50000000	1	512251264	1	492
v-godeater3_v393216.r22	-	50000000	1	24834176	2	24
v-godeater3_v393216.r23	-	50000000	1	74834176	2	72
v-godeater3_v393216.r24	-	50000000	1	124834176	2	120
v-godeater3_v393216.r25	-	50000000	1	174834176	2	168
v-godeater3_v393216.r26	-	50000000	1	224834176	2	216
v-godeater3_v393216.r27	-	50000000	1	274834176	2	264
v-godeater3_v393216.r28	-	50000000	1	324834176	2	312
v-godeater3_v393216.r29	-	50000000	1	374834176	2	360
v-godeater3_v393216.r30	-	50000000	1	424834176	2	408
v-godeater3_v393216.r31	-	50000000	1	474834176	2	456
v-godeater3_v393216.r32	-	50000000	1	524834176	2	504
v-godeater3_v393216.r33	-	50000000	1	37417088	3	36
v-godeater3_v393216.r34	-	50000000	1	87417088	3	84
v-godeater3_v393216.r35	-	50000000	1	137417088	3	132
v-godeater3_v393216.r36	-	50000000	1	187417088	3	180
v-godeater3_v393216.r37	-	50000000	1	237417088	3	228
v-godeater3_v393216.r38	-	50000000	1	287417088	3	276
v-godeater3_v393216.r39	-	50000000	1	337417088	3	324
v-godeater3_v393216.r40	-	50000000	1	387417088	3	372
v-godeater3_v393216.r41	-	50000000	1	437417088	3	420
v-godeater3_v393216.r42	-	42948854	1	487417088	3	468
v-godeater3_v393216.rar	-	50000000	1	530365942	3	509
v-godeater3_v393216.sfv	-	1496	1	42659968	4	41
