lfc-axjta.nfo	-	7889	1	0	0	0
lfc-axjta.r00	-	50000000	1	7889	0	1
lfc-axjta.r01	-	50000000	1	50007889	0	49
lfc-axjta.r02	-	50000000	1	100007889	0	97
lfc-axjta.r03	-	50000000	1	150007889	0	145
lfc-axjta.r04	-	50000000	1	200007889	0	193
lfc-axjta.r05	-	50000000	1	250007889	0	241
lfc-axjta.r06	-	50000000	1	300007889	0	289
lfc-axjta.r07	-	50000000	1	350007889	0	337
lfc-axjta.r08	-	50000000	1	400007889	0	385
lfc-axjta.r09	-	50000000	1	450007889	0	433
lfc-axjta.r10	-	50000000	1	500007889	0	481
lfc-axjta.r11	-	50000000	1	12251264	1	12
lfc-axjta.r12	-	50000000	1	62251264	1	60
lfc-axjta.r13	-	50000000	1	112251264	1	108
lfc-axjta.r14	-	50000000	1	162251264	1	156
lfc-axjta.r15	-	50000000	1	212251264	1	204
lfc-axjta.r16	-	50000000	1	262251264	1	252
lfc-axjta.r17	-	50000000	1	312251264	1	300
lfc-axjta.r18	-	50000000	1	362251264	1	348
lfc-axjta.r19	-	50000000	1	412251264	1	396
lfc-axjta.r20	-	50000000	1	462251264	1	444
lfc-axjta.r21	-	12184123	1	512251264	1	492
lfc-axjta.rar	-	50000000	1	524435387	1	504
lfc-axjta.sfv	-	552	1	37417088	2	36
Proof	d	0	1	37417640	2	37
Proof/lfc-axjta.jpg	-	219223	1	37417640	2	37
