bbb-h-agy7b.nfo	-	5517	1	0	0	0
bbb-h-agy7b.part01.rar	-	250000000	1	5517	0	1
bbb-h-agy7b.part02.rar	-	250000000	1	250005517	0	240
bbb-h-agy7b.part03.rar	-	250000000	1	500005517	0	479
bbb-h-agy7b.part04.rar	-	250000000	1	212251264	1	203
bbb-h-agy7b.part05.rar	-	250000000	1	462251264	1	442
bbb-h-agy7b.part06.rar	-	250000000	1	174502528	2	167
bbb-h-agy7b.part07.rar	-	250000000	1	424502528	2	406
bbb-h-agy7b.part08.rar	-	250000000	1	136753792	3	131
bbb-h-agy7b.part09.rar	-	250000000	1	386753792	3	370
bbb-h-agy7b.part10.rar	-	250000000	1	99005056	4	95
bbb-h-agy7b.part11.rar	-	250000000	1	349005056	4	334
bbb-h-agy7b.part12.rar	-	250000000	1	61256320	5	59
bbb-h-agy7b.part13.rar	-	250000000	1	311256320	5	298
bbb-h-agy7b.part14.rar	-	192371609	1	23507584	6	23
bbb-h-agy7b.sfv	-	462	1	215879193	6	207
