sxs-ultra_age_v196608.nfo	-	7538	1	0	0	0
sxs-ultra_age_v196608.r00	-	50000000	1	7538	0	1
sxs-ultra_age_v196608.r01	-	50000000	1	50007538	0	49
sxs-ultra_age_v196608.r02	-	50000000	1	100007538	0	97
sxs-ultra_age_v196608.r03	-	50000000	1	150007538	0	145
sxs-ultra_age_v196608.r04	-	50000000	1	200007538	0	193
sxs-ultra_age_v196608.r05	-	50000000	1	250007538	0	241
sxs-ultra_age_v196608.r06	-	50000000	1	300007538	0	289
sxs-ultra_age_v196608.r07	-	50000000	1	350007538	0	337
sxs-ultra_age_v196608.r08	-	50000000	1	400007538	0	385
sxs-ultra_age_v196608.r09	-	50000000	1	450007538	0	433
sxs-ultra_age_v196608.r10	-	50000000	1	500007538	0	481
sxs-ultra_age_v196608.r11	-	50000000	1	12251264	1	12
sxs-ultra_age_v196608.r12	-	50000000	1	62251264	1	60
sxs-ultra_age_v196608.r13	-	50000000	1	112251264	1	108
sxs-ultra_age_v196608.r14	-	50000000	1	162251264	1	156
sxs-ultra_age_v196608.r15	-	50000000	1	212251264	1	204
sxs-ultra_age_v196608.r16	-	50000000	1	262251264	1	252
sxs-ultra_age_v196608.r17	-	50000000	1	312251264	1	300
sxs-ultra_age_v196608.r18	-	150662	1	362251264	1	348
sxs-ultra_age_v196608.rar	-	50000000	1	362401926	1	349
sxs-ultra_age_v196608.sfv	-	720	1	412401926	1	397
