hr-a9vdav65536.nfo	-	43404	1	0	0	0
hr-a9vdav65536.r00	-	50000000	1	43404	0	1
hr-a9vdav65536.r01	-	50000000	1	50043404	0	49
hr-a9vdav65536.r02	-	50000000	1	100043404	0	97
hr-a9vdav65536.r03	-	50000000	1	150043404	0	145
hr-a9vdav65536.r04	-	50000000	1	200043404	0	193
hr-a9vdav65536.r05	-	50000000	1	250043404	0	241
hr-a9vdav65536.r06	-	50000000	1	300043404	0	289
hr-a9vdav65536.r07	-	50000000	1	350043404	0	337
hr-a9vdav65536.r08	-	50000000	1	400043404	0	385
hr-a9vdav65536.r09	-	50000000	1	450043404	0	433
hr-a9vdav65536.r10	-	50000000	1	500043404	0	481
hr-a9vdav65536.r11	-	50000000	1	12251264	1	12
hr-a9vdav65536.r12	-	50000000	1	62251264	1	60
hr-a9vdav65536.r13	-	50000000	1	112251264	1	108
hr-a9vdav65536.r14	-	50000000	1	162251264	1	156
hr-a9vdav65536.r15	-	50000000	1	212251264	1	204
hr-a9vdav65536.r16	-	50000000	1	262251264	1	252
hr-a9vdav65536.r17	-	50000000	1	312251264	1	300
hr-a9vdav65536.r18	-	50000000	1	362251264	1	348
hr-a9vdav65536.r19	-	50000000	1	412251264	1	396
hr-a9vdav65536.r20	-	50000000	1	462251264	1	444
hr-a9vdav65536.r21	-	50000000	1	512251264	1	492
hr-a9vdav65536.r22	-	50000000	1	24834176	2	24
hr-a9vdav65536.r23	-	50000000	1	74834176	2	72
hr-a9vdav65536.r24	-	23077892	1	124834176	2	120
hr-a9vdav65536.rar	-	50000000	1	147912068	2	143
hr-a9vdav65536.sfv	-	754	1	197912068	2	191
