v-boyard_v65536.nfo	-	4654	1	0	0	0
v-boyard_v65536.r00	-	50000000	1	4654	0	1
v-boyard_v65536.r01	-	50000000	1	50004654	0	49
v-boyard_v65536.r02	-	50000000	1	100004654	0	97
v-boyard_v65536.r03	-	50000000	1	150004654	0	145
v-boyard_v65536.r04	-	50000000	1	200004654	0	193
v-boyard_v65536.r05	-	50000000	1	250004654	0	241
v-boyard_v65536.r06	-	50000000	1	300004654	0	289
v-boyard_v65536.r07	-	50000000	1	350004654	0	337
v-boyard_v65536.r08	-	50000000	1	400004654	0	385
v-boyard_v65536.r09	-	50000000	1	450004654	0	433
v-boyard_v65536.r10	-	50000000	1	500004654	0	481
v-boyard_v65536.r11	-	50000000	1	12251264	1	12
v-boyard_v65536.r12	-	50000000	1	62251264	1	60
v-boyard_v65536.r13	-	50000000	1	112251264	1	108
v-boyard_v65536.r14	-	50000000	1	162251264	1	156
v-boyard_v65536.r15	-	50000000	1	212251264	1	204
v-boyard_v65536.r16	-	50000000	1	262251264	1	252
v-boyard_v65536.r17	-	39091701	1	312251264	1	300
v-boyard_v65536.rar	-	50000000	1	351342965	1	338
v-boyard_v65536.sfv	-	570	1	401342965	1	386
