l-innervoices.nfo	-	1164	1	0	0	0
l-innervoices.r00	-	100000000	1	1164	0	1
l-innervoices.r01	-	100000000	1	100001164	0	97
l-innervoices.r02	-	100000000	1	200001164	0	193
l-innervoices.r03	-	100000000	1	300001164	0	289
l-innervoices.r04	-	100000000	1	400001164	0	385
l-innervoices.r05	-	100000000	1	500001164	0	481
l-innervoices.r06	-	100000000	1	62251264	1	60
l-innervoices.r07	-	100000000	1	162251264	1	156
l-innervoices.r08	-	100000000	1	262251264	1	252
l-innervoices.r09	-	100000000	1	362251264	1	348
l-innervoices.r10	-	100000000	1	462251264	1	444
l-innervoices.r11	-	100000000	1	24502528	2	24
l-innervoices.r12	-	100000000	1	124502528	2	120
l-innervoices.r13	-	100000000	1	224502528	2	216
l-innervoices.r14	-	100000000	1	324502528	2	312
l-innervoices.r15	-	100000000	1	424502528	2	408
l-innervoices.r16	-	100000000	1	524502528	2	504
l-innervoices.r17	-	100000000	1	87417088	3	84
l-innervoices.r18	-	100000000	1	187417088	3	180
l-innervoices.r19	-	100000000	1	287417088	3	276
l-innervoices.r20	-	100000000	1	387417088	3	372
l-innervoices.r21	-	100000000	1	487417088	3	468
l-innervoices.r22	-	100000000	1	49668352	4	48
l-innervoices.r23	-	100000000	1	149668352	4	144
l-innervoices.r24	-	100000000	1	249668352	4	240
l-innervoices.r25	-	100000000	1	349668352	4	336
l-innervoices.r26	-	100000000	1	449668352	4	432
l-innervoices.r27	-	100000000	1	11919616	5	12
l-innervoices.r28	-	100000000	1	111919616	5	108
l-innervoices.r29	-	100000000	1	211919616	5	204
l-innervoices.r30	-	100000000	1	311919616	5	300
l-innervoices.r31	-	100000000	1	411919616	5	396
l-innervoices.r32	-	100000000	1	511919616	5	492
l-innervoices.r33	-	100000000	1	74834176	6	72
l-innervoices.r34	-	100000000	1	174834176	6	168
l-innervoices.r35	-	100000000	1	274834176	6	264
l-innervoices.r36	-	100000000	1	374834176	6	360
l-innervoices.r37	-	100000000	1	474834176	6	456
l-innervoices.r38	-	100000000	1	37085440	7	36
l-innervoices.r39	-	100000000	1	137085440	7	132
l-innervoices.r40	-	100000000	1	237085440	7	228
l-innervoices.r41	-	100000000	1	337085440	7	324
l-innervoices.r42	-	100000000	1	437085440	7	420
l-innervoices.r43	-	100000000	1	0	8	0
l-innervoices.r44	-	100000000	1	100000000	8	96
l-innervoices.r45	-	100000000	1	200000000	8	192
l-innervoices.r46	-	100000000	1	300000000	8	288
l-innervoices.r47	-	100000000	1	400000000	8	384
l-innervoices.r48	-	100000000	1	500000000	8	480
l-innervoices.r49	-	100000000	1	62251264	9	60
l-innervoices.r50	-	100000000	1	162251264	9	156
l-innervoices.r51	-	100000000	1	262251264	9	252
l-innervoices.r52	-	100000000	1	362251264	9	348
l-innervoices.r53	-	100000000	1	462251264	9	444
l-innervoices.r54	-	100000000	1	24502528	10	24
l-innervoices.r55	-	100000000	1	124502528	10	120
l-innervoices.r56	-	100000000	1	224502528	10	216
l-innervoices.r57	-	100000000	1	324502528	10	312
l-innervoices.r58	-	100000000	1	424502528	10	408
l-innervoices.r59	-	100000000	1	524502528	10	504
l-innervoices.r60	-	100000000	1	87417088	11	84
l-innervoices.r61	-	100000000	1	187417088	11	180
l-innervoices.r62	-	100000000	1	287417088	11	276
l-innervoices.r63	-	100000000	1	387417088	11	372
l-innervoices.r64	-	100000000	1	487417088	11	468
l-innervoices.r65	-	100000000	1	49668352	12	48
l-innervoices.r66	-	75859786	1	149668352	12	144
l-innervoices.rar	-	100000000	1	225528138	12	217
l-innervoices.sfv	-	1904	1	325528138	12	313
