hr-dandyace.nfo	-	11258	1	0	0	0
hr-dandyace.r00	-	50000000	1	11258	0	1
hr-dandyace.r01	-	50000000	1	50011258	0	49
hr-dandyace.r02	-	50000000	1	100011258	0	97
hr-dandyace.r03	-	50000000	1	150011258	0	145
hr-dandyace.r04	-	50000000	1	200011258	0	193
hr-dandyace.r05	-	50000000	1	250011258	0	241
hr-dandyace.r06	-	50000000	1	300011258	0	289
hr-dandyace.r07	-	50000000	1	350011258	0	337
hr-dandyace.r08	-	50000000	1	400011258	0	385
hr-dandyace.r09	-	50000000	1	450011258	0	433
hr-dandyace.r10	-	50000000	1	500011258	0	481
hr-dandyace.r11	-	50000000	1	12251264	1	12
hr-dandyace.r12	-	50000000	1	62251264	1	60
hr-dandyace.r13	-	50000000	1	112251264	1	108
hr-dandyace.r14	-	50000000	1	162251264	1	156
hr-dandyace.r15	-	50000000	1	212251264	1	204
hr-dandyace.r16	-	50000000	1	262251264	1	252
hr-dandyace.r17	-	50000000	1	312251264	1	300
hr-dandyace.r18	-	50000000	1	362251264	1	348
hr-dandyace.r19	-	50000000	1	412251264	1	396
hr-dandyace.r20	-	45296490	1	462251264	1	444
hr-dandyace.rar	-	50000000	1	507547754	1	488
hr-dandyace.sfv	-	572	1	20639872	2	20
