Proof	d	0	1	0	0	0
Proof/v-swarto.jpg	-	21645	1	0	0	0
v-swarto.nfo	-	5356	1	21645	0	1
v-swarto.r00	-	200000000	1	27001	0	2
v-swarto.r01	-	200000000	1	200027001	0	193
v-swarto.r02	-	200000000	1	400027001	0	384
v-swarto.r03	-	200000000	1	62636544	1	60
v-swarto.r04	-	200000000	1	262636544	1	251
v-swarto.r05	-	200000000	1	462636544	1	442
v-swarto.r06	-	200000000	1	125551104	2	120
v-swarto.r07	-	200000000	1	325551104	2	311
v-swarto.r08	-	200000000	1	525551104	2	502
v-swarto.r09	-	200000000	1	188465664	3	180
v-swarto.r10	-	200000000	1	388465664	3	371
v-swarto.r11	-	200000000	1	51102208	4	49
v-swarto.r12	-	200000000	1	251102208	4	240
v-swarto.r13	-	200000000	1	451102208	4	431
v-swarto.r14	-	200000000	1	114016768	5	109
v-swarto.r15	-	200000000	1	314016768	5	300
v-swarto.r16	-	200000000	1	514016768	5	491
v-swarto.r17	-	200000000	1	176931328	6	169
v-swarto.r18	-	200000000	1	376931328	6	360
v-swarto.r19	-	200000000	1	39567872	7	38
v-swarto.r20	-	200000000	1	239567872	7	229
v-swarto.r21	-	200000000	1	439567872	7	420
v-swarto.r22	-	200000000	1	102482432	8	98
v-swarto.r23	-	200000000	1	302482432	8	289
v-swarto.r24	-	200000000	1	502482432	8	480
v-swarto.r25	-	200000000	1	165396992	9	158
v-swarto.r26	-	200000000	1	365396992	9	349
v-swarto.r27	-	200000000	1	28033536	10	27
v-swarto.r28	-	200000000	1	228033536	10	218
v-swarto.r29	-	200000000	1	428033536	10	409
v-swarto.r30	-	200000000	1	90948096	11	87
v-swarto.r31	-	200000000	1	290948096	11	278
v-swarto.r32	-	200000000	1	490948096	11	469
v-swarto.r33	-	200000000	1	153862656	12	147
v-swarto.r34	-	200000000	1	353862656	12	338
v-swarto.r35	-	200000000	1	16499200	13	16
v-swarto.r36	-	200000000	1	216499200	13	207
v-swarto.r37	-	200000000	1	416499200	13	398
v-swarto.r38	-	200000000	1	79413760	14	76
v-swarto.r39	-	200000000	1	279413760	14	267
v-swarto.r40	-	200000000	1	479413760	14	458
v-swarto.r41	-	200000000	1	142328320	15	136
v-swarto.r42	-	200000000	1	342328320	15	327
v-swarto.r43	-	200000000	1	4964864	16	5
v-swarto.r44	-	200000000	1	204964864	16	196
v-swarto.r45	-	200000000	1	404964864	16	387
v-swarto.r46	-	200000000	1	67879424	17	65
v-swarto.r47	-	200000000	1	267879424	17	256
v-swarto.r48	-	200000000	1	467879424	17	447
v-swarto.r49	-	200000000	1	130793984	18	125
v-swarto.r50	-	200000000	1	330793984	18	316
v-swarto.r51	-	200000000	1	530793984	18	507
v-swarto.r52	-	200000000	1	193708544	19	185
v-swarto.r53	-	200000000	1	393708544	19	376
v-swarto.r54	-	200000000	1	56345088	20	54
v-swarto.r55	-	200000000	1	256345088	20	245
v-swarto.r56	-	200000000	1	456345088	20	436
v-swarto.r57	-	200000000	1	119259648	21	114
v-swarto.r58	-	200000000	1	319259648	21	305
v-swarto.r59	-	200000000	1	519259648	21	496
v-swarto.r60	-	200000000	1	182174208	22	174
v-swarto.r61	-	200000000	1	382174208	22	365
v-swarto.r62	-	200000000	1	44810752	23	43
v-swarto.r63	-	200000000	1	244810752	23	234
v-swarto.r64	-	200000000	1	444810752	23	425
v-swarto.r65	-	200000000	1	107725312	24	103
v-swarto.r66	-	200000000	1	307725312	24	294
v-swarto.r67	-	200000000	1	507725312	24	485
v-swarto.r68	-	200000000	1	170639872	25	163
v-swarto.r69	-	200000000	1	370639872	25	354
v-swarto.r70	-	200000000	1	33276416	26	32
v-swarto.r71	-	200000000	1	233276416	26	223
v-swarto.r72	-	200000000	1	433276416	26	414
v-swarto.r73	-	200000000	1	96190976	27	92
v-swarto.r74	-	197060939	1	296190976	27	283
v-swarto.rar	-	200000000	1	493251915	27	471
v-swarto.sfv	-	1748	1	155959808	28	149
