n-marooners.nfo	-	311	1	0	0	0
n-marooners.r00	-	50000000	1	311	0	1
n-marooners.r01	-	50000000	1	50000311	0	49
n-marooners.r02	-	50000000	1	100000311	0	97
n-marooners.r03	-	50000000	1	150000311	0	145
n-marooners.r04	-	50000000	1	200000311	0	193
n-marooners.r05	-	50000000	1	250000311	0	241
n-marooners.r06	-	50000000	1	300000311	0	289
n-marooners.r07	-	50000000	1	350000311	0	337
n-marooners.r08	-	50000000	1	400000311	0	385
n-marooners.r09	-	50000000	1	450000311	0	433
n-marooners.r10	-	50000000	1	500000311	0	481
n-marooners.r11	-	50000000	1	12251264	1	12
n-marooners.r12	-	50000000	1	62251264	1	60
n-marooners.r13	-	50000000	1	112251264	1	108
n-marooners.r14	-	50000000	1	162251264	1	156
n-marooners.r15	-	34725195	1	212251264	1	204
n-marooners.rar	-	50000000	1	246976459	1	238
n-marooners.sfv	-	442	1	296976459	1	286
