sxs-woodle_tree_2_deluxe_v196608.nfo	-	5510	1	0	0	0
sxs-woodle_tree_2_deluxe_v196608.r00	-	50000000	1	5510	0	1
sxs-woodle_tree_2_deluxe_v196608.r01	-	50000000	1	50005510	0	49
sxs-woodle_tree_2_deluxe_v196608.r02	-	50000000	1	100005510	0	97
sxs-woodle_tree_2_deluxe_v196608.r03	-	50000000	1	150005510	0	145
sxs-woodle_tree_2_deluxe_v196608.r04	-	50000000	1	200005510	0	193
sxs-woodle_tree_2_deluxe_v196608.r05	-	50000000	1	250005510	0	241
sxs-woodle_tree_2_deluxe_v196608.r06	-	50000000	1	300005510	0	289
sxs-woodle_tree_2_deluxe_v196608.r07	-	50000000	1	350005510	0	337
sxs-woodle_tree_2_deluxe_v196608.r08	-	50000000	1	400005510	0	385
sxs-woodle_tree_2_deluxe_v196608.r09	-	50000000	1	450005510	0	433
sxs-woodle_tree_2_deluxe_v196608.r10	-	50000000	1	500005510	0	481
sxs-woodle_tree_2_deluxe_v196608.r11	-	50000000	1	12251264	1	12
sxs-woodle_tree_2_deluxe_v196608.r12	-	50000000	1	62251264	1	60
sxs-woodle_tree_2_deluxe_v196608.r13	-	50000000	1	112251264	1	108
sxs-woodle_tree_2_deluxe_v196608.r14	-	50000000	1	162251264	1	156
sxs-woodle_tree_2_deluxe_v196608.r15	-	50000000	1	212251264	1	204
sxs-woodle_tree_2_deluxe_v196608.r16	-	50000000	1	262251264	1	252
sxs-woodle_tree_2_deluxe_v196608.r17	-	50000000	1	312251264	1	300
sxs-woodle_tree_2_deluxe_v196608.r18	-	50000000	1	362251264	1	348
sxs-woodle_tree_2_deluxe_v196608.r19	-	50000000	1	412251264	1	396
sxs-woodle_tree_2_deluxe_v196608.r20	-	50000000	1	462251264	1	444
sxs-woodle_tree_2_deluxe_v196608.r21	-	50000000	1	512251264	1	492
sxs-woodle_tree_2_deluxe_v196608.r22	-	50000000	1	24834176	2	24
sxs-woodle_tree_2_deluxe_v196608.r23	-	50000000	1	74834176	2	72
sxs-woodle_tree_2_deluxe_v196608.r24	-	50000000	1	124834176	2	120
sxs-woodle_tree_2_deluxe_v196608.r25	-	34179097	1	174834176	2	168
sxs-woodle_tree_2_deluxe_v196608.rar	-	50000000	1	209013273	2	201
sxs-woodle_tree_2_deluxe_v196608.sfv	-	1269	1	259013273	2	249
