sxs-two_point_campus_v917504.nfo	-	7382	1	0	0	0
sxs-two_point_campus_v917504.r00	-	100000000	1	7382	0	1
sxs-two_point_campus_v917504.r01	-	100000000	1	100007382	0	97
sxs-two_point_campus_v917504.r02	-	100000000	1	200007382	0	193
sxs-two_point_campus_v917504.r03	-	100000000	1	300007382	0	289
sxs-two_point_campus_v917504.r04	-	100000000	1	400007382	0	385
sxs-two_point_campus_v917504.r05	-	100000000	1	500007382	0	481
sxs-two_point_campus_v917504.r06	-	100000000	1	62251264	1	60
sxs-two_point_campus_v917504.r07	-	100000000	1	162251264	1	156
sxs-two_point_campus_v917504.r08	-	100000000	1	262251264	1	252
sxs-two_point_campus_v917504.r09	-	100000000	1	362251264	1	348
sxs-two_point_campus_v917504.r10	-	100000000	1	462251264	1	444
sxs-two_point_campus_v917504.r11	-	100000000	1	24502528	2	24
sxs-two_point_campus_v917504.r12	-	24243088	1	124502528	2	120
sxs-two_point_campus_v917504.rar	-	100000000	1	148745616	2	144
sxs-two_point_campus_v917504.sfv	-	602	1	248745616	2	240
