sxs-touhou_spell_bubble_v1638400.nfo	-	13632	1	0	0	0
sxs-touhou_spell_bubble_v1638400.r00	-	100000000	1	13632	0	1
sxs-touhou_spell_bubble_v1638400.r01	-	100000000	1	100013632	0	97
sxs-touhou_spell_bubble_v1638400.r02	-	100000000	1	200013632	0	193
sxs-touhou_spell_bubble_v1638400.r03	-	100000000	1	300013632	0	289
sxs-touhou_spell_bubble_v1638400.r04	-	100000000	1	400013632	0	385
sxs-touhou_spell_bubble_v1638400.r05	-	100000000	1	500013632	0	481
sxs-touhou_spell_bubble_v1638400.r06	-	100000000	1	62251264	1	60
sxs-touhou_spell_bubble_v1638400.r07	-	100000000	1	162251264	1	156
sxs-touhou_spell_bubble_v1638400.r08	-	100000000	1	262251264	1	252
sxs-touhou_spell_bubble_v1638400.r09	-	100000000	1	362251264	1	348
sxs-touhou_spell_bubble_v1638400.r10	-	100000000	1	462251264	1	444
sxs-touhou_spell_bubble_v1638400.r11	-	100000000	1	24502528	2	24
sxs-touhou_spell_bubble_v1638400.r12	-	100000000	1	124502528	2	120
sxs-touhou_spell_bubble_v1638400.r13	-	100000000	1	224502528	2	216
sxs-touhou_spell_bubble_v1638400.r14	-	100000000	1	324502528	2	312
sxs-touhou_spell_bubble_v1638400.r15	-	100000000	1	424502528	2	408
sxs-touhou_spell_bubble_v1638400.r16	-	100000000	1	524502528	2	504
sxs-touhou_spell_bubble_v1638400.r17	-	100000000	1	87417088	3	84
sxs-touhou_spell_bubble_v1638400.r18	-	88113251	1	187417088	3	180
sxs-touhou_spell_bubble_v1638400.rar	-	100000000	1	275530339	3	265
sxs-touhou_spell_bubble_v1638400.sfv	-	940	1	375530339	3	361
