n-sherlockholmesta.nfo	-	6072	1	0	0	0
n-sherlockholmesta.r00	-	100000000	1	6072	0	1
n-sherlockholmesta.r01	-	100000000	1	100006072	0	97
n-sherlockholmesta.r02	-	100000000	1	200006072	0	193
n-sherlockholmesta.r03	-	100000000	1	300006072	0	289
n-sherlockholmesta.r04	-	100000000	1	400006072	0	385
n-sherlockholmesta.r05	-	100000000	1	500006072	0	481
n-sherlockholmesta.r06	-	100000000	1	62251264	1	60
n-sherlockholmesta.r07	-	100000000	1	162251264	1	156
n-sherlockholmesta.r08	-	100000000	1	262251264	1	252
n-sherlockholmesta.r09	-	100000000	1	362251264	1	348
n-sherlockholmesta.r10	-	100000000	1	462251264	1	444
n-sherlockholmesta.r11	-	100000000	1	24502528	2	24
n-sherlockholmesta.r12	-	100000000	1	124502528	2	120
n-sherlockholmesta.r13	-	100000000	1	224502528	2	216
n-sherlockholmesta.r14	-	100000000	1	324502528	2	312
n-sherlockholmesta.r15	-	100000000	1	424502528	2	408
n-sherlockholmesta.r16	-	100000000	1	524502528	2	504
n-sherlockholmesta.r17	-	100000000	1	87417088	3	84
n-sherlockholmesta.r18	-	100000000	1	187417088	3	180
n-sherlockholmesta.r19	-	100000000	1	287417088	3	276
n-sherlockholmesta.r20	-	100000000	1	387417088	3	372
n-sherlockholmesta.r21	-	100000000	1	487417088	3	468
n-sherlockholmesta.r22	-	100000000	1	49668352	4	48
n-sherlockholmesta.r23	-	100000000	1	149668352	4	144
n-sherlockholmesta.r24	-	100000000	1	249668352	4	240
n-sherlockholmesta.r25	-	100000000	1	349668352	4	336
n-sherlockholmesta.r26	-	100000000	1	449668352	4	432
n-sherlockholmesta.r27	-	100000000	1	11919616	5	12
n-sherlockholmesta.r28	-	100000000	1	111919616	5	108
n-sherlockholmesta.r29	-	100000000	1	211919616	5	204
n-sherlockholmesta.r30	-	100000000	1	311919616	5	300
n-sherlockholmesta.r31	-	100000000	1	411919616	5	396
n-sherlockholmesta.r32	-	100000000	1	511919616	5	492
n-sherlockholmesta.r33	-	100000000	1	74834176	6	72
n-sherlockholmesta.r34	-	100000000	1	174834176	6	168
n-sherlockholmesta.r35	-	100000000	1	274834176	6	264
n-sherlockholmesta.r36	-	100000000	1	374834176	6	360
n-sherlockholmesta.r37	-	100000000	1	474834176	6	456
n-sherlockholmesta.r38	-	100000000	1	37085440	7	36
n-sherlockholmesta.r39	-	100000000	1	137085440	7	132
n-sherlockholmesta.r40	-	100000000	1	237085440	7	228
n-sherlockholmesta.r41	-	100000000	1	337085440	7	324
n-sherlockholmesta.r42	-	100000000	1	437085440	7	420
n-sherlockholmesta.r43	-	100000000	1	0	8	0
n-sherlockholmesta.r44	-	100000000	1	100000000	8	96
n-sherlockholmesta.r45	-	100000000	1	200000000	8	192
n-sherlockholmesta.r46	-	100000000	1	300000000	8	288
n-sherlockholmesta.r47	-	100000000	1	400000000	8	384
n-sherlockholmesta.r48	-	100000000	1	500000000	8	480
n-sherlockholmesta.r49	-	100000000	1	62251264	9	60
n-sherlockholmesta.r50	-	100000000	1	162251264	9	156
n-sherlockholmesta.r51	-	100000000	1	262251264	9	252
n-sherlockholmesta.r52	-	100000000	1	362251264	9	348
n-sherlockholmesta.r53	-	100000000	1	462251264	9	444
n-sherlockholmesta.r54	-	100000000	1	24502528	10	24
n-sherlockholmesta.r55	-	100000000	1	124502528	10	120
n-sherlockholmesta.r56	-	100000000	1	224502528	10	216
n-sherlockholmesta.r57	-	100000000	1	324502528	10	312
n-sherlockholmesta.r58	-	100000000	1	424502528	10	408
n-sherlockholmesta.r59	-	100000000	1	524502528	10	504
n-sherlockholmesta.r60	-	75478605	1	87417088	11	84
n-sherlockholmesta.rar	-	100000000	1	162895693	11	156
n-sherlockholmesta.sfv	-	2046	1	262895693	11	252
