hr-avtaav262144.nfo	-	11258	1	0	0	0
hr-avtaav262144.r00	-	50000000	1	11258	0	1
hr-avtaav262144.r01	-	50000000	1	50011258	0	49
hr-avtaav262144.r02	-	50000000	1	100011258	0	97
hr-avtaav262144.r03	-	50000000	1	150011258	0	145
hr-avtaav262144.r04	-	50000000	1	200011258	0	193
hr-avtaav262144.r05	-	50000000	1	250011258	0	241
hr-avtaav262144.r06	-	50000000	1	300011258	0	289
hr-avtaav262144.r07	-	50000000	1	350011258	0	337
hr-avtaav262144.r08	-	50000000	1	400011258	0	385
hr-avtaav262144.r09	-	50000000	1	450011258	0	433
hr-avtaav262144.r10	-	50000000	1	500011258	0	481
hr-avtaav262144.r11	-	50000000	1	12251264	1	12
hr-avtaav262144.r12	-	50000000	1	62251264	1	60
hr-avtaav262144.r13	-	50000000	1	112251264	1	108
hr-avtaav262144.r14	-	50000000	1	162251264	1	156
hr-avtaav262144.r15	-	50000000	1	212251264	1	204
hr-avtaav262144.r16	-	50000000	1	262251264	1	252
hr-avtaav262144.r17	-	50000000	1	312251264	1	300
hr-avtaav262144.r18	-	50000000	1	362251264	1	348
hr-avtaav262144.r19	-	50000000	1	412251264	1	396
hr-avtaav262144.r20	-	50000000	1	462251264	1	444
hr-avtaav262144.r21	-	50000000	1	512251264	1	492
hr-avtaav262144.r22	-	50000000	1	24834176	2	24
hr-avtaav262144.r23	-	50000000	1	74834176	2	72
hr-avtaav262144.r24	-	50000000	1	124834176	2	120
hr-avtaav262144.r25	-	50000000	1	174834176	2	168
hr-avtaav262144.r26	-	50000000	1	224834176	2	216
hr-avtaav262144.r27	-	1895892	1	274834176	2	264
hr-avtaav262144.rar	-	50000000	1	276730068	2	266
hr-avtaav262144.sfv	-	870	1	326730068	2	314
