hr-ban9a.nfo	-	43404	1	0	0	0
hr-ban9a.r00	-	50000000	1	43404	0	1
hr-ban9a.r01	-	50000000	1	50043404	0	49
hr-ban9a.r02	-	50000000	1	100043404	0	97
hr-ban9a.r03	-	50000000	1	150043404	0	145
hr-ban9a.r04	-	50000000	1	200043404	0	193
hr-ban9a.r05	-	50000000	1	250043404	0	241
hr-ban9a.r06	-	50000000	1	300043404	0	289
hr-ban9a.r07	-	50000000	1	350043404	0	337
hr-ban9a.r08	-	50000000	1	400043404	0	385
hr-ban9a.r09	-	50000000	1	450043404	0	433
hr-ban9a.r10	-	50000000	1	500043404	0	481
hr-ban9a.r11	-	50000000	1	12251264	1	12
hr-ban9a.r12	-	50000000	1	62251264	1	60
hr-ban9a.r13	-	50000000	1	112251264	1	108
hr-ban9a.r14	-	50000000	1	162251264	1	156
hr-ban9a.r15	-	50000000	1	212251264	1	204
hr-ban9a.r16	-	50000000	1	262251264	1	252
hr-ban9a.r17	-	50000000	1	312251264	1	300
hr-ban9a.r18	-	50000000	1	362251264	1	348
hr-ban9a.r19	-	50000000	1	412251264	1	396
hr-ban9a.r20	-	50000000	1	462251264	1	444
hr-ban9a.r21	-	50000000	1	512251264	1	492
hr-ban9a.r22	-	50000000	1	24834176	2	24
hr-ban9a.r23	-	50000000	1	74834176	2	72
hr-ban9a.r24	-	50000000	1	124834176	2	120
hr-ban9a.r25	-	50000000	1	174834176	2	168
hr-ban9a.r26	-	50000000	1	224834176	2	216
hr-ban9a.r27	-	50000000	1	274834176	2	264
hr-ban9a.r28	-	50000000	1	324834176	2	312
hr-ban9a.r29	-	50000000	1	374834176	2	360
hr-ban9a.r30	-	50000000	1	424834176	2	408
hr-ban9a.r31	-	50000000	1	474834176	2	456
hr-ban9a.r32	-	50000000	1	524834176	2	504
hr-ban9a.r33	-	50000000	1	37417088	3	36
hr-ban9a.r34	-	50000000	1	87417088	3	84
hr-ban9a.r35	-	50000000	1	137417088	3	132
hr-ban9a.r36	-	50000000	1	187417088	3	180
hr-ban9a.r37	-	50000000	1	237417088	3	228
hr-ban9a.r38	-	50000000	1	287417088	3	276
hr-ban9a.r39	-	50000000	1	337417088	3	324
hr-ban9a.r40	-	50000000	1	387417088	3	372
hr-ban9a.r41	-	50000000	1	437417088	3	420
hr-ban9a.r42	-	50000000	1	487417088	3	468
hr-ban9a.r43	-	50000000	1	0	4	0
hr-ban9a.r44	-	50000000	1	50000000	4	48
hr-ban9a.r45	-	50000000	1	100000000	4	96
hr-ban9a.r46	-	50000000	1	150000000	4	144
hr-ban9a.r47	-	50000000	1	200000000	4	192
hr-ban9a.r48	-	20963086	1	250000000	4	240
hr-ban9a.rar	-	50000000	1	270963086	4	260
hr-ban9a.sfv	-	1150	1	320963086	4	308
Proof	d	0	1	320964236	4	309
Proof/hr-ban9a.jpg	-	952651	1	320964236	4	309
