sxs-kitaria_fables_v131072.nfo	-	6602	1	0	0	0
sxs-kitaria_fables_v131072.r00	-	50000000	1	6602	0	1
sxs-kitaria_fables_v131072.r01	-	50000000	1	50006602	0	49
sxs-kitaria_fables_v131072.r02	-	50000000	1	100006602	0	97
sxs-kitaria_fables_v131072.r03	-	50000000	1	150006602	0	145
sxs-kitaria_fables_v131072.r04	-	50000000	1	200006602	0	193
sxs-kitaria_fables_v131072.r05	-	50000000	1	250006602	0	241
sxs-kitaria_fables_v131072.r06	-	50000000	1	300006602	0	289
sxs-kitaria_fables_v131072.r07	-	50000000	1	350006602	0	337
sxs-kitaria_fables_v131072.r08	-	50000000	1	400006602	0	385
sxs-kitaria_fables_v131072.r09	-	50000000	1	450006602	0	433
sxs-kitaria_fables_v131072.r10	-	50000000	1	500006602	0	481
sxs-kitaria_fables_v131072.r11	-	50000000	1	12251264	1	12
sxs-kitaria_fables_v131072.r12	-	50000000	1	62251264	1	60
sxs-kitaria_fables_v131072.r13	-	6163847	1	112251264	1	108
sxs-kitaria_fables_v131072.rar	-	50000000	1	118415111	1	114
sxs-kitaria_fables_v131072.sfv	-	615	1	168415111	1	162
