v-superhot_v131072.nfo	-	7540	1	0	0	0
v-superhot_v131072.r00	-	50000000	1	7540	0	1
v-superhot_v131072.r01	-	50000000	1	50007540	0	49
v-superhot_v131072.r02	-	50000000	1	100007540	0	97
v-superhot_v131072.r03	-	50000000	1	150007540	0	145
v-superhot_v131072.r04	-	50000000	1	200007540	0	193
v-superhot_v131072.r05	-	50000000	1	250007540	0	241
v-superhot_v131072.r06	-	50000000	1	300007540	0	289
v-superhot_v131072.r07	-	50000000	1	350007540	0	337
v-superhot_v131072.r08	-	50000000	1	400007540	0	385
v-superhot_v131072.r09	-	50000000	1	450007540	0	433
v-superhot_v131072.r10	-	50000000	1	500007540	0	481
v-superhot_v131072.r11	-	50000000	1	12251264	1	12
v-superhot_v131072.r12	-	50000000	1	62251264	1	60
v-superhot_v131072.r13	-	50000000	1	112251264	1	108
v-superhot_v131072.r14	-	50000000	1	162251264	1	156
v-superhot_v131072.r15	-	50000000	1	212251264	1	204
v-superhot_v131072.r16	-	50000000	1	262251264	1	252
v-superhot_v131072.r17	-	50000000	1	312251264	1	300
v-superhot_v131072.r18	-	50000000	1	362251264	1	348
v-superhot_v131072.r19	-	50000000	1	412251264	1	396
v-superhot_v131072.r20	-	38709654	1	462251264	1	444
v-superhot_v131072.rar	-	50000000	1	500960918	1	481
v-superhot_v131072.sfv	-	726	1	13299840	2	13
