l-rebelgo.nfo	-	1064	1	0	0	0
l-rebelgo.r00	-	200000000	1	1064	0	1
l-rebelgo.r01	-	200000000	1	200001064	0	192
l-rebelgo.r02	-	200000000	1	400001064	0	383
l-rebelgo.r03	-	200000000	1	62636544	1	60
l-rebelgo.r04	-	200000000	1	262636544	1	251
l-rebelgo.r05	-	200000000	1	462636544	1	442
l-rebelgo.r06	-	200000000	1	125551104	2	120
l-rebelgo.r07	-	200000000	1	325551104	2	311
l-rebelgo.r08	-	200000000	1	525551104	2	502
l-rebelgo.r09	-	200000000	1	188465664	3	180
l-rebelgo.r10	-	200000000	1	388465664	3	371
l-rebelgo.r11	-	200000000	1	51102208	4	49
l-rebelgo.r12	-	200000000	1	251102208	4	240
l-rebelgo.r13	-	200000000	1	451102208	4	431
l-rebelgo.r14	-	200000000	1	114016768	5	109
l-rebelgo.r15	-	200000000	1	314016768	5	300
l-rebelgo.r16	-	200000000	1	514016768	5	491
l-rebelgo.r17	-	200000000	1	176931328	6	169
l-rebelgo.r18	-	200000000	1	376931328	6	360
l-rebelgo.r19	-	200000000	1	39567872	7	38
l-rebelgo.r20	-	200000000	1	239567872	7	229
l-rebelgo.r21	-	200000000	1	439567872	7	420
l-rebelgo.r22	-	200000000	1	102482432	8	98
l-rebelgo.r23	-	200000000	1	302482432	8	289
l-rebelgo.r24	-	200000000	1	502482432	8	480
l-rebelgo.r25	-	200000000	1	165396992	9	158
l-rebelgo.r26	-	200000000	1	365396992	9	349
l-rebelgo.r27	-	200000000	1	28033536	10	27
l-rebelgo.r28	-	200000000	1	228033536	10	218
l-rebelgo.r29	-	200000000	1	428033536	10	409
l-rebelgo.r30	-	200000000	1	90948096	11	87
l-rebelgo.r31	-	200000000	1	290948096	11	278
l-rebelgo.r32	-	200000000	1	490948096	11	469
l-rebelgo.r33	-	200000000	1	153862656	12	147
l-rebelgo.r34	-	200000000	1	353862656	12	338
l-rebelgo.r35	-	200000000	1	16499200	13	16
l-rebelgo.r36	-	200000000	1	216499200	13	207
l-rebelgo.r37	-	200000000	1	416499200	13	398
l-rebelgo.r38	-	200000000	1	79413760	14	76
l-rebelgo.r39	-	200000000	1	279413760	14	267
l-rebelgo.r40	-	200000000	1	479413760	14	458
l-rebelgo.r41	-	200000000	1	142328320	15	136
l-rebelgo.r42	-	200000000	1	342328320	15	327
l-rebelgo.r43	-	200000000	1	4964864	16	5
l-rebelgo.r44	-	200000000	1	204964864	16	196
l-rebelgo.r45	-	200000000	1	404964864	16	387
l-rebelgo.r46	-	200000000	1	67879424	17	65
l-rebelgo.r47	-	200000000	1	267879424	17	256
l-rebelgo.r48	-	200000000	1	467879424	17	447
l-rebelgo.r49	-	200000000	1	130793984	18	125
l-rebelgo.r50	-	200000000	1	330793984	18	316
l-rebelgo.r51	-	200000000	1	530793984	18	507
l-rebelgo.r52	-	200000000	1	193708544	19	185
l-rebelgo.r53	-	200000000	1	393708544	19	376
l-rebelgo.r54	-	200000000	1	56345088	20	54
l-rebelgo.r55	-	200000000	1	256345088	20	245
l-rebelgo.r56	-	200000000	1	456345088	20	436
l-rebelgo.r57	-	200000000	1	119259648	21	114
l-rebelgo.r58	-	200000000	1	319259648	21	305
l-rebelgo.r59	-	200000000	1	519259648	21	496
l-rebelgo.r60	-	161249807	1	182174208	22	174
l-rebelgo.rar	-	200000000	1	343424015	22	328
l-rebelgo.sfv	-	1488	1	6013440	23	6
