hr-ay7eav65536.nfo	-	11258	1	0	0	0
hr-ay7eav65536.r00	-	50000000	1	11258	0	1
hr-ay7eav65536.r01	-	50000000	1	50011258	0	49
hr-ay7eav65536.r02	-	50000000	1	100011258	0	97
hr-ay7eav65536.r03	-	50000000	1	150011258	0	145
hr-ay7eav65536.r04	-	50000000	1	200011258	0	193
hr-ay7eav65536.r05	-	50000000	1	250011258	0	241
hr-ay7eav65536.r06	-	50000000	1	300011258	0	289
hr-ay7eav65536.r07	-	50000000	1	350011258	0	337
hr-ay7eav65536.r08	-	50000000	1	400011258	0	385
hr-ay7eav65536.r09	-	50000000	1	450011258	0	433
hr-ay7eav65536.r10	-	50000000	1	500011258	0	481
hr-ay7eav65536.r11	-	50000000	1	12251264	1	12
hr-ay7eav65536.r12	-	50000000	1	62251264	1	60
hr-ay7eav65536.r13	-	50000000	1	112251264	1	108
hr-ay7eav65536.r14	-	50000000	1	162251264	1	156
hr-ay7eav65536.r15	-	50000000	1	212251264	1	204
hr-ay7eav65536.r16	-	50000000	1	262251264	1	252
hr-ay7eav65536.r17	-	50000000	1	312251264	1	300
hr-ay7eav65536.r18	-	36181731	1	362251264	1	348
hr-ay7eav65536.rar	-	50000000	1	398432995	1	383
hr-ay7eav65536.sfv	-	580	1	448432995	1	431
