sxs-no_mans_sky_v983040.nfo	-	7226	1	0	0	0
sxs-no_mans_sky_v983040.r00	-	100000000	1	7226	0	1
sxs-no_mans_sky_v983040.r01	-	100000000	1	100007226	0	97
sxs-no_mans_sky_v983040.r02	-	100000000	1	200007226	0	193
sxs-no_mans_sky_v983040.r03	-	100000000	1	300007226	0	289
sxs-no_mans_sky_v983040.r04	-	100000000	1	400007226	0	385
sxs-no_mans_sky_v983040.r05	-	100000000	1	500007226	0	481
sxs-no_mans_sky_v983040.r06	-	100000000	1	62251264	1	60
sxs-no_mans_sky_v983040.r07	-	100000000	1	162251264	1	156
sxs-no_mans_sky_v983040.r08	-	100000000	1	262251264	1	252
sxs-no_mans_sky_v983040.r09	-	100000000	1	362251264	1	348
sxs-no_mans_sky_v983040.r10	-	100000000	1	462251264	1	444
sxs-no_mans_sky_v983040.r11	-	100000000	1	24502528	2	24
sxs-no_mans_sky_v983040.r12	-	100000000	1	124502528	2	120
sxs-no_mans_sky_v983040.r13	-	100000000	1	224502528	2	216
sxs-no_mans_sky_v983040.r14	-	100000000	1	324502528	2	312
sxs-no_mans_sky_v983040.r15	-	100000000	1	424502528	2	408
sxs-no_mans_sky_v983040.r16	-	100000000	1	524502528	2	504
sxs-no_mans_sky_v983040.r17	-	100000000	1	87417088	3	84
sxs-no_mans_sky_v983040.r18	-	7045112	1	187417088	3	180
sxs-no_mans_sky_v983040.rar	-	100000000	1	194462200	3	187
sxs-no_mans_sky_v983040.sfv	-	760	1	294462200	3	283
