hr-az6la.nfo	-	11258	1	0	0	0
hr-az6la.r00	-	50000000	1	11258	0	1
hr-az6la.r01	-	50000000	1	50011258	0	49
hr-az6la.r02	-	50000000	1	100011258	0	97
hr-az6la.r03	-	50000000	1	150011258	0	145
hr-az6la.r04	-	50000000	1	200011258	0	193
hr-az6la.r05	-	50000000	1	250011258	0	241
hr-az6la.r06	-	50000000	1	300011258	0	289
hr-az6la.r07	-	50000000	1	350011258	0	337
hr-az6la.r08	-	50000000	1	400011258	0	385
hr-az6la.r09	-	50000000	1	450011258	0	433
hr-az6la.r10	-	50000000	1	500011258	0	481
hr-az6la.r11	-	50000000	1	12251264	1	12
hr-az6la.r12	-	50000000	1	62251264	1	60
hr-az6la.r13	-	50000000	1	112251264	1	108
hr-az6la.r14	-	50000000	1	162251264	1	156
hr-az6la.r15	-	50000000	1	212251264	1	204
hr-az6la.r16	-	50000000	1	262251264	1	252
hr-az6la.r17	-	50000000	1	312251264	1	300
hr-az6la.r18	-	50000000	1	362251264	1	348
hr-az6la.r19	-	50000000	1	412251264	1	396
hr-az6la.r20	-	50000000	1	462251264	1	444
hr-az6la.r21	-	50000000	1	512251264	1	492
hr-az6la.r22	-	50000000	1	24834176	2	24
hr-az6la.r23	-	50000000	1	74834176	2	72
hr-az6la.r24	-	50000000	1	124834176	2	120
hr-az6la.r25	-	50000000	1	174834176	2	168
hr-az6la.r26	-	50000000	1	224834176	2	216
hr-az6la.r27	-	50000000	1	274834176	2	264
hr-az6la.r28	-	50000000	1	324834176	2	312
hr-az6la.r29	-	50000000	1	374834176	2	360
hr-az6la.r30	-	50000000	1	424834176	2	408
hr-az6la.r31	-	50000000	1	474834176	2	456
hr-az6la.r32	-	50000000	1	524834176	2	504
hr-az6la.r33	-	50000000	1	37417088	3	36
hr-az6la.r34	-	50000000	1	87417088	3	84
hr-az6la.r35	-	50000000	1	137417088	3	132
hr-az6la.r36	-	50000000	1	187417088	3	180
hr-az6la.r37	-	50000000	1	237417088	3	228
hr-az6la.r38	-	50000000	1	287417088	3	276
hr-az6la.r39	-	50000000	1	337417088	3	324
hr-az6la.r40	-	50000000	1	387417088	3	372
hr-az6la.r41	-	50000000	1	437417088	3	420
hr-az6la.r42	-	50000000	1	487417088	3	468
hr-az6la.r43	-	50000000	1	0	4	0
hr-az6la.r44	-	50000000	1	50000000	4	48
hr-az6la.r45	-	50000000	1	100000000	4	96
hr-az6la.r46	-	50000000	1	150000000	4	144
hr-az6la.r47	-	50000000	1	200000000	4	192
hr-az6la.r48	-	50000000	1	250000000	4	240
hr-az6la.r49	-	50000000	1	300000000	4	288
hr-az6la.r50	-	50000000	1	350000000	4	336
hr-az6la.r51	-	50000000	1	400000000	4	384
hr-az6la.r52	-	50000000	1	450000000	4	432
hr-az6la.r53	-	50000000	1	500000000	4	480
hr-az6la.r54	-	50000000	1	12251264	5	12
hr-az6la.r55	-	38512831	1	62251264	5	60
hr-az6la.rar	-	50000000	1	100764095	5	97
hr-az6la.sfv	-	1311	1	150764095	5	145
Proof	d	0	1	150765406	5	146
Proof/hr-az6la.jpg	-	127974	1	150765406	5	146
