sxs-sky_force_reloaded_v196608.nfo	-	4887	1	0	0	0
sxs-sky_force_reloaded_v196608.r00	-	50000000	1	4887	0	1
sxs-sky_force_reloaded_v196608.r01	-	50000000	1	50004887	0	49
sxs-sky_force_reloaded_v196608.r02	-	50000000	1	100004887	0	97
sxs-sky_force_reloaded_v196608.r03	-	50000000	1	150004887	0	145
sxs-sky_force_reloaded_v196608.r04	-	50000000	1	200004887	0	193
sxs-sky_force_reloaded_v196608.r05	-	50000000	1	250004887	0	241
sxs-sky_force_reloaded_v196608.r06	-	50000000	1	300004887	0	289
sxs-sky_force_reloaded_v196608.r07	-	50000000	1	350004887	0	337
sxs-sky_force_reloaded_v196608.r08	-	50000000	1	400004887	0	385
sxs-sky_force_reloaded_v196608.r09	-	50000000	1	450004887	0	433
sxs-sky_force_reloaded_v196608.r10	-	50000000	1	500004887	0	481
sxs-sky_force_reloaded_v196608.r11	-	50000000	1	12251264	1	12
sxs-sky_force_reloaded_v196608.r12	-	50000000	1	62251264	1	60
sxs-sky_force_reloaded_v196608.r13	-	50000000	1	112251264	1	108
sxs-sky_force_reloaded_v196608.r14	-	50000000	1	162251264	1	156
sxs-sky_force_reloaded_v196608.r15	-	50000000	1	212251264	1	204
sxs-sky_force_reloaded_v196608.r16	-	50000000	1	262251264	1	252
sxs-sky_force_reloaded_v196608.r17	-	50000000	1	312251264	1	300
sxs-sky_force_reloaded_v196608.r18	-	50000000	1	362251264	1	348
sxs-sky_force_reloaded_v196608.r19	-	50000000	1	412251264	1	396
sxs-sky_force_reloaded_v196608.r20	-	50000000	1	462251264	1	444
sxs-sky_force_reloaded_v196608.r21	-	49082140	1	512251264	1	492
sxs-sky_force_reloaded_v196608.rar	-	50000000	1	23916316	2	23
sxs-sky_force_reloaded_v196608.sfv	-	1035	1	73916316	2	71
