v-fight_n_rage.nfo	-	5512	1	0	0	0
v-fight_n_rage.r00	-	50000000	1	5512	0	1
v-fight_n_rage.r01	-	50000000	1	50005512	0	49
v-fight_n_rage.r02	-	50000000	1	100005512	0	97
v-fight_n_rage.r03	-	50000000	1	150005512	0	145
v-fight_n_rage.r04	-	50000000	1	200005512	0	193
v-fight_n_rage.r05	-	50000000	1	250005512	0	241
v-fight_n_rage.r06	-	50000000	1	300005512	0	289
v-fight_n_rage.r07	-	50000000	1	350005512	0	337
v-fight_n_rage.r08	-	773778	1	400005512	0	385
v-fight_n_rage.rar	-	50000000	1	400779290	0	386
v-fight_n_rage.sfv	-	290	1	450779290	0	434
