v-blood_waves.nfo	-	4733	1	0	0	0
v-blood_waves.r00	-	50000000	1	4733	0	1
v-blood_waves.r01	-	50000000	1	50004733	0	49
v-blood_waves.r02	-	50000000	1	100004733	0	97
v-blood_waves.r03	-	50000000	1	150004733	0	145
v-blood_waves.r04	-	50000000	1	200004733	0	193
v-blood_waves.r05	-	50000000	1	250004733	0	241
v-blood_waves.r06	-	50000000	1	300004733	0	289
v-blood_waves.r07	-	50000000	1	350004733	0	337
v-blood_waves.r08	-	50000000	1	400004733	0	385
v-blood_waves.r09	-	50000000	1	450004733	0	433
v-blood_waves.r10	-	50000000	1	500004733	0	481
v-blood_waves.r11	-	50000000	1	12251264	1	12
v-blood_waves.r12	-	50000000	1	62251264	1	60
v-blood_waves.r13	-	50000000	1	112251264	1	108
v-blood_waves.r14	-	50000000	1	162251264	1	156
v-blood_waves.r15	-	50000000	1	212251264	1	204
v-blood_waves.r16	-	50000000	1	262251264	1	252
v-blood_waves.r17	-	50000000	1	312251264	1	300
v-blood_waves.r18	-	50000000	1	362251264	1	348
v-blood_waves.r19	-	50000000	1	412251264	1	396
v-blood_waves.r20	-	50000000	1	462251264	1	444
v-blood_waves.r21	-	50000000	1	512251264	1	492
v-blood_waves.r22	-	50000000	1	24834176	2	24
v-blood_waves.r23	-	50000000	1	74834176	2	72
v-blood_waves.r24	-	50000000	1	124834176	2	120
v-blood_waves.r25	-	50000000	1	174834176	2	168
v-blood_waves.r26	-	50000000	1	224834176	2	216
v-blood_waves.r27	-	50000000	1	274834176	2	264
v-blood_waves.r28	-	50000000	1	324834176	2	312
v-blood_waves.r29	-	50000000	1	374834176	2	360
v-blood_waves.r30	-	50000000	1	424834176	2	408
v-blood_waves.r31	-	50000000	1	474834176	2	456
v-blood_waves.r32	-	50000000	1	524834176	2	504
v-blood_waves.r33	-	50000000	1	37417088	3	36
v-blood_waves.r34	-	18210636	1	87417088	3	84
v-blood_waves.rar	-	50000000	1	105627724	3	102
v-blood_waves.sfv	-	1008	1	155627724	3	150
