n-ntftb_v131072.nfo	-	6072	1	0	0	0
n-ntftb_v131072.r00	-	150000000	1	6072	0	1
n-ntftb_v131072.r01	-	150000000	1	150006072	0	145
n-ntftb_v131072.r02	-	150000000	1	300006072	0	289
n-ntftb_v131072.r03	-	150000000	1	450006072	0	433
n-ntftb_v131072.r04	-	150000000	1	62968192	1	61
n-ntftb_v131072.r05	-	150000000	1	212968192	1	205
n-ntftb_v131072.r06	-	150000000	1	362968192	1	349
n-ntftb_v131072.r07	-	150000000	1	512968192	1	493
n-ntftb_v131072.r08	-	150000000	1	125882752	2	121
n-ntftb_v131072.r09	-	150000000	1	275882752	2	265
n-ntftb_v131072.r10	-	150000000	1	425882752	2	409
n-ntftb_v131072.r11	-	150000000	1	38850944	3	38
n-ntftb_v131072.r12	-	150000000	1	188850944	3	182
n-ntftb_v131072.r13	-	150000000	1	338850944	3	326
n-ntftb_v131072.r14	-	150000000	1	488850944	3	470
n-ntftb_v131072.r15	-	150000000	1	101765504	4	98
n-ntftb_v131072.r16	-	150000000	1	251765504	4	242
n-ntftb_v131072.r17	-	150000000	1	401765504	4	386
n-ntftb_v131072.r18	-	150000000	1	14733696	5	15
n-ntftb_v131072.r19	-	150000000	1	164733696	5	159
n-ntftb_v131072.r20	-	150000000	1	314733696	5	303
n-ntftb_v131072.r21	-	150000000	1	464733696	5	447
n-ntftb_v131072.r22	-	150000000	1	77648256	6	75
n-ntftb_v131072.r23	-	150000000	1	227648256	6	219
n-ntftb_v131072.r24	-	150000000	1	377648256	6	363
n-ntftb_v131072.r25	-	150000000	1	527648256	6	507
n-ntftb_v131072.r26	-	150000000	1	140562816	7	135
n-ntftb_v131072.r27	-	150000000	1	290562816	7	279
n-ntftb_v131072.r28	-	150000000	1	440562816	7	423
n-ntftb_v131072.r29	-	150000000	1	53531008	8	52
n-ntftb_v131072.r30	-	150000000	1	203531008	8	196
n-ntftb_v131072.r31	-	150000000	1	353531008	8	340
n-ntftb_v131072.r32	-	150000000	1	503531008	8	484
n-ntftb_v131072.r33	-	150000000	1	116445568	9	112
n-ntftb_v131072.r34	-	150000000	1	266445568	9	256
n-ntftb_v131072.r35	-	150000000	1	416445568	9	400
n-ntftb_v131072.r36	-	150000000	1	29413760	10	29
n-ntftb_v131072.r37	-	150000000	1	179413760	10	173
n-ntftb_v131072.r38	-	150000000	1	329413760	10	317
n-ntftb_v131072.r39	-	150000000	1	479413760	10	461
n-ntftb_v131072.r40	-	150000000	1	92328320	11	89
n-ntftb_v131072.r41	-	150000000	1	242328320	11	233
n-ntftb_v131072.r42	-	150000000	1	392328320	11	377
n-ntftb_v131072.r43	-	150000000	1	5296512	12	6
n-ntftb_v131072.r44	-	150000000	1	155296512	12	150
n-ntftb_v131072.r45	-	150000000	1	305296512	12	294
n-ntftb_v131072.r46	-	150000000	1	455296512	12	438
n-ntftb_v131072.r47	-	150000000	1	68211072	13	66
n-ntftb_v131072.r48	-	150000000	1	218211072	13	210
n-ntftb_v131072.r49	-	150000000	1	368211072	13	354
n-ntftb_v131072.r50	-	150000000	1	518211072	13	498
n-ntftb_v131072.r51	-	150000000	1	131125632	14	126
n-ntftb_v131072.r52	-	150000000	1	281125632	14	270
n-ntftb_v131072.r53	-	150000000	1	431125632	14	414
n-ntftb_v131072.r54	-	150000000	1	44093824	15	43
n-ntftb_v131072.r55	-	150000000	1	194093824	15	187
n-ntftb_v131072.r56	-	150000000	1	344093824	15	331
n-ntftb_v131072.r57	-	150000000	1	494093824	15	475
n-ntftb_v131072.r58	-	150000000	1	107008384	16	103
n-ntftb_v131072.r59	-	150000000	1	257008384	16	247
n-ntftb_v131072.r60	-	150000000	1	407008384	16	391
n-ntftb_v131072.r61	-	150000000	1	19976576	17	20
n-ntftb_v131072.r62	-	150000000	1	169976576	17	164
n-ntftb_v131072.r63	-	150000000	1	319976576	17	308
n-ntftb_v131072.r64	-	150000000	1	469976576	17	452
n-ntftb_v131072.r65	-	150000000	1	82891136	18	80
n-ntftb_v131072.r66	-	150000000	1	232891136	18	224
n-ntftb_v131072.r67	-	138166257	1	382891136	18	368
n-ntftb_v131072.rar	-	150000000	1	521057393	18	500
n-ntftb_v131072.sfv	-	2070	1	133222784	19	128
