sxs-overlanders_v262144.nfo	-	4808	1	0	0	0
sxs-overlanders_v262144.r00	-	50000000	1	4808	0	1
sxs-overlanders_v262144.r01	-	50000000	1	50004808	0	49
sxs-overlanders_v262144.r02	-	50000000	1	100004808	0	97
sxs-overlanders_v262144.r03	-	50000000	1	150004808	0	145
sxs-overlanders_v262144.r04	-	50000000	1	200004808	0	193
sxs-overlanders_v262144.r05	-	50000000	1	250004808	0	241
sxs-overlanders_v262144.r06	-	50000000	1	300004808	0	289
sxs-overlanders_v262144.r07	-	50000000	1	350004808	0	337
sxs-overlanders_v262144.r08	-	50000000	1	400004808	0	385
sxs-overlanders_v262144.r09	-	50000000	1	450004808	0	433
sxs-overlanders_v262144.r10	-	50000000	1	500004808	0	481
sxs-overlanders_v262144.r11	-	50000000	1	12251264	1	12
sxs-overlanders_v262144.r12	-	50000000	1	62251264	1	60
sxs-overlanders_v262144.r13	-	50000000	1	112251264	1	108
sxs-overlanders_v262144.r14	-	50000000	1	162251264	1	156
sxs-overlanders_v262144.r15	-	50000000	1	212251264	1	204
sxs-overlanders_v262144.r16	-	50000000	1	262251264	1	252
sxs-overlanders_v262144.r17	-	50000000	1	312251264	1	300
sxs-overlanders_v262144.r18	-	50000000	1	362251264	1	348
sxs-overlanders_v262144.r19	-	50000000	1	412251264	1	396
sxs-overlanders_v262144.r20	-	50000000	1	462251264	1	444
sxs-overlanders_v262144.r21	-	50000000	1	512251264	1	492
sxs-overlanders_v262144.r22	-	50000000	1	24834176	2	24
sxs-overlanders_v262144.r23	-	50000000	1	74834176	2	72
sxs-overlanders_v262144.r24	-	50000000	1	124834176	2	120
sxs-overlanders_v262144.r25	-	50000000	1	174834176	2	168
sxs-overlanders_v262144.r26	-	50000000	1	224834176	2	216
sxs-overlanders_v262144.r27	-	50000000	1	274834176	2	264
sxs-overlanders_v262144.r28	-	50000000	1	324834176	2	312
sxs-overlanders_v262144.r29	-	50000000	1	374834176	2	360
sxs-overlanders_v262144.r30	-	50000000	1	424834176	2	408
sxs-overlanders_v262144.r31	-	50000000	1	474834176	2	456
sxs-overlanders_v262144.r32	-	50000000	1	524834176	2	504
sxs-overlanders_v262144.r33	-	50000000	1	37417088	3	36
sxs-overlanders_v262144.r34	-	50000000	1	87417088	3	84
sxs-overlanders_v262144.r35	-	50000000	1	137417088	3	132
sxs-overlanders_v262144.r36	-	50000000	1	187417088	3	180
sxs-overlanders_v262144.r37	-	50000000	1	237417088	3	228
sxs-overlanders_v262144.r38	-	50000000	1	287417088	3	276
sxs-overlanders_v262144.r39	-	50000000	1	337417088	3	324
sxs-overlanders_v262144.r40	-	50000000	1	387417088	3	372
sxs-overlanders_v262144.r41	-	50000000	1	437417088	3	420
sxs-overlanders_v262144.r42	-	50000000	1	487417088	3	468
sxs-overlanders_v262144.r43	-	50000000	1	0	4	0
sxs-overlanders_v262144.r44	-	50000000	1	50000000	4	48
sxs-overlanders_v262144.r45	-	50000000	1	100000000	4	96
sxs-overlanders_v262144.r46	-	50000000	1	150000000	4	144
sxs-overlanders_v262144.r47	-	50000000	1	200000000	4	192
sxs-overlanders_v262144.r48	-	50000000	1	250000000	4	240
sxs-overlanders_v262144.r49	-	50000000	1	300000000	4	288
sxs-overlanders_v262144.r50	-	50000000	1	350000000	4	336
sxs-overlanders_v262144.r51	-	50000000	1	400000000	4	384
sxs-overlanders_v262144.r52	-	50000000	1	450000000	4	432
sxs-overlanders_v262144.r53	-	50000000	1	500000000	4	480
sxs-overlanders_v262144.r54	-	50000000	1	12251264	5	12
sxs-overlanders_v262144.r55	-	50000000	1	62251264	5	60
sxs-overlanders_v262144.r56	-	50000000	1	112251264	5	108
sxs-overlanders_v262144.r57	-	50000000	1	162251264	5	156
sxs-overlanders_v262144.r58	-	50000000	1	212251264	5	204
sxs-overlanders_v262144.r59	-	50000000	1	262251264	5	252
sxs-overlanders_v262144.r60	-	50000000	1	312251264	5	300
sxs-overlanders_v262144.r61	-	50000000	1	362251264	5	348
sxs-overlanders_v262144.r62	-	50000000	1	412251264	5	396
sxs-overlanders_v262144.r63	-	50000000	1	462251264	5	444
sxs-overlanders_v262144.r64	-	50000000	1	512251264	5	492
sxs-overlanders_v262144.r65	-	13401371	1	24834176	6	24
sxs-overlanders_v262144.rar	-	50000000	1	38235547	6	37
sxs-overlanders_v262144.sfv	-	2546	1	88235547	6	85
