v-shaolin_vs_wutang.nfo	-	5668	1	0	0	0
v-shaolin_vs_wutang.r00	-	100000000	1	5668	0	1
v-shaolin_vs_wutang.r01	-	100000000	1	100005668	0	97
v-shaolin_vs_wutang.r02	-	100000000	1	200005668	0	193
v-shaolin_vs_wutang.r03	-	100000000	1	300005668	0	289
v-shaolin_vs_wutang.r04	-	100000000	1	400005668	0	385
v-shaolin_vs_wutang.r05	-	100000000	1	500005668	0	481
v-shaolin_vs_wutang.r06	-	100000000	1	62251264	1	60
v-shaolin_vs_wutang.r07	-	100000000	1	162251264	1	156
v-shaolin_vs_wutang.r08	-	100000000	1	262251264	1	252
v-shaolin_vs_wutang.r09	-	100000000	1	362251264	1	348
v-shaolin_vs_wutang.r10	-	100000000	1	462251264	1	444
v-shaolin_vs_wutang.r11	-	100000000	1	24502528	2	24
v-shaolin_vs_wutang.r12	-	100000000	1	124502528	2	120
v-shaolin_vs_wutang.r13	-	100000000	1	224502528	2	216
v-shaolin_vs_wutang.r14	-	100000000	1	324502528	2	312
v-shaolin_vs_wutang.r15	-	100000000	1	424502528	2	408
v-shaolin_vs_wutang.r16	-	100000000	1	524502528	2	504
v-shaolin_vs_wutang.r17	-	100000000	1	87417088	3	84
v-shaolin_vs_wutang.r18	-	100000000	1	187417088	3	180
v-shaolin_vs_wutang.r19	-	100000000	1	287417088	3	276
v-shaolin_vs_wutang.r20	-	100000000	1	387417088	3	372
v-shaolin_vs_wutang.r21	-	100000000	1	487417088	3	468
v-shaolin_vs_wutang.r22	-	100000000	1	49668352	4	48
v-shaolin_vs_wutang.r23	-	100000000	1	149668352	4	144
v-shaolin_vs_wutang.r24	-	100000000	1	249668352	4	240
v-shaolin_vs_wutang.r25	-	100000000	1	349668352	4	336
v-shaolin_vs_wutang.r26	-	100000000	1	449668352	4	432
v-shaolin_vs_wutang.r27	-	100000000	1	11919616	5	12
v-shaolin_vs_wutang.r28	-	100000000	1	111919616	5	108
v-shaolin_vs_wutang.r29	-	100000000	1	211919616	5	204
v-shaolin_vs_wutang.r30	-	100000000	1	311919616	5	300
v-shaolin_vs_wutang.r31	-	100000000	1	411919616	5	396
v-shaolin_vs_wutang.r32	-	100000000	1	511919616	5	492
v-shaolin_vs_wutang.r33	-	100000000	1	74834176	6	72
v-shaolin_vs_wutang.r34	-	100000000	1	174834176	6	168
v-shaolin_vs_wutang.r35	-	100000000	1	274834176	6	264
v-shaolin_vs_wutang.r36	-	100000000	1	374834176	6	360
v-shaolin_vs_wutang.r37	-	100000000	1	474834176	6	456
v-shaolin_vs_wutang.r38	-	100000000	1	37085440	7	36
v-shaolin_vs_wutang.r39	-	100000000	1	137085440	7	132
v-shaolin_vs_wutang.r40	-	100000000	1	237085440	7	228
v-shaolin_vs_wutang.r41	-	100000000	1	337085440	7	324
v-shaolin_vs_wutang.r42	-	100000000	1	437085440	7	420
v-shaolin_vs_wutang.r43	-	100000000	1	0	8	0
v-shaolin_vs_wutang.r44	-	100000000	1	100000000	8	96
v-shaolin_vs_wutang.r45	-	100000000	1	200000000	8	192
v-shaolin_vs_wutang.r46	-	100000000	1	300000000	8	288
v-shaolin_vs_wutang.r47	-	100000000	1	400000000	8	384
v-shaolin_vs_wutang.r48	-	100000000	1	500000000	8	480
v-shaolin_vs_wutang.r49	-	100000000	1	62251264	9	60
v-shaolin_vs_wutang.r50	-	100000000	1	162251264	9	156
v-shaolin_vs_wutang.r51	-	100000000	1	262251264	9	252
v-shaolin_vs_wutang.r52	-	100000000	1	362251264	9	348
v-shaolin_vs_wutang.r53	-	100000000	1	462251264	9	444
v-shaolin_vs_wutang.r54	-	100000000	1	24502528	10	24
v-shaolin_vs_wutang.r55	-	100000000	1	124502528	10	120
v-shaolin_vs_wutang.r56	-	100000000	1	224502528	10	216
v-shaolin_vs_wutang.r57	-	100000000	1	324502528	10	312
v-shaolin_vs_wutang.r58	-	100000000	1	424502528	10	408
v-shaolin_vs_wutang.r59	-	100000000	1	524502528	10	504
v-shaolin_vs_wutang.r60	-	100000000	1	87417088	11	84
v-shaolin_vs_wutang.r61	-	100000000	1	187417088	11	180
v-shaolin_vs_wutang.r62	-	100000000	1	287417088	11	276
v-shaolin_vs_wutang.r63	-	100000000	1	387417088	11	372
v-shaolin_vs_wutang.r64	-	100000000	1	487417088	11	468
v-shaolin_vs_wutang.r65	-	100000000	1	49668352	12	48
v-shaolin_vs_wutang.r66	-	100000000	1	149668352	12	144
v-shaolin_vs_wutang.r67	-	100000000	1	249668352	12	240
v-shaolin_vs_wutang.r68	-	100000000	1	349668352	12	336
v-shaolin_vs_wutang.r69	-	100000000	1	449668352	12	432
v-shaolin_vs_wutang.r70	-	100000000	1	11919616	13	12
v-shaolin_vs_wutang.r71	-	100000000	1	111919616	13	108
v-shaolin_vs_wutang.r72	-	100000000	1	211919616	13	204
v-shaolin_vs_wutang.r73	-	100000000	1	311919616	13	300
v-shaolin_vs_wutang.r74	-	100000000	1	411919616	13	396
v-shaolin_vs_wutang.r75	-	100000000	1	511919616	13	492
v-shaolin_vs_wutang.r76	-	41642584	1	74834176	14	72
v-shaolin_vs_wutang.rar	-	100000000	1	116476760	14	112
v-shaolin_vs_wutang.sfv	-	2652	1	216476760	14	208
