sxs-samurai_shodown_v262144.nfo	-	6602	1	0	0	0
sxs-samurai_shodown_v262144.r00	-	50000000	1	6602	0	1
sxs-samurai_shodown_v262144.r01	-	50000000	1	50006602	0	49
sxs-samurai_shodown_v262144.r02	-	50000000	1	100006602	0	97
sxs-samurai_shodown_v262144.r03	-	50000000	1	150006602	0	145
sxs-samurai_shodown_v262144.r04	-	50000000	1	200006602	0	193
sxs-samurai_shodown_v262144.r05	-	50000000	1	250006602	0	241
sxs-samurai_shodown_v262144.r06	-	50000000	1	300006602	0	289
sxs-samurai_shodown_v262144.r07	-	50000000	1	350006602	0	337
sxs-samurai_shodown_v262144.r08	-	50000000	1	400006602	0	385
sxs-samurai_shodown_v262144.r09	-	50000000	1	450006602	0	433
sxs-samurai_shodown_v262144.r10	-	50000000	1	500006602	0	481
sxs-samurai_shodown_v262144.r11	-	50000000	1	12251264	1	12
sxs-samurai_shodown_v262144.r12	-	50000000	1	62251264	1	60
sxs-samurai_shodown_v262144.r13	-	50000000	1	112251264	1	108
sxs-samurai_shodown_v262144.r14	-	50000000	1	162251264	1	156
sxs-samurai_shodown_v262144.r15	-	50000000	1	212251264	1	204
sxs-samurai_shodown_v262144.r16	-	50000000	1	262251264	1	252
sxs-samurai_shodown_v262144.r17	-	50000000	1	312251264	1	300
sxs-samurai_shodown_v262144.r18	-	50000000	1	362251264	1	348
sxs-samurai_shodown_v262144.r19	-	50000000	1	412251264	1	396
sxs-samurai_shodown_v262144.r20	-	50000000	1	462251264	1	444
sxs-samurai_shodown_v262144.r21	-	50000000	1	512251264	1	492
sxs-samurai_shodown_v262144.r22	-	50000000	1	24834176	2	24
sxs-samurai_shodown_v262144.r23	-	50000000	1	74834176	2	72
sxs-samurai_shodown_v262144.r24	-	50000000	1	124834176	2	120
sxs-samurai_shodown_v262144.r25	-	50000000	1	174834176	2	168
sxs-samurai_shodown_v262144.r26	-	50000000	1	224834176	2	216
sxs-samurai_shodown_v262144.r27	-	50000000	1	274834176	2	264
sxs-samurai_shodown_v262144.r28	-	50000000	1	324834176	2	312
sxs-samurai_shodown_v262144.r29	-	50000000	1	374834176	2	360
sxs-samurai_shodown_v262144.r30	-	37699689	1	424834176	2	408
sxs-samurai_shodown_v262144.rar	-	50000000	1	462533865	2	444
sxs-samurai_shodown_v262144.sfv	-	1344	1	512533865	2	492
