sxs-a_memoir_blue_v131072.nfo	-	4340	1	0	0	0
sxs-a_memoir_blue_v131072.r00	-	50000000	1	4340	0	1
sxs-a_memoir_blue_v131072.r01	-	50000000	1	50004340	0	49
sxs-a_memoir_blue_v131072.r02	-	50000000	1	100004340	0	97
sxs-a_memoir_blue_v131072.r03	-	50000000	1	150004340	0	145
sxs-a_memoir_blue_v131072.r04	-	50000000	1	200004340	0	193
sxs-a_memoir_blue_v131072.r05	-	50000000	1	250004340	0	241
sxs-a_memoir_blue_v131072.r06	-	50000000	1	300004340	0	289
sxs-a_memoir_blue_v131072.r07	-	32587132	1	350004340	0	337
sxs-a_memoir_blue_v131072.rar	-	50000000	1	382591472	0	369
sxs-a_memoir_blue_v131072.sfv	-	360	1	432591472	0	417
