v-sumohd_v196608.nfo	-	4342	1	0	0	0
v-sumohd_v196608.r00	-	50000000	1	4342	0	1
v-sumohd_v196608.r01	-	50000000	1	50004342	0	49
v-sumohd_v196608.r02	-	50000000	1	100004342	0	97
v-sumohd_v196608.r03	-	50000000	1	150004342	0	145
v-sumohd_v196608.r04	-	50000000	1	200004342	0	193
v-sumohd_v196608.r05	-	50000000	1	250004342	0	241
v-sumohd_v196608.r06	-	50000000	1	300004342	0	289
v-sumohd_v196608.r07	-	50000000	1	350004342	0	337
v-sumohd_v196608.r08	-	34953366	1	400004342	0	385
v-sumohd_v196608.rar	-	50000000	1	434957708	0	419
v-sumohd_v196608.sfv	-	310	1	484957708	0	467
