sxs-nba_2k24_v262144.nfo	-	6680	1	0	0	0
sxs-nba_2k24_v262144.r00	-	500000000	1	6680	0	1
sxs-nba_2k24_v262144.r01	-	500000000	1	500006680	0	478
sxs-nba_2k24_v262144.r02	-	500000000	1	462251264	1	441
sxs-nba_2k24_v262144.r03	-	500000000	1	424502528	2	405
sxs-nba_2k24_v262144.r04	-	500000000	1	386753792	3	369
sxs-nba_2k24_v262144.r05	-	500000000	1	349005056	4	333
sxs-nba_2k24_v262144.r06	-	500000000	1	311256320	5	297
sxs-nba_2k24_v262144.r07	-	500000000	1	273507584	6	261
sxs-nba_2k24_v262144.r08	-	500000000	1	235758848	7	225
sxs-nba_2k24_v262144.r09	-	500000000	1	198010112	8	189
sxs-nba_2k24_v262144.r10	-	500000000	1	160261376	9	153
sxs-nba_2k24_v262144.r11	-	500000000	1	122512640	10	117
sxs-nba_2k24_v262144.r12	-	500000000	1	84763904	11	81
sxs-nba_2k24_v262144.r13	-	500000000	1	47015168	12	45
sxs-nba_2k24_v262144.r14	-	500000000	1	9266432	13	9
sxs-nba_2k24_v262144.r15	-	500000000	1	509266432	13	486
sxs-nba_2k24_v262144.r16	-	500000000	1	471688448	14	450
sxs-nba_2k24_v262144.r17	-	500000000	1	433939712	15	414
sxs-nba_2k24_v262144.r18	-	500000000	1	396190976	16	378
sxs-nba_2k24_v262144.r19	-	500000000	1	358442240	17	342
sxs-nba_2k24_v262144.r20	-	500000000	1	320693504	18	306
sxs-nba_2k24_v262144.r21	-	500000000	1	282944768	19	270
sxs-nba_2k24_v262144.r22	-	500000000	1	245196032	20	234
sxs-nba_2k24_v262144.r23	-	500000000	1	207447296	21	198
sxs-nba_2k24_v262144.r24	-	500000000	1	169698560	22	162
sxs-nba_2k24_v262144.r25	-	500000000	1	131949824	23	126
sxs-nba_2k24_v262144.r26	-	500000000	1	94201088	24	90
sxs-nba_2k24_v262144.r27	-	500000000	1	56452352	25	54
sxs-nba_2k24_v262144.r28	-	500000000	1	18703616	26	18
sxs-nba_2k24_v262144.r29	-	500000000	1	518703616	26	495
sxs-nba_2k24_v262144.r30	-	500000000	1	481125632	27	459
sxs-nba_2k24_v262144.r31	-	500000000	1	443376896	28	423
sxs-nba_2k24_v262144.r32	-	500000000	1	405628160	29	387
sxs-nba_2k24_v262144.r33	-	500000000	1	367879424	30	351
sxs-nba_2k24_v262144.r34	-	500000000	1	330130688	31	315
sxs-nba_2k24_v262144.r35	-	500000000	1	292381952	32	279
sxs-nba_2k24_v262144.r36	-	500000000	1	254633216	33	243
sxs-nba_2k24_v262144.r37	-	500000000	1	216884480	34	207
sxs-nba_2k24_v262144.r38	-	500000000	1	179135744	35	171
sxs-nba_2k24_v262144.r39	-	500000000	1	141387008	36	135
sxs-nba_2k24_v262144.r40	-	500000000	1	103638272	37	99
sxs-nba_2k24_v262144.r41	-	500000000	1	65889536	38	63
sxs-nba_2k24_v262144.r42	-	500000000	1	28140800	39	27
sxs-nba_2k24_v262144.r43	-	500000000	1	528140800	39	504
sxs-nba_2k24_v262144.r44	-	500000000	1	490562816	40	468
sxs-nba_2k24_v262144.r45	-	500000000	1	452814080	41	432
sxs-nba_2k24_v262144.r46	-	500000000	1	415065344	42	396
sxs-nba_2k24_v262144.r47	-	500000000	1	377316608	43	360
sxs-nba_2k24_v262144.r48	-	500000000	1	339567872	44	324
sxs-nba_2k24_v262144.r49	-	500000000	1	301819136	45	288
sxs-nba_2k24_v262144.r50	-	500000000	1	264070400	46	252
sxs-nba_2k24_v262144.r51	-	500000000	1	226321664	47	216
sxs-nba_2k24_v262144.r52	-	500000000	1	188572928	48	180
sxs-nba_2k24_v262144.r53	-	500000000	1	150824192	49	144
sxs-nba_2k24_v262144.r54	-	500000000	1	113075456	50	108
sxs-nba_2k24_v262144.r55	-	500000000	1	75326720	51	72
sxs-nba_2k24_v262144.r56	-	500000000	1	37577984	52	36
sxs-nba_2k24_v262144.r57	-	500000000	1	0	53	0
sxs-nba_2k24_v262144.r58	-	500000000	1	500000000	53	477
sxs-nba_2k24_v262144.r59	-	500000000	1	462251264	54	441
sxs-nba_2k24_v262144.r60	-	500000000	1	424502528	55	405
sxs-nba_2k24_v262144.r61	-	500000000	1	386753792	56	369
sxs-nba_2k24_v262144.r62	-	500000000	1	349005056	57	333
sxs-nba_2k24_v262144.r63	-	500000000	1	311256320	58	297
sxs-nba_2k24_v262144.r64	-	500000000	1	273507584	59	261
sxs-nba_2k24_v262144.r65	-	500000000	1	235758848	60	225
sxs-nba_2k24_v262144.r66	-	500000000	1	198010112	61	189
sxs-nba_2k24_v262144.r67	-	500000000	1	160261376	62	153
sxs-nba_2k24_v262144.r68	-	500000000	1	122512640	63	117
sxs-nba_2k24_v262144.r69	-	500000000	1	84763904	64	81
sxs-nba_2k24_v262144.r70	-	500000000	1	47015168	65	45
sxs-nba_2k24_v262144.r71	-	500000000	1	9266432	66	9
sxs-nba_2k24_v262144.r72	-	500000000	1	509266432	66	486
sxs-nba_2k24_v262144.r73	-	500000000	1	471688448	67	450
sxs-nba_2k24_v262144.r74	-	500000000	1	433939712	68	414
sxs-nba_2k24_v262144.r75	-	500000000	1	396190976	69	378
sxs-nba_2k24_v262144.r76	-	500000000	1	358442240	70	342
sxs-nba_2k24_v262144.r77	-	500000000	1	320693504	71	306
sxs-nba_2k24_v262144.r78	-	500000000	1	282944768	72	270
sxs-nba_2k24_v262144.r79	-	500000000	1	245196032	73	234
sxs-nba_2k24_v262144.r80	-	500000000	1	207447296	74	198
sxs-nba_2k24_v262144.r81	-	500000000	1	169698560	75	162
sxs-nba_2k24_v262144.r82	-	500000000	1	131949824	76	126
sxs-nba_2k24_v262144.r83	-	500000000	1	94201088	77	90
sxs-nba_2k24_v262144.r84	-	500000000	1	56452352	78	54
sxs-nba_2k24_v262144.r85	-	500000000	1	18703616	79	18
sxs-nba_2k24_v262144.r86	-	500000000	1	518703616	79	495
sxs-nba_2k24_v262144.r87	-	500000000	1	481125632	80	459
sxs-nba_2k24_v262144.r88	-	500000000	1	443376896	81	423
sxs-nba_2k24_v262144.r89	-	500000000	1	405628160	82	387
sxs-nba_2k24_v262144.r90	-	500000000	1	367879424	83	351
sxs-nba_2k24_v262144.r91	-	500000000	1	330130688	84	315
sxs-nba_2k24_v262144.r92	-	500000000	1	292381952	85	279
sxs-nba_2k24_v262144.r93	-	500000000	1	254633216	86	243
sxs-nba_2k24_v262144.r94	-	500000000	1	216884480	87	207
sxs-nba_2k24_v262144.r95	-	500000000	1	179135744	88	171
sxs-nba_2k24_v262144.r96	-	500000000	1	141387008	89	135
sxs-nba_2k24_v262144.r97	-	500000000	1	103638272	90	99
sxs-nba_2k24_v262144.r98	-	500000000	1	65889536	91	63
sxs-nba_2k24_v262144.r99	-	500000000	1	28140800	92	27
sxs-nba_2k24_v262144.rar	-	500000000	1	528140800	92	504
sxs-nba_2k24_v262144.s00	-	500000000	1	490562816	93	468
sxs-nba_2k24_v262144.s01	-	500000000	1	452814080	94	432
sxs-nba_2k24_v262144.s02	-	500000000	1	415065344	95	396
sxs-nba_2k24_v262144.s03	-	500000000	1	377316608	96	360
sxs-nba_2k24_v262144.s04	-	500000000	1	339567872	97	324
sxs-nba_2k24_v262144.s05	-	500000000	1	301819136	98	288
sxs-nba_2k24_v262144.s06	-	500000000	1	264070400	99	252
sxs-nba_2k24_v262144.s07	-	500000000	1	226321664	100	216
sxs-nba_2k24_v262144.s08	-	500000000	1	188572928	101	180
sxs-nba_2k24_v262144.s09	-	500000000	1	150824192	102	144
sxs-nba_2k24_v262144.s10	-	500000000	1	113075456	103	108
sxs-nba_2k24_v262144.s11	-	500000000	1	75326720	104	72
sxs-nba_2k24_v262144.s12	-	500000000	1	37577984	105	36
sxs-nba_2k24_v262144.s13	-	500000000	1	0	106	0
sxs-nba_2k24_v262144.s14	-	500000000	1	500000000	106	477
sxs-nba_2k24_v262144.s15	-	500000000	1	462251264	107	441
sxs-nba_2k24_v262144.s16	-	500000000	1	424502528	108	405
sxs-nba_2k24_v262144.s17	-	32677426	1	386753792	109	369
sxs-nba_2k24_v262144.sfv	-	4165	1	419431218	109	401
