v-rise_of_insanity.nfo	-	5122	1	0	0	0
v-rise_of_insanity.r00	-	50000000	1	5122	0	1
v-rise_of_insanity.r01	-	50000000	1	50005122	0	49
v-rise_of_insanity.r02	-	50000000	1	100005122	0	97
v-rise_of_insanity.r03	-	50000000	1	150005122	0	145
v-rise_of_insanity.r04	-	50000000	1	200005122	0	193
v-rise_of_insanity.r05	-	50000000	1	250005122	0	241
v-rise_of_insanity.r06	-	50000000	1	300005122	0	289
v-rise_of_insanity.r07	-	50000000	1	350005122	0	337
v-rise_of_insanity.r08	-	50000000	1	400005122	0	385
v-rise_of_insanity.r09	-	50000000	1	450005122	0	433
v-rise_of_insanity.r10	-	50000000	1	500005122	0	481
v-rise_of_insanity.r11	-	50000000	1	12251264	1	12
v-rise_of_insanity.r12	-	50000000	1	62251264	1	60
v-rise_of_insanity.r13	-	50000000	1	112251264	1	108
v-rise_of_insanity.r14	-	50000000	1	162251264	1	156
v-rise_of_insanity.r15	-	50000000	1	212251264	1	204
v-rise_of_insanity.r16	-	50000000	1	262251264	1	252
v-rise_of_insanity.r17	-	50000000	1	312251264	1	300
v-rise_of_insanity.r18	-	50000000	1	362251264	1	348
v-rise_of_insanity.r19	-	50000000	1	412251264	1	396
v-rise_of_insanity.r20	-	50000000	1	462251264	1	444
v-rise_of_insanity.r21	-	50000000	1	512251264	1	492
v-rise_of_insanity.r22	-	50000000	1	24834176	2	24
v-rise_of_insanity.r23	-	50000000	1	74834176	2	72
v-rise_of_insanity.r24	-	50000000	1	124834176	2	120
v-rise_of_insanity.r25	-	50000000	1	174834176	2	168
v-rise_of_insanity.r26	-	50000000	1	224834176	2	216
v-rise_of_insanity.r27	-	50000000	1	274834176	2	264
v-rise_of_insanity.r28	-	50000000	1	324834176	2	312
v-rise_of_insanity.r29	-	50000000	1	374834176	2	360
v-rise_of_insanity.r30	-	50000000	1	424834176	2	408
v-rise_of_insanity.r31	-	50000000	1	474834176	2	456
v-rise_of_insanity.r32	-	50000000	1	524834176	2	504
v-rise_of_insanity.r33	-	50000000	1	37417088	3	36
v-rise_of_insanity.r34	-	50000000	1	87417088	3	84
v-rise_of_insanity.r35	-	50000000	1	137417088	3	132
v-rise_of_insanity.r36	-	50000000	1	187417088	3	180
v-rise_of_insanity.r37	-	50000000	1	237417088	3	228
v-rise_of_insanity.r38	-	50000000	1	287417088	3	276
v-rise_of_insanity.r39	-	50000000	1	337417088	3	324
v-rise_of_insanity.r40	-	50000000	1	387417088	3	372
v-rise_of_insanity.r41	-	50000000	1	437417088	3	420
v-rise_of_insanity.r42	-	50000000	1	487417088	3	468
v-rise_of_insanity.r43	-	50000000	1	0	4	0
v-rise_of_insanity.r44	-	50000000	1	50000000	4	48
v-rise_of_insanity.r45	-	50000000	1	100000000	4	96
v-rise_of_insanity.r46	-	50000000	1	150000000	4	144
v-rise_of_insanity.r47	-	50000000	1	200000000	4	192
v-rise_of_insanity.r48	-	50000000	1	250000000	4	240
v-rise_of_insanity.r49	-	50000000	1	300000000	4	288
v-rise_of_insanity.r50	-	50000000	1	350000000	4	336
v-rise_of_insanity.r51	-	50000000	1	400000000	4	384
v-rise_of_insanity.r52	-	50000000	1	450000000	4	432
v-rise_of_insanity.r53	-	50000000	1	500000000	4	480
v-rise_of_insanity.r54	-	50000000	1	12251264	5	12
v-rise_of_insanity.r55	-	50000000	1	62251264	5	60
v-rise_of_insanity.r56	-	50000000	1	112251264	5	108
v-rise_of_insanity.r57	-	50000000	1	162251264	5	156
v-rise_of_insanity.r58	-	50000000	1	212251264	5	204
v-rise_of_insanity.r59	-	50000000	1	262251264	5	252
v-rise_of_insanity.r60	-	50000000	1	312251264	5	300
v-rise_of_insanity.r61	-	50000000	1	362251264	5	348
v-rise_of_insanity.r62	-	50000000	1	412251264	5	396
v-rise_of_insanity.r63	-	50000000	1	462251264	5	444
v-rise_of_insanity.r64	-	50000000	1	512251264	5	492
v-rise_of_insanity.r65	-	50000000	1	24834176	6	24
v-rise_of_insanity.r66	-	50000000	1	74834176	6	72
v-rise_of_insanity.r67	-	50000000	1	124834176	6	120
v-rise_of_insanity.r68	-	50000000	1	174834176	6	168
v-rise_of_insanity.r69	-	50000000	1	224834176	6	216
v-rise_of_insanity.r70	-	50000000	1	274834176	6	264
v-rise_of_insanity.r71	-	50000000	1	324834176	6	312
v-rise_of_insanity.r72	-	50000000	1	374834176	6	360
v-rise_of_insanity.r73	-	50000000	1	424834176	6	408
v-rise_of_insanity.r74	-	50000000	1	474834176	6	456
v-rise_of_insanity.r75	-	50000000	1	524834176	6	504
v-rise_of_insanity.r76	-	50000000	1	37417088	7	36
v-rise_of_insanity.r77	-	50000000	1	87417088	7	84
v-rise_of_insanity.r78	-	50000000	1	137417088	7	132
v-rise_of_insanity.r79	-	50000000	1	187417088	7	180
v-rise_of_insanity.r80	-	50000000	1	237417088	7	228
v-rise_of_insanity.r81	-	50000000	1	287417088	7	276
v-rise_of_insanity.r82	-	50000000	1	337417088	7	324
v-rise_of_insanity.r83	-	50000000	1	387417088	7	372
v-rise_of_insanity.r84	-	50000000	1	437417088	7	420
v-rise_of_insanity.r85	-	50000000	1	487417088	7	468
v-rise_of_insanity.r86	-	50000000	1	0	8	0
v-rise_of_insanity.r87	-	50000000	1	50000000	8	48
v-rise_of_insanity.r88	-	50000000	1	100000000	8	96
v-rise_of_insanity.r89	-	2491939	1	150000000	8	144
v-rise_of_insanity.rar	-	50000000	1	152491939	8	147
v-rise_of_insanity.sfv	-	3003	1	202491939	8	195
