bbb-n-akd5a.nfo	-	5517	1	0	0	0
bbb-n-akd5a.part01.rar	-	250000000	1	5517	0	1
bbb-n-akd5a.part02.rar	-	250000000	1	250005517	0	240
bbb-n-akd5a.part03.rar	-	250000000	1	500005517	0	479
bbb-n-akd5a.part04.rar	-	250000000	1	212251264	1	203
bbb-n-akd5a.part05.rar	-	250000000	1	462251264	1	442
bbb-n-akd5a.part06.rar	-	250000000	1	174502528	2	167
bbb-n-akd5a.part07.rar	-	250000000	1	424502528	2	406
bbb-n-akd5a.part08.rar	-	250000000	1	136753792	3	131
bbb-n-akd5a.part09.rar	-	250000000	1	386753792	3	370
bbb-n-akd5a.part10.rar	-	250000000	1	99005056	4	95
bbb-n-akd5a.part11.rar	-	250000000	1	349005056	4	334
bbb-n-akd5a.part12.rar	-	250000000	1	61256320	5	59
bbb-n-akd5a.part13.rar	-	250000000	1	311256320	5	298
bbb-n-akd5a.part14.rar	-	250000000	1	23507584	6	23
bbb-n-akd5a.part15.rar	-	250000000	1	273507584	6	262
bbb-n-akd5a.part16.rar	-	250000000	1	523507584	6	501
bbb-n-akd5a.part17.rar	-	250000000	1	236368512	7	226
bbb-n-akd5a.part18.rar	-	250000000	1	486368512	7	465
bbb-n-akd5a.part19.rar	-	250000000	1	198619776	8	190
bbb-n-akd5a.part20.rar	-	250000000	1	448619776	8	429
bbb-n-akd5a.part21.rar	-	250000000	1	160871040	9	154
bbb-n-akd5a.part22.rar	-	250000000	1	410871040	9	393
bbb-n-akd5a.part23.rar	-	250000000	1	123122304	10	118
bbb-n-akd5a.part24.rar	-	250000000	1	373122304	10	357
bbb-n-akd5a.part25.rar	-	250000000	1	85373568	11	82
bbb-n-akd5a.part26.rar	-	250000000	1	335373568	11	321
bbb-n-akd5a.part27.rar	-	250000000	1	47624832	12	46
bbb-n-akd5a.part28.rar	-	250000000	1	297624832	12	285
bbb-n-akd5a.part29.rar	-	250000000	1	9876096	13	10
bbb-n-akd5a.part30.rar	-	142294220	1	259876096	13	249
bbb-n-akd5a.sfv	-	990	1	402170316	13	385
