n-motogp23_v131072.nfo	-	6072	1	0	0	0
n-motogp23_v131072.r00	-	50000000	1	6072	0	1
n-motogp23_v131072.r01	-	50000000	1	50006072	0	49
n-motogp23_v131072.r02	-	50000000	1	100006072	0	97
n-motogp23_v131072.r03	-	50000000	1	150006072	0	145
n-motogp23_v131072.r04	-	50000000	1	200006072	0	193
n-motogp23_v131072.r05	-	50000000	1	250006072	0	241
n-motogp23_v131072.r06	-	50000000	1	300006072	0	289
n-motogp23_v131072.r07	-	50000000	1	350006072	0	337
n-motogp23_v131072.r08	-	50000000	1	400006072	0	385
n-motogp23_v131072.r09	-	50000000	1	450006072	0	433
n-motogp23_v131072.r10	-	50000000	1	500006072	0	481
n-motogp23_v131072.r11	-	50000000	1	12251264	1	12
n-motogp23_v131072.r12	-	50000000	1	62251264	1	60
n-motogp23_v131072.r13	-	50000000	1	112251264	1	108
n-motogp23_v131072.r14	-	50000000	1	162251264	1	156
n-motogp23_v131072.r15	-	50000000	1	212251264	1	204
n-motogp23_v131072.r16	-	50000000	1	262251264	1	252
n-motogp23_v131072.r17	-	50000000	1	312251264	1	300
n-motogp23_v131072.r18	-	50000000	1	362251264	1	348
n-motogp23_v131072.r19	-	50000000	1	412251264	1	396
n-motogp23_v131072.r20	-	50000000	1	462251264	1	444
n-motogp23_v131072.r21	-	50000000	1	512251264	1	492
n-motogp23_v131072.r22	-	50000000	1	24834176	2	24
n-motogp23_v131072.r23	-	50000000	1	74834176	2	72
n-motogp23_v131072.r24	-	32370805	1	124834176	2	120
n-motogp23_v131072.rar	-	50000000	1	157204981	2	151
n-motogp23_v131072.sfv	-	858	1	207204981	2	199
