v-everything.nfo	-	3953	1	0	0	0
v-everything.r00	-	50000000	1	3953	0	1
v-everything.r01	-	50000000	1	50003953	0	49
v-everything.r02	-	50000000	1	100003953	0	97
v-everything.r03	-	50000000	1	150003953	0	145
v-everything.r04	-	50000000	1	200003953	0	193
v-everything.r05	-	50000000	1	250003953	0	241
v-everything.r06	-	50000000	1	300003953	0	289
v-everything.r07	-	50000000	1	350003953	0	337
v-everything.r08	-	50000000	1	400003953	0	385
v-everything.r09	-	50000000	1	450003953	0	433
v-everything.r10	-	50000000	1	500003953	0	481
v-everything.r11	-	50000000	1	12251264	1	12
v-everything.r12	-	50000000	1	62251264	1	60
v-everything.r13	-	50000000	1	112251264	1	108
v-everything.r14	-	50000000	1	162251264	1	156
v-everything.r15	-	50000000	1	212251264	1	204
v-everything.r16	-	50000000	1	262251264	1	252
v-everything.r17	-	50000000	1	312251264	1	300
v-everything.r18	-	50000000	1	362251264	1	348
v-everything.r19	-	50000000	1	412251264	1	396
v-everything.r20	-	50000000	1	462251264	1	444
v-everything.r21	-	50000000	1	512251264	1	492
v-everything.r22	-	50000000	1	24834176	2	24
v-everything.r23	-	50000000	1	74834176	2	72
v-everything.r24	-	50000000	1	124834176	2	120
v-everything.r25	-	50000000	1	174834176	2	168
v-everything.r26	-	50000000	1	224834176	2	216
v-everything.r27	-	50000000	1	274834176	2	264
v-everything.r28	-	50000000	1	324834176	2	312
v-everything.r29	-	50000000	1	374834176	2	360
v-everything.r30	-	50000000	1	424834176	2	408
v-everything.r31	-	50000000	1	474834176	2	456
v-everything.r32	-	50000000	1	524834176	2	504
v-everything.r33	-	50000000	1	37417088	3	36
v-everything.r34	-	50000000	1	87417088	3	84
v-everything.r35	-	50000000	1	137417088	3	132
v-everything.r36	-	50000000	1	187417088	3	180
v-everything.r37	-	50000000	1	237417088	3	228
v-everything.r38	-	50000000	1	287417088	3	276
v-everything.r39	-	4920790	1	337417088	3	324
v-everything.rar	-	50000202	1	342337878	3	329
v-everything.sfv	-	1107	1	392338080	3	377
