sxs-hello_neighbor_2_v65536.nfo	-	6212	1	0	0	0
sxs-hello_neighbor_2_v65536.r00	-	100000000	1	6212	0	1
sxs-hello_neighbor_2_v65536.r01	-	100000000	1	100006212	0	97
sxs-hello_neighbor_2_v65536.r02	-	100000000	1	200006212	0	193
sxs-hello_neighbor_2_v65536.r03	-	100000000	1	300006212	0	289
sxs-hello_neighbor_2_v65536.r04	-	100000000	1	400006212	0	385
sxs-hello_neighbor_2_v65536.r05	-	100000000	1	500006212	0	481
sxs-hello_neighbor_2_v65536.r06	-	100000000	1	62251264	1	60
sxs-hello_neighbor_2_v65536.r07	-	100000000	1	162251264	1	156
sxs-hello_neighbor_2_v65536.r08	-	100000000	1	262251264	1	252
sxs-hello_neighbor_2_v65536.r09	-	100000000	1	362251264	1	348
sxs-hello_neighbor_2_v65536.r10	-	100000000	1	462251264	1	444
sxs-hello_neighbor_2_v65536.r11	-	100000000	1	24502528	2	24
sxs-hello_neighbor_2_v65536.r12	-	100000000	1	124502528	2	120
sxs-hello_neighbor_2_v65536.r13	-	100000000	1	224502528	2	216
sxs-hello_neighbor_2_v65536.r14	-	100000000	1	324502528	2	312
sxs-hello_neighbor_2_v65536.r15	-	100000000	1	424502528	2	408
sxs-hello_neighbor_2_v65536.r16	-	100000000	1	524502528	2	504
sxs-hello_neighbor_2_v65536.r17	-	100000000	1	87417088	3	84
sxs-hello_neighbor_2_v65536.r18	-	100000000	1	187417088	3	180
sxs-hello_neighbor_2_v65536.r19	-	24053651	1	287417088	3	276
sxs-hello_neighbor_2_v65536.rar	-	100000000	1	311470739	3	299
sxs-hello_neighbor_2_v65536.sfv	-	882	1	411470739	3	395
