sxs-slabwell.nfo	-	5042	1	0	0	0
sxs-slabwell.r00	-	50000000	1	5042	0	1
sxs-slabwell.r01	-	50000000	1	50005042	0	49
sxs-slabwell.r02	-	50000000	1	100005042	0	97
sxs-slabwell.r03	-	50000000	1	150005042	0	145
sxs-slabwell.r04	-	50000000	1	200005042	0	193
sxs-slabwell.r05	-	50000000	1	250005042	0	241
sxs-slabwell.r06	-	50000000	1	300005042	0	289
sxs-slabwell.r07	-	50000000	1	350005042	0	337
sxs-slabwell.r08	-	50000000	1	400005042	0	385
sxs-slabwell.r09	-	50000000	1	450005042	0	433
sxs-slabwell.r10	-	50000000	1	500005042	0	481
sxs-slabwell.r11	-	50000000	1	12251264	1	12
sxs-slabwell.r12	-	50000000	1	62251264	1	60
sxs-slabwell.r13	-	50000000	1	112251264	1	108
sxs-slabwell.r14	-	50000000	1	162251264	1	156
sxs-slabwell.r15	-	50000000	1	212251264	1	204
sxs-slabwell.r16	-	50000000	1	262251264	1	252
sxs-slabwell.r17	-	50000000	1	312251264	1	300
sxs-slabwell.r18	-	50000000	1	362251264	1	348
sxs-slabwell.r19	-	50000000	1	412251264	1	396
sxs-slabwell.r20	-	42036305	1	462251264	1	444
sxs-slabwell.rar	-	50000000	1	504287569	1	485
sxs-slabwell.sfv	-	594	1	16445568	2	16
