w-projectwarlock.nfo	-	9338	1	0	0	0
w-projectwarlock.r00	-	50000000	1	9338	0	1
w-projectwarlock.r01	-	50000000	1	50009338	0	49
w-projectwarlock.r02	-	50000000	1	100009338	0	97
w-projectwarlock.r03	-	50000000	1	150009338	0	145
w-projectwarlock.r04	-	50000000	1	200009338	0	193
w-projectwarlock.r05	-	50000000	1	250009338	0	241
w-projectwarlock.r06	-	50000000	1	300009338	0	289
w-projectwarlock.r07	-	50000000	1	350009338	0	337
w-projectwarlock.r08	-	50000000	1	400009338	0	385
w-projectwarlock.r09	-	50000000	1	450009338	0	433
w-projectwarlock.r10	-	50000000	1	500009338	0	481
w-projectwarlock.r11	-	50000000	1	12251264	1	12
w-projectwarlock.r12	-	50000000	1	62251264	1	60
w-projectwarlock.r13	-	50000000	1	112251264	1	108
w-projectwarlock.r14	-	50000000	1	162251264	1	156
w-projectwarlock.r15	-	50000000	1	212251264	1	204
w-projectwarlock.r16	-	50000000	1	262251264	1	252
w-projectwarlock.r17	-	50000000	1	312251264	1	300
w-projectwarlock.r18	-	50000000	1	362251264	1	348
w-projectwarlock.r19	-	50000000	1	412251264	1	396
w-projectwarlock.r20	-	50000000	1	462251264	1	444
w-projectwarlock.r21	-	50000000	1	512251264	1	492
w-projectwarlock.r22	-	50000000	1	24834176	2	24
w-projectwarlock.r23	-	50000000	1	74834176	2	72
w-projectwarlock.r24	-	50000000	1	124834176	2	120
w-projectwarlock.r25	-	50000000	1	174834176	2	168
w-projectwarlock.r26	-	50000000	1	224834176	2	216
w-projectwarlock.r27	-	50000000	1	274834176	2	264
w-projectwarlock.r28	-	50000000	1	324834176	2	312
w-projectwarlock.r29	-	50000000	1	374834176	2	360
w-projectwarlock.r30	-	50000000	1	424834176	2	408
w-projectwarlock.r31	-	50000000	1	474834176	2	456
w-projectwarlock.r32	-	50000000	1	524834176	2	504
w-projectwarlock.r33	-	50000000	1	37417088	3	36
w-projectwarlock.r34	-	50000000	1	87417088	3	84
w-projectwarlock.r35	-	50000000	1	137417088	3	132
w-projectwarlock.r36	-	50000000	1	187417088	3	180
w-projectwarlock.r37	-	50000000	1	237417088	3	228
w-projectwarlock.r38	-	50000000	1	287417088	3	276
w-projectwarlock.r39	-	50000000	1	337417088	3	324
w-projectwarlock.r40	-	50000000	1	387417088	3	372
w-projectwarlock.r41	-	50000000	1	437417088	3	420
w-projectwarlock.r42	-	50000000	1	487417088	3	468
w-projectwarlock.r43	-	50000000	1	0	4	0
w-projectwarlock.r44	-	50000000	1	50000000	4	48
w-projectwarlock.r45	-	50000000	1	100000000	4	96
w-projectwarlock.r46	-	50000000	1	150000000	4	144
w-projectwarlock.r47	-	50000000	1	200000000	4	192
w-projectwarlock.r48	-	50000000	1	250000000	4	240
w-projectwarlock.r49	-	50000000	1	300000000	4	288
w-projectwarlock.r50	-	50000000	1	350000000	4	336
w-projectwarlock.r51	-	50000000	1	400000000	4	384
w-projectwarlock.r52	-	50000000	1	450000000	4	432
w-projectwarlock.r53	-	50000000	1	500000000	4	480
w-projectwarlock.r54	-	50000000	1	12251264	5	12
w-projectwarlock.r55	-	50000000	1	62251264	5	60
w-projectwarlock.r56	-	4742425	1	112251264	5	108
w-projectwarlock.rar	-	50000000	1	116993689	5	113
w-projectwarlock.sfv	-	1798	1	166993689	5	161
