n-wartrucksim.nfo	-	6073	1	0	0	0
n-wartrucksim.r00	-	50000000	1	6073	0	1
n-wartrucksim.r01	-	50000000	1	50006073	0	49
n-wartrucksim.r02	-	50000000	1	100006073	0	97
n-wartrucksim.r03	-	50000000	1	150006073	0	145
n-wartrucksim.r04	-	50000000	1	200006073	0	193
n-wartrucksim.r05	-	50000000	1	250006073	0	241
n-wartrucksim.r06	-	50000000	1	300006073	0	289
n-wartrucksim.r07	-	50000000	1	350006073	0	337
n-wartrucksim.r08	-	50000000	1	400006073	0	385
n-wartrucksim.r09	-	50000000	1	450006073	0	433
n-wartrucksim.r10	-	50000000	1	500006073	0	481
n-wartrucksim.r11	-	50000000	1	12251264	1	12
n-wartrucksim.r12	-	50000000	1	62251264	1	60
n-wartrucksim.r13	-	50000000	1	112251264	1	108
n-wartrucksim.r14	-	50000000	1	162251264	1	156
n-wartrucksim.r15	-	50000000	1	212251264	1	204
n-wartrucksim.r16	-	50000000	1	262251264	1	252
n-wartrucksim.r17	-	50000000	1	312251264	1	300
n-wartrucksim.r18	-	50000000	1	362251264	1	348
n-wartrucksim.r19	-	50000000	1	412251264	1	396
n-wartrucksim.r20	-	50000000	1	462251264	1	444
n-wartrucksim.r21	-	50000000	1	512251264	1	492
n-wartrucksim.r22	-	50000000	1	24834176	2	24
n-wartrucksim.r23	-	50000000	1	74834176	2	72
n-wartrucksim.r24	-	50000000	1	124834176	2	120
n-wartrucksim.r25	-	50000000	1	174834176	2	168
n-wartrucksim.r26	-	50000000	1	224834176	2	216
n-wartrucksim.r27	-	50000000	1	274834176	2	264
n-wartrucksim.r28	-	50000000	1	324834176	2	312
n-wartrucksim.r29	-	50000000	1	374834176	2	360
n-wartrucksim.r30	-	50000000	1	424834176	2	408
n-wartrucksim.r31	-	50000000	1	474834176	2	456
n-wartrucksim.r32	-	50000000	1	524834176	2	504
n-wartrucksim.r33	-	50000000	1	37417088	3	36
n-wartrucksim.r34	-	36683011	1	87417088	3	84
n-wartrucksim.rar	-	50000000	1	124100099	3	119
n-wartrucksim.sfv	-	1008	1	174100099	3	167
