hr-appaa.jpg	-	176326	1	0	0	0
hr-appaa.nfo	-	20150	1	176326	0	1
hr-appaa.r00	-	50000000	1	196476	0	2
hr-appaa.r01	-	50000000	1	50196476	0	50
hr-appaa.r02	-	50000000	1	100196476	0	98
hr-appaa.r03	-	50000000	1	150196476	0	146
hr-appaa.r04	-	50000000	1	200196476	0	194
hr-appaa.r05	-	50000000	1	250196476	0	242
hr-appaa.r06	-	50000000	1	300196476	0	290
hr-appaa.r07	-	50000000	1	350196476	0	338
hr-appaa.r08	-	50000000	1	400196476	0	386
hr-appaa.r09	-	50000000	1	450196476	0	434
hr-appaa.r10	-	50000000	1	500196476	0	482
hr-appaa.r11	-	50000000	1	13299840	1	13
hr-appaa.r12	-	50000000	1	63299840	1	61
hr-appaa.r13	-	50000000	1	113299840	1	109
hr-appaa.r14	-	50000000	1	163299840	1	157
hr-appaa.r15	-	50000000	1	213299840	1	205
hr-appaa.r16	-	50000000	1	263299840	1	253
hr-appaa.r17	-	50000000	1	313299840	1	301
hr-appaa.r18	-	50000000	1	363299840	1	349
hr-appaa.r19	-	50000000	1	413299840	1	397
hr-appaa.r20	-	50000000	1	463299840	1	445
hr-appaa.r21	-	50000000	1	513299840	1	493
hr-appaa.r22	-	50000000	1	25882752	2	25
hr-appaa.r23	-	50000000	1	75882752	2	73
hr-appaa.r24	-	50000000	1	125882752	2	121
hr-appaa.r25	-	50000000	1	175882752	2	169
hr-appaa.r26	-	50000000	1	225882752	2	217
hr-appaa.r27	-	50000000	1	275882752	2	265
hr-appaa.r28	-	50000000	1	325882752	2	313
hr-appaa.r29	-	50000000	1	375882752	2	361
hr-appaa.r30	-	50000000	1	425882752	2	409
hr-appaa.r31	-	50000000	1	475882752	2	457
hr-appaa.r32	-	50000000	1	525882752	2	505
hr-appaa.r33	-	50000000	1	38465664	3	37
hr-appaa.r34	-	50000000	1	88465664	3	85
hr-appaa.r35	-	50000000	1	138465664	3	133
hr-appaa.r36	-	50000000	1	188465664	3	181
hr-appaa.r37	-	50000000	1	238465664	3	229
hr-appaa.r38	-	50000000	1	288465664	3	277
hr-appaa.r39	-	50000000	1	338465664	3	325
hr-appaa.r40	-	50000000	1	388465664	3	373
hr-appaa.r41	-	50000000	1	438465664	3	421
hr-appaa.r42	-	50000000	1	488465664	3	469
hr-appaa.r43	-	50000000	1	716928	4	1
hr-appaa.r44	-	50000000	1	50716928	4	49
hr-appaa.r45	-	50000000	1	100716928	4	97
hr-appaa.r46	-	50000000	1	150716928	4	145
hr-appaa.r47	-	50000000	1	200716928	4	193
hr-appaa.r48	-	50000000	1	250716928	4	241
hr-appaa.r49	-	50000000	1	300716928	4	289
hr-appaa.r50	-	50000000	1	350716928	4	337
hr-appaa.r51	-	50000000	1	400716928	4	385
hr-appaa.r52	-	50000000	1	450716928	4	433
hr-appaa.r53	-	50000000	1	500716928	4	481
hr-appaa.r54	-	50000000	1	13299840	5	13
hr-appaa.r55	-	50000000	1	63299840	5	61
hr-appaa.r56	-	50000000	1	113299840	5	109
hr-appaa.r57	-	50000000	1	163299840	5	157
hr-appaa.r58	-	50000000	1	213299840	5	205
hr-appaa.r59	-	50000000	1	263299840	5	253
hr-appaa.r60	-	50000000	1	313299840	5	301
hr-appaa.r61	-	50000000	1	363299840	5	349
hr-appaa.r62	-	50000000	1	413299840	5	397
hr-appaa.r63	-	50000000	1	463299840	5	445
hr-appaa.r64	-	50000000	1	513299840	5	493
hr-appaa.r65	-	50000000	1	25882752	6	25
hr-appaa.r66	-	50000000	1	75882752	6	73
hr-appaa.r67	-	41595463	1	125882752	6	121
hr-appaa.rar	-	50000000	1	167478215	6	161
hr-appaa.sfv	-	1587	1	217478215	6	209
