v-a_highland_song.nfo	-	9807	1	0	0	0
v-a_highland_song.r00	-	100000000	1	9807	0	1
v-a_highland_song.r01	-	100000000	1	100009807	0	97
v-a_highland_song.r02	-	100000000	1	200009807	0	193
v-a_highland_song.r03	-	100000000	1	300009807	0	289
v-a_highland_song.r04	-	100000000	1	400009807	0	385
v-a_highland_song.r05	-	100000000	1	500009807	0	481
v-a_highland_song.r06	-	100000000	1	62251264	1	60
v-a_highland_song.r07	-	100000000	1	162251264	1	156
v-a_highland_song.r08	-	100000000	1	262251264	1	252
v-a_highland_song.r09	-	100000000	1	362251264	1	348
v-a_highland_song.r10	-	100000000	1	462251264	1	444
v-a_highland_song.r11	-	100000000	1	24502528	2	24
v-a_highland_song.r12	-	100000000	1	124502528	2	120
v-a_highland_song.r13	-	100000000	1	224502528	2	216
v-a_highland_song.r14	-	100000000	1	324502528	2	312
v-a_highland_song.r15	-	20719480	1	424502528	2	408
v-a_highland_song.rar	-	100000000	1	445222008	2	428
v-a_highland_song.sfv	-	544	1	7725312	3	8
