hr-alskav2.nfo	-	20150	1	0	0	0
hr-alskav2.r00	-	50000000	1	20150	0	1
hr-alskav2.r01	-	50000000	1	50020150	0	49
hr-alskav2.r02	-	50000000	1	100020150	0	97
hr-alskav2.r03	-	50000000	1	150020150	0	145
hr-alskav2.r04	-	50000000	1	200020150	0	193
hr-alskav2.r05	-	50000000	1	250020150	0	241
hr-alskav2.r06	-	50000000	1	300020150	0	289
hr-alskav2.r07	-	50000000	1	350020150	0	337
hr-alskav2.r08	-	9039340	1	400020150	0	385
hr-alskav2.rar	-	50000000	1	409059490	0	394
hr-alskav2.sfv	-	250	1	459059490	0	442
