n-pokemonviolet_v65536.nfo	-	6072	1	0	0	0
n-pokemonviolet_v65536.r00	-	50000000	1	6072	0	1
n-pokemonviolet_v65536.r01	-	50000000	1	50006072	0	49
n-pokemonviolet_v65536.r02	-	50000000	1	100006072	0	97
n-pokemonviolet_v65536.r03	-	50000000	1	150006072	0	145
n-pokemonviolet_v65536.r04	-	50000000	1	200006072	0	193
n-pokemonviolet_v65536.r05	-	50000000	1	250006072	0	241
n-pokemonviolet_v65536.r06	-	50000000	1	300006072	0	289
n-pokemonviolet_v65536.r07	-	50000000	1	350006072	0	337
n-pokemonviolet_v65536.r08	-	4588051	1	400006072	0	385
n-pokemonviolet_v65536.rar	-	50000000	1	404594123	0	390
n-pokemonviolet_v65536.sfv	-	370	1	454594123	0	438
