hr-arznb.nfo	-	20150	1	0	0	0
hr-arznb.r00	-	50000000	1	20150	0	1
hr-arznb.r01	-	50000000	1	50020150	0	49
hr-arznb.r02	-	50000000	1	100020150	0	97
hr-arznb.r03	-	50000000	1	150020150	0	145
hr-arznb.r04	-	50000000	1	200020150	0	193
hr-arznb.r05	-	50000000	1	250020150	0	241
hr-arznb.r06	-	50000000	1	300020150	0	289
hr-arznb.r07	-	50000000	1	350020150	0	337
hr-arznb.r08	-	50000000	1	400020150	0	385
hr-arznb.r09	-	50000000	1	450020150	0	433
hr-arznb.r10	-	50000000	1	500020150	0	481
hr-arznb.r11	-	35253102	1	12251264	1	12
hr-arznb.rar	-	50000000	1	47504366	1	46
hr-arznb.sfv	-	299	1	97504366	1	94
Proof	d	0	1	97504665	1	95
Proof/hr-arznb.jpg	-	133577	1	97504665	1	95
