sxs-musynx_v196608.nfo	-	5900	1	0	0	0
sxs-musynx_v196608.r00	-	50000000	1	5900	0	1
sxs-musynx_v196608.r01	-	50000000	1	50005900	0	49
sxs-musynx_v196608.r02	-	50000000	1	100005900	0	97
sxs-musynx_v196608.r03	-	50000000	1	150005900	0	145
sxs-musynx_v196608.r04	-	50000000	1	200005900	0	193
sxs-musynx_v196608.r05	-	50000000	1	250005900	0	241
sxs-musynx_v196608.r06	-	50000000	1	300005900	0	289
sxs-musynx_v196608.r07	-	50000000	1	350005900	0	337
sxs-musynx_v196608.r08	-	50000000	1	400005900	0	385
sxs-musynx_v196608.r09	-	50000000	1	450005900	0	433
sxs-musynx_v196608.r10	-	50000000	1	500005900	0	481
sxs-musynx_v196608.r11	-	50000000	1	12251264	1	12
sxs-musynx_v196608.r12	-	50000000	1	62251264	1	60
sxs-musynx_v196608.r13	-	50000000	1	112251264	1	108
sxs-musynx_v196608.r14	-	50000000	1	162251264	1	156
sxs-musynx_v196608.r15	-	50000000	1	212251264	1	204
sxs-musynx_v196608.r16	-	50000000	1	262251264	1	252
sxs-musynx_v196608.r17	-	50000000	1	312251264	1	300
sxs-musynx_v196608.r18	-	6355977	1	362251264	1	348
sxs-musynx_v196608.rar	-	50000000	1	368607241	1	355
sxs-musynx_v196608.sfv	-	660	1	418607241	1	403
