Proof	d	0	1	0	0	0
Proof/v-ffxx2.jpg	-	30254	1	0	0	0
v-ffxx2.nfo	-	5746	1	30254	0	1
v-ffxx2.r00	-	350000000	1	36000	0	2
v-ffxx2.r01	-	350000000	1	350036000	0	336
v-ffxx2.r02	-	350000000	1	162304896	1	155
v-ffxx2.r03	-	350000000	1	512304896	1	489
v-ffxx2.r04	-	350000000	1	324834176	2	310
v-ffxx2.r05	-	350000000	1	137139072	3	131
v-ffxx2.r06	-	350000000	1	487139072	3	465
v-ffxx2.r07	-	350000000	1	299668352	4	286
v-ffxx2.r08	-	350000000	1	111973248	5	107
v-ffxx2.r09	-	350000000	1	461973248	5	441
v-ffxx2.r10	-	350000000	1	274502528	6	262
v-ffxx2.r11	-	350000000	1	86807424	7	83
v-ffxx2.r12	-	350000000	1	436807424	7	417
v-ffxx2.r13	-	350000000	1	249336704	8	238
v-ffxx2.r14	-	350000000	1	61641600	9	59
v-ffxx2.r15	-	350000000	1	411641600	9	393
v-ffxx2.r16	-	350000000	1	224170880	10	214
v-ffxx2.r17	-	350000000	1	36475776	11	35
v-ffxx2.r18	-	350000000	1	386475776	11	369
v-ffxx2.r19	-	350000000	1	199005056	12	190
v-ffxx2.r20	-	350000000	1	11309952	13	11
v-ffxx2.r21	-	350000000	1	361309952	13	345
v-ffxx2.r22	-	350000000	1	173839232	14	166
v-ffxx2.r23	-	350000000	1	523839232	14	500
v-ffxx2.r24	-	350000000	1	336368512	15	321
v-ffxx2.r25	-	350000000	1	148673408	16	142
v-ffxx2.r26	-	350000000	1	498673408	16	476
v-ffxx2.r27	-	350000000	1	311202688	17	297
v-ffxx2.r28	-	350000000	1	123507584	18	118
v-ffxx2.r29	-	350000000	1	473507584	18	452
v-ffxx2.r30	-	350000000	1	286036864	19	273
v-ffxx2.r31	-	350000000	1	98341760	20	94
v-ffxx2.r32	-	350000000	1	448341760	20	428
v-ffxx2.r33	-	350000000	1	260871040	21	249
v-ffxx2.r34	-	350000000	1	73175936	22	70
v-ffxx2.r35	-	350000000	1	423175936	22	404
v-ffxx2.r36	-	350000000	1	235705216	23	225
v-ffxx2.r37	-	350000000	1	48010112	24	46
v-ffxx2.r38	-	350000000	1	398010112	24	380
v-ffxx2.r39	-	350000000	1	210539392	25	201
v-ffxx2.r40	-	350000000	1	22844288	26	22
v-ffxx2.r41	-	350000000	1	372844288	26	356
v-ffxx2.r42	-	350000000	1	185373568	27	177
v-ffxx2.r43	-	350000000	1	535373568	27	511
v-ffxx2.r44	-	350000000	1	347902848	28	332
v-ffxx2.r45	-	350000000	1	160207744	29	153
v-ffxx2.r46	-	350000000	1	510207744	29	487
v-ffxx2.r47	-	350000000	1	322737024	30	308
v-ffxx2.r48	-	350000000	1	135041920	31	129
v-ffxx2.r49	-	350000000	1	485041920	31	463
v-ffxx2.r50	-	350000000	1	297571200	32	284
v-ffxx2.r51	-	350000000	1	109876096	33	105
v-ffxx2.r52	-	350000000	1	459876096	33	439
v-ffxx2.r53	-	350000000	1	272405376	34	260
v-ffxx2.r54	-	350000000	1	84710272	35	81
v-ffxx2.r55	-	350000000	1	434710272	35	415
v-ffxx2.r56	-	350000000	1	247239552	36	236
v-ffxx2.r57	-	350000000	1	59544448	37	57
v-ffxx2.r58	-	350000000	1	409544448	37	391
v-ffxx2.r59	-	350000000	1	222073728	38	212
v-ffxx2.r60	-	350000000	1	34378624	39	33
v-ffxx2.r61	-	350000000	1	384378624	39	367
v-ffxx2.r62	-	350000000	1	196907904	40	188
v-ffxx2.r63	-	350000000	1	9212800	41	9
v-ffxx2.r64	-	350000000	1	359212800	41	343
v-ffxx2.r65	-	350000000	1	171742080	42	164
v-ffxx2.r66	-	350000000	1	521742080	42	498
v-ffxx2.r67	-	350000000	1	334271360	43	319
v-ffxx2.r68	-	350000000	1	146576256	44	140
v-ffxx2.r69	-	350000000	1	496576256	44	474
v-ffxx2.r70	-	350000000	1	309105536	45	295
v-ffxx2.r71	-	350000000	1	121410432	46	116
v-ffxx2.r72	-	350000000	1	471410432	46	450
v-ffxx2.r73	-	350000000	1	283939712	47	271
v-ffxx2.r74	-	350000000	1	96244608	48	92
v-ffxx2.r75	-	350000000	1	446244608	48	426
v-ffxx2.r76	-	350000000	1	258773888	49	247
v-ffxx2.r77	-	350000000	1	71078784	50	68
v-ffxx2.r78	-	350000000	1	421078784	50	402
v-ffxx2.r79	-	350000000	1	233608064	51	223
v-ffxx2.r80	-	350000000	1	45912960	52	44
v-ffxx2.r81	-	350000000	1	395912960	52	378
v-ffxx2.r82	-	231627820	1	208442240	53	199
v-ffxx2.rar	-	350000000	1	440070060	53	420
v-ffxx2.sfv	-	1848	1	252482432	54	241
