sxs-dead_cells_internal_v1900544.nfo	-	8942	1	0	0	0
sxs-dead_cells_internal_v1900544.r00	-	50000000	1	8942	0	1
sxs-dead_cells_internal_v1900544.r01	-	50000000	1	50008942	0	49
sxs-dead_cells_internal_v1900544.r02	-	50000000	1	100008942	0	97
sxs-dead_cells_internal_v1900544.r03	-	50000000	1	150008942	0	145
sxs-dead_cells_internal_v1900544.r04	-	50000000	1	200008942	0	193
sxs-dead_cells_internal_v1900544.r05	-	50000000	1	250008942	0	241
sxs-dead_cells_internal_v1900544.r06	-	50000000	1	300008942	0	289
sxs-dead_cells_internal_v1900544.r07	-	50000000	1	350008942	0	337
sxs-dead_cells_internal_v1900544.r08	-	50000000	1	400008942	0	385
sxs-dead_cells_internal_v1900544.r09	-	50000000	1	450008942	0	433
sxs-dead_cells_internal_v1900544.r10	-	50000000	1	500008942	0	481
sxs-dead_cells_internal_v1900544.r11	-	50000000	1	12251264	1	12
sxs-dead_cells_internal_v1900544.r12	-	50000000	1	62251264	1	60
sxs-dead_cells_internal_v1900544.r13	-	50000000	1	112251264	1	108
sxs-dead_cells_internal_v1900544.r14	-	50000000	1	162251264	1	156
sxs-dead_cells_internal_v1900544.r15	-	50000000	1	212251264	1	204
sxs-dead_cells_internal_v1900544.r16	-	50000000	1	262251264	1	252
sxs-dead_cells_internal_v1900544.r17	-	50000000	1	312251264	1	300
sxs-dead_cells_internal_v1900544.r18	-	50000000	1	362251264	1	348
sxs-dead_cells_internal_v1900544.r19	-	50000000	1	412251264	1	396
sxs-dead_cells_internal_v1900544.r20	-	50000000	1	462251264	1	444
sxs-dead_cells_internal_v1900544.r21	-	50000000	1	512251264	1	492
sxs-dead_cells_internal_v1900544.r22	-	50000000	1	24834176	2	24
sxs-dead_cells_internal_v1900544.r23	-	50000000	1	74834176	2	72
sxs-dead_cells_internal_v1900544.r24	-	50000000	1	124834176	2	120
sxs-dead_cells_internal_v1900544.r25	-	50000000	1	174834176	2	168
sxs-dead_cells_internal_v1900544.r26	-	50000000	1	224834176	2	216
sxs-dead_cells_internal_v1900544.r27	-	50000000	1	274834176	2	264
sxs-dead_cells_internal_v1900544.r28	-	50000000	1	324834176	2	312
sxs-dead_cells_internal_v1900544.r29	-	50000000	1	374834176	2	360
sxs-dead_cells_internal_v1900544.r30	-	50000000	1	424834176	2	408
sxs-dead_cells_internal_v1900544.r31	-	50000000	1	474834176	2	456
sxs-dead_cells_internal_v1900544.r32	-	50000000	1	524834176	2	504
sxs-dead_cells_internal_v1900544.r33	-	50000000	1	37417088	3	36
sxs-dead_cells_internal_v1900544.r34	-	50000000	1	87417088	3	84
sxs-dead_cells_internal_v1900544.r35	-	50000000	1	137417088	3	132
sxs-dead_cells_internal_v1900544.r36	-	50000000	1	187417088	3	180
sxs-dead_cells_internal_v1900544.r37	-	50000000	1	237417088	3	228
sxs-dead_cells_internal_v1900544.r38	-	50000000	1	287417088	3	276
sxs-dead_cells_internal_v1900544.r39	-	50000000	1	337417088	3	324
sxs-dead_cells_internal_v1900544.r40	-	50000000	1	387417088	3	372
sxs-dead_cells_internal_v1900544.r41	-	50000000	1	437417088	3	420
sxs-dead_cells_internal_v1900544.r42	-	50000000	1	487417088	3	468
sxs-dead_cells_internal_v1900544.r43	-	27433586	1	0	4	0
sxs-dead_cells_internal_v1900544.rar	-	50000000	1	27433586	4	27
sxs-dead_cells_internal_v1900544.sfv	-	2115	1	77433586	4	75
