sxs-sonic_frontiers_v327680.nfo	-	7226	1	0	0	0
sxs-sonic_frontiers_v327680.r00	-	100000000	1	7226	0	1
sxs-sonic_frontiers_v327680.r01	-	100000000	1	100007226	0	97
sxs-sonic_frontiers_v327680.r02	-	100000000	1	200007226	0	193
sxs-sonic_frontiers_v327680.r03	-	100000000	1	300007226	0	289
sxs-sonic_frontiers_v327680.r04	-	100000000	1	400007226	0	385
sxs-sonic_frontiers_v327680.r05	-	100000000	1	500007226	0	481
sxs-sonic_frontiers_v327680.r06	-	100000000	1	62251264	1	60
sxs-sonic_frontiers_v327680.r07	-	100000000	1	162251264	1	156
sxs-sonic_frontiers_v327680.r08	-	100000000	1	262251264	1	252
sxs-sonic_frontiers_v327680.r09	-	100000000	1	362251264	1	348
sxs-sonic_frontiers_v327680.r10	-	100000000	1	462251264	1	444
sxs-sonic_frontiers_v327680.r11	-	100000000	1	24502528	2	24
sxs-sonic_frontiers_v327680.r12	-	100000000	1	124502528	2	120
sxs-sonic_frontiers_v327680.r13	-	100000000	1	224502528	2	216
sxs-sonic_frontiers_v327680.r14	-	100000000	1	324502528	2	312
sxs-sonic_frontiers_v327680.r15	-	100000000	1	424502528	2	408
sxs-sonic_frontiers_v327680.r16	-	100000000	1	524502528	2	504
sxs-sonic_frontiers_v327680.r17	-	100000000	1	87417088	3	84
sxs-sonic_frontiers_v327680.r18	-	100000000	1	187417088	3	180
sxs-sonic_frontiers_v327680.r19	-	100000000	1	287417088	3	276
sxs-sonic_frontiers_v327680.r20	-	100000000	1	387417088	3	372
sxs-sonic_frontiers_v327680.r21	-	11448386	1	487417088	3	468
sxs-sonic_frontiers_v327680.rar	-	100000000	1	498865474	3	479
sxs-sonic_frontiers_v327680.sfv	-	966	1	61202688	4	59
