v-a_void_hope.nfo	-	6448	1	0	0	0
v-a_void_hope.r00	-	100000000	1	6448	0	1
v-a_void_hope.r01	-	100000000	1	100006448	0	97
v-a_void_hope.r02	-	100000000	1	200006448	0	193
v-a_void_hope.r03	-	100000000	1	300006448	0	289
v-a_void_hope.r04	-	100000000	1	400006448	0	385
v-a_void_hope.r05	-	100000000	1	500006448	0	481
v-a_void_hope.r06	-	100000000	1	62251264	1	60
v-a_void_hope.r07	-	100000000	1	162251264	1	156
v-a_void_hope.r08	-	27753908	1	262251264	1	252
v-a_void_hope.rar	-	100000000	1	290005172	1	279
v-a_void_hope.sfv	-	280	1	390005172	1	375
