lfc-bcgla.nfo	-	6461	1	0	0	0
lfc-bcgla.r00	-	50000000	1	6461	0	1
lfc-bcgla.r01	-	50000000	1	50006461	0	49
lfc-bcgla.r02	-	50000000	1	100006461	0	97
lfc-bcgla.r03	-	50000000	1	150006461	0	145
lfc-bcgla.r04	-	50000000	1	200006461	0	193
lfc-bcgla.r05	-	50000000	1	250006461	0	241
lfc-bcgla.r06	-	50000000	1	300006461	0	289
lfc-bcgla.r07	-	50000000	1	350006461	0	337
lfc-bcgla.r08	-	50000000	1	400006461	0	385
lfc-bcgla.r09	-	50000000	1	450006461	0	433
lfc-bcgla.r10	-	50000000	1	500006461	0	481
lfc-bcgla.r11	-	50000000	1	12251264	1	12
lfc-bcgla.r12	-	50000000	1	62251264	1	60
lfc-bcgla.r13	-	50000000	1	112251264	1	108
lfc-bcgla.r14	-	50000000	1	162251264	1	156
lfc-bcgla.r15	-	50000000	1	212251264	1	204
lfc-bcgla.r16	-	50000000	1	262251264	1	252
lfc-bcgla.r17	-	50000000	1	312251264	1	300
lfc-bcgla.r18	-	50000000	1	362251264	1	348
lfc-bcgla.r19	-	50000000	1	412251264	1	396
lfc-bcgla.r20	-	50000000	1	462251264	1	444
lfc-bcgla.r21	-	50000000	1	512251264	1	492
lfc-bcgla.r22	-	50000000	1	24834176	2	24
lfc-bcgla.r23	-	50000000	1	74834176	2	72
lfc-bcgla.r24	-	50000000	1	124834176	2	120
lfc-bcgla.r25	-	50000000	1	174834176	2	168
lfc-bcgla.r26	-	50000000	1	224834176	2	216
lfc-bcgla.r27	-	50000000	1	274834176	2	264
lfc-bcgla.r28	-	50000000	1	324834176	2	312
lfc-bcgla.r29	-	50000000	1	374834176	2	360
lfc-bcgla.r30	-	50000000	1	424834176	2	408
lfc-bcgla.r31	-	50000000	1	474834176	2	456
lfc-bcgla.r32	-	50000000	1	524834176	2	504
lfc-bcgla.r33	-	50000000	1	37417088	3	36
lfc-bcgla.r34	-	50000000	1	87417088	3	84
lfc-bcgla.r35	-	4119608	1	137417088	3	132
lfc-bcgla.rar	-	50000000	1	141536696	3	136
lfc-bcgla.sfv	-	888	1	191536696	3	184
Proof	d	0	1	191537584	3	185
Proof/lfc-bcgla.jpg	-	459846	1	191537584	3	185
