v-pga_tour_2k21_v262144.nfo	-	7150	1	0	0	0
v-pga_tour_2k21_v262144.r00	-	100000000	1	7150	0	1
v-pga_tour_2k21_v262144.r01	-	100000000	1	100007150	0	97
v-pga_tour_2k21_v262144.r02	-	100000000	1	200007150	0	193
v-pga_tour_2k21_v262144.r03	-	100000000	1	300007150	0	289
v-pga_tour_2k21_v262144.r04	-	100000000	1	400007150	0	385
v-pga_tour_2k21_v262144.r05	-	100000000	1	500007150	0	481
v-pga_tour_2k21_v262144.r06	-	100000000	1	62251264	1	60
v-pga_tour_2k21_v262144.r07	-	100000000	1	162251264	1	156
v-pga_tour_2k21_v262144.r08	-	100000000	1	262251264	1	252
v-pga_tour_2k21_v262144.r09	-	100000000	1	362251264	1	348
v-pga_tour_2k21_v262144.r10	-	100000000	1	462251264	1	444
v-pga_tour_2k21_v262144.r11	-	100000000	1	24502528	2	24
v-pga_tour_2k21_v262144.r12	-	100000000	1	124502528	2	120
v-pga_tour_2k21_v262144.r13	-	100000000	1	224502528	2	216
v-pga_tour_2k21_v262144.r14	-	100000000	1	324502528	2	312
v-pga_tour_2k21_v262144.r15	-	100000000	1	424502528	2	408
v-pga_tour_2k21_v262144.r16	-	100000000	1	524502528	2	504
v-pga_tour_2k21_v262144.r17	-	100000000	1	87417088	3	84
v-pga_tour_2k21_v262144.r18	-	100000000	1	187417088	3	180
v-pga_tour_2k21_v262144.r19	-	100000000	1	287417088	3	276
v-pga_tour_2k21_v262144.r20	-	100000000	1	387417088	3	372
v-pga_tour_2k21_v262144.r21	-	100000000	1	487417088	3	468
v-pga_tour_2k21_v262144.r22	-	100000000	1	49668352	4	48
v-pga_tour_2k21_v262144.r23	-	100000000	1	149668352	4	144
v-pga_tour_2k21_v262144.r24	-	100000000	1	249668352	4	240
v-pga_tour_2k21_v262144.r25	-	100000000	1	349668352	4	336
v-pga_tour_2k21_v262144.r26	-	100000000	1	449668352	4	432
v-pga_tour_2k21_v262144.r27	-	100000000	1	11919616	5	12
v-pga_tour_2k21_v262144.r28	-	100000000	1	111919616	5	108
v-pga_tour_2k21_v262144.r29	-	100000000	1	211919616	5	204
v-pga_tour_2k21_v262144.r30	-	100000000	1	311919616	5	300
v-pga_tour_2k21_v262144.r31	-	100000000	1	411919616	5	396
v-pga_tour_2k21_v262144.r32	-	100000000	1	511919616	5	492
v-pga_tour_2k21_v262144.r33	-	100000000	1	74834176	6	72
v-pga_tour_2k21_v262144.r34	-	100000000	1	174834176	6	168
v-pga_tour_2k21_v262144.r35	-	100000000	1	274834176	6	264
v-pga_tour_2k21_v262144.r36	-	100000000	1	374834176	6	360
v-pga_tour_2k21_v262144.r37	-	100000000	1	474834176	6	456
v-pga_tour_2k21_v262144.r38	-	100000000	1	37085440	7	36
v-pga_tour_2k21_v262144.r39	-	100000000	1	137085440	7	132
v-pga_tour_2k21_v262144.r40	-	100000000	1	237085440	7	228
v-pga_tour_2k21_v262144.r41	-	100000000	1	337085440	7	324
v-pga_tour_2k21_v262144.r42	-	100000000	1	437085440	7	420
v-pga_tour_2k21_v262144.r43	-	100000000	1	0	8	0
v-pga_tour_2k21_v262144.r44	-	100000000	1	100000000	8	96
v-pga_tour_2k21_v262144.r45	-	100000000	1	200000000	8	192
v-pga_tour_2k21_v262144.r46	-	100000000	1	300000000	8	288
v-pga_tour_2k21_v262144.r47	-	100000000	1	400000000	8	384
v-pga_tour_2k21_v262144.r48	-	100000000	1	500000000	8	480
v-pga_tour_2k21_v262144.r49	-	100000000	1	62251264	9	60
v-pga_tour_2k21_v262144.r50	-	100000000	1	162251264	9	156
v-pga_tour_2k21_v262144.r51	-	100000000	1	262251264	9	252
v-pga_tour_2k21_v262144.r52	-	100000000	1	362251264	9	348
v-pga_tour_2k21_v262144.r53	-	100000000	1	462251264	9	444
v-pga_tour_2k21_v262144.r54	-	100000000	1	24502528	10	24
v-pga_tour_2k21_v262144.r55	-	100000000	1	124502528	10	120
v-pga_tour_2k21_v262144.r56	-	100000000	1	224502528	10	216
v-pga_tour_2k21_v262144.r57	-	100000000	1	324502528	10	312
v-pga_tour_2k21_v262144.r58	-	100000000	1	424502528	10	408
v-pga_tour_2k21_v262144.r59	-	100000000	1	524502528	10	504
v-pga_tour_2k21_v262144.r60	-	100000000	1	87417088	11	84
v-pga_tour_2k21_v262144.r61	-	100000000	1	187417088	11	180
v-pga_tour_2k21_v262144.r62	-	100000000	1	287417088	11	276
v-pga_tour_2k21_v262144.r63	-	100000000	1	387417088	11	372
v-pga_tour_2k21_v262144.r64	-	100000000	1	487417088	11	468
v-pga_tour_2k21_v262144.r65	-	100000000	1	49668352	12	48
v-pga_tour_2k21_v262144.r66	-	15278001	1	149668352	12	144
v-pga_tour_2k21_v262144.rar	-	100000000	1	164946353	12	159
v-pga_tour_2k21_v262144.sfv	-	2584	1	264946353	12	255
