lfc-sebu_v131072.nfo	-	5948	1	0	0	0
lfc-sebu_v131072.r00	-	50000000	1	5948	0	1
lfc-sebu_v131072.r01	-	50000000	1	50005948	0	49
lfc-sebu_v131072.r02	-	50000000	1	100005948	0	97
lfc-sebu_v131072.r03	-	50000000	1	150005948	0	145
lfc-sebu_v131072.r04	-	50000000	1	200005948	0	193
lfc-sebu_v131072.r05	-	50000000	1	250005948	0	241
lfc-sebu_v131072.r06	-	50000000	1	300005948	0	289
lfc-sebu_v131072.r07	-	40053081	1	350005948	0	337
lfc-sebu_v131072.rar	-	50000000	1	390059029	0	376
lfc-sebu_v131072.sfv	-	279	1	440059029	0	424
