hr-av9pav131072.nfo	-	11258	1	0	0	0
hr-av9pav131072.r00	-	50000000	1	11258	0	1
hr-av9pav131072.r01	-	50000000	1	50011258	0	49
hr-av9pav131072.r02	-	50000000	1	100011258	0	97
hr-av9pav131072.r03	-	50000000	1	150011258	0	145
hr-av9pav131072.r04	-	50000000	1	200011258	0	193
hr-av9pav131072.r05	-	50000000	1	250011258	0	241
hr-av9pav131072.r06	-	50000000	1	300011258	0	289
hr-av9pav131072.r07	-	50000000	1	350011258	0	337
hr-av9pav131072.r08	-	50000000	1	400011258	0	385
hr-av9pav131072.r09	-	50000000	1	450011258	0	433
hr-av9pav131072.r10	-	50000000	1	500011258	0	481
hr-av9pav131072.r11	-	38917448	1	12251264	1	12
hr-av9pav131072.rar	-	50000000	1	51168712	1	50
hr-av9pav131072.sfv	-	390	1	101168712	1	98
