nnssww_cyber_fight.nfo	-	1118	1	0	0	0
nnssww_cyber_fight.r00	-	100000000	1	1118	0	1
nnssww_cyber_fight.r01	-	100000000	1	100001118	0	97
nnssww_cyber_fight.r02	-	100000000	1	200001118	0	193
nnssww_cyber_fight.r03	-	100000000	1	300001118	0	289
nnssww_cyber_fight.r04	-	100000000	1	400001118	0	385
nnssww_cyber_fight.r05	-	100000000	1	500001118	0	481
nnssww_cyber_fight.r06	-	100000000	1	62251264	1	60
nnssww_cyber_fight.r07	-	100000000	1	162251264	1	156
nnssww_cyber_fight.r08	-	100000000	1	262251264	1	252
nnssww_cyber_fight.r09	-	100000000	1	362251264	1	348
nnssww_cyber_fight.r10	-	100000000	1	462251264	1	444
nnssww_cyber_fight.r11	-	100000000	1	24502528	2	24
nnssww_cyber_fight.r12	-	100000000	1	124502528	2	120
nnssww_cyber_fight.r13	-	100000000	1	224502528	2	216
nnssww_cyber_fight.r14	-	100000000	1	324502528	2	312
nnssww_cyber_fight.r15	-	100000000	1	424502528	2	408
nnssww_cyber_fight.r16	-	100000000	1	524502528	2	504
nnssww_cyber_fight.r17	-	100000000	1	87417088	3	84
nnssww_cyber_fight.r18	-	100000000	1	187417088	3	180
nnssww_cyber_fight.r19	-	100000000	1	287417088	3	276
nnssww_cyber_fight.r20	-	100000000	1	387417088	3	372
nnssww_cyber_fight.r21	-	100000000	1	487417088	3	468
nnssww_cyber_fight.r22	-	100000000	1	49668352	4	48
nnssww_cyber_fight.r23	-	100000000	1	149668352	4	144
nnssww_cyber_fight.r24	-	100000000	1	249668352	4	240
nnssww_cyber_fight.r25	-	100000000	1	349668352	4	336
nnssww_cyber_fight.r26	-	100000000	1	449668352	4	432
nnssww_cyber_fight.r27	-	100000000	1	11919616	5	12
nnssww_cyber_fight.r28	-	100000000	1	111919616	5	108
nnssww_cyber_fight.r29	-	71286929	1	211919616	5	204
nnssww_cyber_fight.rar	-	100000000	1	283206545	5	272
nnssww_cyber_fight.sfv	-	1023	1	383206545	5	368
