v-jars.nfo	-	6058	1	0	0	0
v-jars.r00	-	50000000	1	6058	0	1
v-jars.r01	-	50000000	1	50006058	0	49
v-jars.r02	-	50000000	1	100006058	0	97
v-jars.r03	-	50000000	1	150006058	0	145
v-jars.r04	-	50000000	1	200006058	0	193
v-jars.r05	-	50000000	1	250006058	0	241
v-jars.r06	-	50000000	1	300006058	0	289
v-jars.r07	-	50000000	1	350006058	0	337
v-jars.r08	-	50000000	1	400006058	0	385
v-jars.r09	-	50000000	1	450006058	0	433
v-jars.r10	-	50000000	1	500006058	0	481
v-jars.r11	-	50000000	1	12251264	1	12
v-jars.r12	-	50000000	1	62251264	1	60
v-jars.r13	-	50000000	1	112251264	1	108
v-jars.r14	-	50000000	1	162251264	1	156
v-jars.r15	-	4984584	1	212251264	1	204
v-jars.rar	-	50000000	1	217235848	1	209
v-jars.sfv	-	357	1	267235848	1	257
