sxs-paleo_pines_v393216.nfo	-	9878	1	0	0	0
sxs-paleo_pines_v393216.r00	-	100000000	1	9878	0	1
sxs-paleo_pines_v393216.r01	-	100000000	1	100009878	0	97
sxs-paleo_pines_v393216.r02	-	100000000	1	200009878	0	193
sxs-paleo_pines_v393216.r03	-	100000000	1	300009878	0	289
sxs-paleo_pines_v393216.r04	-	100000000	1	400009878	0	385
sxs-paleo_pines_v393216.r05	-	100000000	1	500009878	0	481
sxs-paleo_pines_v393216.r06	-	41150448	1	62251264	1	60
sxs-paleo_pines_v393216.rar	-	100000000	1	103401712	1	100
sxs-paleo_pines_v393216.sfv	-	304	1	203401712	1	196
