v-astroneer_v917504.nfo	-	5980	1	0	0	0
v-astroneer_v917504.r00	-	100000000	1	5980	0	1
v-astroneer_v917504.r01	-	100000000	1	100005980	0	97
v-astroneer_v917504.r02	-	100000000	1	200005980	0	193
v-astroneer_v917504.r03	-	100000000	1	300005980	0	289
v-astroneer_v917504.r04	-	100000000	1	400005980	0	385
v-astroneer_v917504.r05	-	100000000	1	500005980	0	481
v-astroneer_v917504.r06	-	8945422	1	62251264	1	60
v-astroneer_v917504.rar	-	100000000	1	71196686	1	69
v-astroneer_v917504.sfv	-	272	1	171196686	1	165
