sxs-dandara_v262144.nfo	-	9490	1	0	0	0
sxs-dandara_v262144.r00	-	50000000	1	9490	0	1
sxs-dandara_v262144.r01	-	50000000	1	50009490	0	49
sxs-dandara_v262144.r02	-	50000000	1	100009490	0	97
sxs-dandara_v262144.r03	-	50000000	1	150009490	0	145
sxs-dandara_v262144.r04	-	50000000	1	200009490	0	193
sxs-dandara_v262144.r05	-	50000000	1	250009490	0	241
sxs-dandara_v262144.r06	-	50000000	1	300009490	0	289
sxs-dandara_v262144.r07	-	50000000	1	350009490	0	337
sxs-dandara_v262144.r08	-	50000000	1	400009490	0	385
sxs-dandara_v262144.r09	-	50000000	1	450009490	0	433
sxs-dandara_v262144.r10	-	50000000	1	500009490	0	481
sxs-dandara_v262144.r11	-	50000000	1	12251264	1	12
sxs-dandara_v262144.r12	-	50000000	1	62251264	1	60
sxs-dandara_v262144.r13	-	50000000	1	112251264	1	108
sxs-dandara_v262144.r14	-	50000000	1	162251264	1	156
sxs-dandara_v262144.r15	-	50000000	1	212251264	1	204
sxs-dandara_v262144.r16	-	50000000	1	262251264	1	252
sxs-dandara_v262144.r17	-	50000000	1	312251264	1	300
sxs-dandara_v262144.r18	-	50000000	1	362251264	1	348
sxs-dandara_v262144.r19	-	50000000	1	412251264	1	396
sxs-dandara_v262144.r20	-	50000000	1	462251264	1	444
sxs-dandara_v262144.r21	-	50000000	1	512251264	1	492
sxs-dandara_v262144.r22	-	50000000	1	24834176	2	24
sxs-dandara_v262144.r23	-	50000000	1	74834176	2	72
sxs-dandara_v262144.r24	-	50000000	1	124834176	2	120
sxs-dandara_v262144.r25	-	17786680	1	174834176	2	168
sxs-dandara_v262144.rar	-	50000000	1	192620856	2	185
sxs-dandara_v262144.sfv	-	918	1	242620856	2	233
