v-inertial_drift_v196608.nfo	-	5746	1	0	0	0
v-inertial_drift_v196608.r00	-	50000000	1	5746	0	1
v-inertial_drift_v196608.r01	-	50000000	1	50005746	0	49
v-inertial_drift_v196608.r02	-	50000000	1	100005746	0	97
v-inertial_drift_v196608.r03	-	50000000	1	150005746	0	145
v-inertial_drift_v196608.r04	-	50000000	1	200005746	0	193
v-inertial_drift_v196608.r05	-	50000000	1	250005746	0	241
v-inertial_drift_v196608.r06	-	50000000	1	300005746	0	289
v-inertial_drift_v196608.r07	-	50000000	1	350005746	0	337
v-inertial_drift_v196608.r08	-	11046796	1	400005746	0	385
v-inertial_drift_v196608.rar	-	50000000	1	411052542	0	396
v-inertial_drift_v196608.sfv	-	390	1	461052542	0	444
