sxs-tiny_metal_v262144.nfo	-	6057	1	0	0	0
sxs-tiny_metal_v262144.r00	-	50000000	1	6057	0	1
sxs-tiny_metal_v262144.r01	-	50000000	1	50006057	0	49
sxs-tiny_metal_v262144.r02	-	50000000	1	100006057	0	97
sxs-tiny_metal_v262144.r03	-	50000000	1	150006057	0	145
sxs-tiny_metal_v262144.r04	-	50000000	1	200006057	0	193
sxs-tiny_metal_v262144.r05	-	50000000	1	250006057	0	241
sxs-tiny_metal_v262144.r06	-	50000000	1	300006057	0	289
sxs-tiny_metal_v262144.r07	-	50000000	1	350006057	0	337
sxs-tiny_metal_v262144.r08	-	30016743	1	400006057	0	385
sxs-tiny_metal_v262144.rar	-	50000000	1	430022800	0	414
sxs-tiny_metal_v262144.sfv	-	370	1	480022800	0	462
