v-diablo3_v327680.nfo	-	8242	1	0	0	0
v-diablo3_v327680.r00	-	50000000	1	8242	0	1
v-diablo3_v327680.r01	-	50000000	1	50008242	0	49
v-diablo3_v327680.r02	-	50000000	1	100008242	0	97
v-diablo3_v327680.r03	-	50000000	1	150008242	0	145
v-diablo3_v327680.r04	-	50000000	1	200008242	0	193
v-diablo3_v327680.r05	-	50000000	1	250008242	0	241
v-diablo3_v327680.r06	-	50000000	1	300008242	0	289
v-diablo3_v327680.r07	-	50000000	1	350008242	0	337
v-diablo3_v327680.r08	-	50000000	1	400008242	0	385
v-diablo3_v327680.r09	-	50000000	1	450008242	0	433
v-diablo3_v327680.r10	-	50000000	1	500008242	0	481
v-diablo3_v327680.r11	-	50000000	1	12251264	1	12
v-diablo3_v327680.r12	-	50000000	1	62251264	1	60
v-diablo3_v327680.r13	-	50000000	1	112251264	1	108
v-diablo3_v327680.r14	-	50000000	1	162251264	1	156
v-diablo3_v327680.r15	-	50000000	1	212251264	1	204
v-diablo3_v327680.r16	-	50000000	1	262251264	1	252
v-diablo3_v327680.r17	-	50000000	1	312251264	1	300
v-diablo3_v327680.r18	-	13995555	1	362251264	1	348
v-diablo3_v327680.rar	-	50000000	1	376246819	1	362
v-diablo3_v327680.sfv	-	640	1	426246819	1	410
