v-cyber_protocol_v196608.nfo	-	7306	1	0	0	0
v-cyber_protocol_v196608.r00	-	50000000	1	7306	0	1
v-cyber_protocol_v196608.r01	-	50000000	1	50007306	0	49
v-cyber_protocol_v196608.r02	-	50000000	1	100007306	0	97
v-cyber_protocol_v196608.r03	-	50000000	1	150007306	0	145
v-cyber_protocol_v196608.r04	-	50000000	1	200007306	0	193
v-cyber_protocol_v196608.r05	-	50000000	1	250007306	0	241
v-cyber_protocol_v196608.r06	-	15876480	1	300007306	0	289
v-cyber_protocol_v196608.rar	-	50000000	1	315883786	0	305
v-cyber_protocol_v196608.sfv	-	312	1	365883786	0	353
