v-promenade.nfo	-	4888	1	0	0	0
v-promenade.r00	-	100000000	1	4888	0	1
v-promenade.r01	-	100000000	1	100004888	0	97
v-promenade.r02	-	100000000	1	200004888	0	193
v-promenade.r03	-	100000000	1	300004888	0	289
v-promenade.r04	-	100000000	1	400004888	0	385
v-promenade.r05	-	100000000	1	500004888	0	481
v-promenade.r06	-	100000000	1	62251264	1	60
v-promenade.r07	-	100000000	1	162251264	1	156
v-promenade.r08	-	100000000	1	262251264	1	252
v-promenade.r09	-	100000000	1	362251264	1	348
v-promenade.r10	-	100000000	1	462251264	1	444
v-promenade.r11	-	100000000	1	24502528	2	24
v-promenade.r12	-	100000000	1	124502528	2	120
v-promenade.r13	-	100000000	1	224502528	2	216
v-promenade.r14	-	100000000	1	324502528	2	312
v-promenade.r15	-	100000000	1	424502528	2	408
v-promenade.r16	-	100000000	1	524502528	2	504
v-promenade.r17	-	100000000	1	87417088	3	84
v-promenade.r18	-	100000000	1	187417088	3	180
v-promenade.r19	-	100000000	1	287417088	3	276
v-promenade.r20	-	100000000	1	387417088	3	372
v-promenade.r21	-	100000000	1	487417088	3	468
v-promenade.r22	-	100000000	1	49668352	4	48
v-promenade.r23	-	100000000	1	149668352	4	144
v-promenade.r24	-	100000000	1	249668352	4	240
v-promenade.r25	-	100000000	1	349668352	4	336
v-promenade.r26	-	100000000	1	449668352	4	432
v-promenade.r27	-	100000000	1	11919616	5	12
v-promenade.r28	-	100000000	1	111919616	5	108
v-promenade.r29	-	100000000	1	211919616	5	204
v-promenade.r30	-	100000000	1	311919616	5	300
v-promenade.r31	-	44746600	1	411919616	5	396
v-promenade.rar	-	100000000	1	456666216	5	439
v-promenade.sfv	-	858	1	19259648	6	19
