sxs-two_point_campus_v983040.nfo	-	7382	1	0	0	0
sxs-two_point_campus_v983040.r00	-	100000000	1	7382	0	1
sxs-two_point_campus_v983040.r01	-	100000000	1	100007382	0	97
sxs-two_point_campus_v983040.r02	-	100000000	1	200007382	0	193
sxs-two_point_campus_v983040.r03	-	100000000	1	300007382	0	289
sxs-two_point_campus_v983040.r04	-	100000000	1	400007382	0	385
sxs-two_point_campus_v983040.r05	-	100000000	1	500007382	0	481
sxs-two_point_campus_v983040.r06	-	100000000	1	62251264	1	60
sxs-two_point_campus_v983040.r07	-	100000000	1	162251264	1	156
sxs-two_point_campus_v983040.r08	-	100000000	1	262251264	1	252
sxs-two_point_campus_v983040.r09	-	100000000	1	362251264	1	348
sxs-two_point_campus_v983040.r10	-	100000000	1	462251264	1	444
sxs-two_point_campus_v983040.r11	-	100000000	1	24502528	2	24
sxs-two_point_campus_v983040.r12	-	100000000	1	124502528	2	120
sxs-two_point_campus_v983040.r13	-	100000000	1	224502528	2	216
sxs-two_point_campus_v983040.r14	-	100000000	1	324502528	2	312
sxs-two_point_campus_v983040.r15	-	100000000	1	424502528	2	408
sxs-two_point_campus_v983040.r16	-	100000000	1	524502528	2	504
sxs-two_point_campus_v983040.r17	-	100000000	1	87417088	3	84
sxs-two_point_campus_v983040.r18	-	100000000	1	187417088	3	180
sxs-two_point_campus_v983040.r19	-	46625066	1	287417088	3	276
sxs-two_point_campus_v983040.rar	-	100000000	1	334042154	3	321
sxs-two_point_campus_v983040.sfv	-	903	1	434042154	3	417
