v-spells_and_secrets_v131072.nfo	-	5668	1	0	0	0
v-spells_and_secrets_v131072.r00	-	100000000	1	5668	0	1
v-spells_and_secrets_v131072.r01	-	100000000	1	100005668	0	97
v-spells_and_secrets_v131072.r02	-	100000000	1	200005668	0	193
v-spells_and_secrets_v131072.r03	-	100000000	1	300005668	0	289
v-spells_and_secrets_v131072.r04	-	100000000	1	400005668	0	385
v-spells_and_secrets_v131072.r05	-	100000000	1	500005668	0	481
v-spells_and_secrets_v131072.r06	-	100000000	1	62251264	1	60
v-spells_and_secrets_v131072.r07	-	100000000	1	162251264	1	156
v-spells_and_secrets_v131072.r08	-	100000000	1	262251264	1	252
v-spells_and_secrets_v131072.r09	-	100000000	1	362251264	1	348
v-spells_and_secrets_v131072.r10	-	100000000	1	462251264	1	444
v-spells_and_secrets_v131072.r11	-	100000000	1	24502528	2	24
v-spells_and_secrets_v131072.r12	-	100000000	1	124502528	2	120
v-spells_and_secrets_v131072.r13	-	100000000	1	224502528	2	216
v-spells_and_secrets_v131072.r14	-	100000000	1	324502528	2	312
v-spells_and_secrets_v131072.r15	-	100000000	1	424502528	2	408
v-spells_and_secrets_v131072.r16	-	100000000	1	524502528	2	504
v-spells_and_secrets_v131072.r17	-	100000000	1	87417088	3	84
v-spells_and_secrets_v131072.r18	-	21539074	1	187417088	3	180
v-spells_and_secrets_v131072.rar	-	100000000	1	208956162	3	201
v-spells_and_secrets_v131072.sfv	-	860	1	308956162	3	297
