sxs-retro_machina_v262144.nfo	-	7382	1	0	0	0
sxs-retro_machina_v262144.r00	-	50000000	1	7382	0	1
sxs-retro_machina_v262144.r01	-	50000000	1	50007382	0	49
sxs-retro_machina_v262144.r02	-	50000000	1	100007382	0	97
sxs-retro_machina_v262144.r03	-	50000000	1	150007382	0	145
sxs-retro_machina_v262144.r04	-	50000000	1	200007382	0	193
sxs-retro_machina_v262144.r05	-	50000000	1	250007382	0	241
sxs-retro_machina_v262144.r06	-	50000000	1	300007382	0	289
sxs-retro_machina_v262144.r07	-	50000000	1	350007382	0	337
sxs-retro_machina_v262144.r08	-	50000000	1	400007382	0	385
sxs-retro_machina_v262144.r09	-	50000000	1	450007382	0	433
sxs-retro_machina_v262144.r10	-	50000000	1	500007382	0	481
sxs-retro_machina_v262144.r11	-	50000000	1	12251264	1	12
sxs-retro_machina_v262144.r12	-	50000000	1	62251264	1	60
sxs-retro_machina_v262144.r13	-	50000000	1	112251264	1	108
sxs-retro_machina_v262144.r14	-	50000000	1	162251264	1	156
sxs-retro_machina_v262144.r15	-	50000000	1	212251264	1	204
sxs-retro_machina_v262144.r16	-	50000000	1	262251264	1	252
sxs-retro_machina_v262144.r17	-	50000000	1	312251264	1	300
sxs-retro_machina_v262144.r18	-	50000000	1	362251264	1	348
sxs-retro_machina_v262144.r19	-	38956335	1	412251264	1	396
sxs-retro_machina_v262144.rar	-	50000000	1	451207599	1	434
sxs-retro_machina_v262144.sfv	-	840	1	501207599	1	482
