v-black_future_88_v262144.nfo	-	7930	1	0	0	0
v-black_future_88_v262144.r00	-	50000000	1	7930	0	1
v-black_future_88_v262144.r01	-	50000000	1	50007930	0	49
v-black_future_88_v262144.r02	-	50000000	1	100007930	0	97
v-black_future_88_v262144.r03	-	50000000	1	150007930	0	145
v-black_future_88_v262144.r04	-	50000000	1	200007930	0	193
v-black_future_88_v262144.r05	-	50000000	1	250007930	0	241
v-black_future_88_v262144.r06	-	50000000	1	300007930	0	289
v-black_future_88_v262144.r07	-	50000000	1	350007930	0	337
v-black_future_88_v262144.r08	-	50000000	1	400007930	0	385
v-black_future_88_v262144.r09	-	50000000	1	450007930	0	433
v-black_future_88_v262144.r10	-	50000000	1	500007930	0	481
v-black_future_88_v262144.r11	-	50000000	1	12251264	1	12
v-black_future_88_v262144.r12	-	50000000	1	62251264	1	60
v-black_future_88_v262144.r13	-	50000000	1	112251264	1	108
v-black_future_88_v262144.r14	-	50000000	1	162251264	1	156
v-black_future_88_v262144.r15	-	50000000	1	212251264	1	204
v-black_future_88_v262144.r16	-	50000000	1	262251264	1	252
v-black_future_88_v262144.r17	-	50000000	1	312251264	1	300
v-black_future_88_v262144.r18	-	50000000	1	362251264	1	348
v-black_future_88_v262144.r19	-	50000000	1	412251264	1	396
v-black_future_88_v262144.r20	-	50000000	1	462251264	1	444
v-black_future_88_v262144.r21	-	50000000	1	512251264	1	492
v-black_future_88_v262144.r22	-	50000000	1	24834176	2	24
v-black_future_88_v262144.r23	-	50000000	1	74834176	2	72
v-black_future_88_v262144.r24	-	50000000	1	124834176	2	120
v-black_future_88_v262144.r25	-	3808460	1	174834176	2	168
v-black_future_88_v262144.rar	-	50000000	1	178642636	2	172
v-black_future_88_v262144.sfv	-	1080	1	228642636	2	220
