v-mk11_v1048576.nfo	-	4732	1	0	0	0
v-mk11_v1048576.r00	-	300000000	1	4732	0	1
v-mk11_v1048576.r01	-	300000000	1	300004732	0	288
v-mk11_v1048576.r02	-	300000000	1	63021824	1	61
v-mk11_v1048576.r03	-	300000000	1	363021824	1	348
v-mk11_v1048576.r04	-	300000000	1	125936384	2	121
v-mk11_v1048576.r05	-	300000000	1	425936384	2	408
v-mk11_v1048576.r06	-	300000000	1	188850944	3	181
v-mk11_v1048576.r07	-	300000000	1	488850944	3	468
v-mk11_v1048576.r08	-	300000000	1	251765504	4	241
v-mk11_v1048576.r09	-	300000000	1	14787328	5	15
v-mk11_v1048576.r10	-	300000000	1	314787328	5	302
v-mk11_v1048576.r11	-	300000000	1	77701888	6	75
v-mk11_v1048576.r12	-	300000000	1	377701888	6	362
v-mk11_v1048576.r13	-	300000000	1	140616448	7	135
v-mk11_v1048576.r14	-	300000000	1	440616448	7	422
v-mk11_v1048576.r15	-	300000000	1	203531008	8	195
v-mk11_v1048576.r16	-	300000000	1	503531008	8	482
v-mk11_v1048576.r17	-	300000000	1	266445568	9	255
v-mk11_v1048576.r18	-	300000000	1	29467392	10	29
v-mk11_v1048576.r19	-	300000000	1	329467392	10	316
v-mk11_v1048576.r20	-	300000000	1	92381952	11	89
v-mk11_v1048576.r21	-	300000000	1	392381952	11	376
v-mk11_v1048576.r22	-	300000000	1	155296512	12	149
v-mk11_v1048576.r23	-	300000000	1	455296512	12	436
v-mk11_v1048576.r24	-	300000000	1	218211072	13	209
v-mk11_v1048576.r25	-	300000000	1	518211072	13	496
v-mk11_v1048576.r26	-	300000000	1	281125632	14	269
v-mk11_v1048576.r27	-	300000000	1	44147456	15	43
v-mk11_v1048576.r28	-	300000000	1	344147456	15	330
v-mk11_v1048576.r29	-	300000000	1	107062016	16	103
v-mk11_v1048576.r30	-	300000000	1	407062016	16	390
v-mk11_v1048576.r31	-	300000000	1	169976576	17	163
v-mk11_v1048576.r32	-	300000000	1	469976576	17	450
v-mk11_v1048576.r33	-	300000000	1	232891136	18	223
v-mk11_v1048576.r34	-	300000000	1	532891136	18	510
v-mk11_v1048576.r35	-	300000000	1	295805696	19	283
v-mk11_v1048576.r36	-	300000000	1	58827520	20	57
v-mk11_v1048576.r37	-	300000000	1	358827520	20	344
v-mk11_v1048576.r38	-	300000000	1	121742080	21	117
v-mk11_v1048576.r39	-	300000000	1	421742080	21	404
v-mk11_v1048576.r40	-	300000000	1	184656640	22	177
v-mk11_v1048576.r41	-	300000000	1	484656640	22	464
v-mk11_v1048576.r42	-	300000000	1	247571200	23	237
v-mk11_v1048576.r43	-	300000000	1	10593024	24	11
v-mk11_v1048576.r44	-	300000000	1	310593024	24	298
v-mk11_v1048576.r45	-	300000000	1	73507584	25	71
v-mk11_v1048576.r46	-	300000000	1	373507584	25	358
v-mk11_v1048576.r47	-	300000000	1	136422144	26	131
v-mk11_v1048576.r48	-	300000000	1	436422144	26	418
v-mk11_v1048576.r49	-	300000000	1	199336704	27	191
v-mk11_v1048576.r50	-	300000000	1	499336704	27	478
v-mk11_v1048576.r51	-	300000000	1	262251264	28	251
v-mk11_v1048576.r52	-	300000000	1	25273088	29	25
v-mk11_v1048576.r53	-	300000000	1	325273088	29	312
v-mk11_v1048576.r54	-	300000000	1	88187648	30	85
v-mk11_v1048576.r55	-	300000000	1	388187648	30	372
v-mk11_v1048576.r56	-	300000000	1	151102208	31	145
v-mk11_v1048576.r57	-	300000000	1	451102208	31	432
v-mk11_v1048576.r58	-	300000000	1	214016768	32	205
v-mk11_v1048576.r59	-	300000000	1	514016768	32	492
v-mk11_v1048576.r60	-	300000000	1	276931328	33	265
v-mk11_v1048576.r61	-	300000000	1	39953152	34	39
v-mk11_v1048576.r62	-	300000000	1	339953152	34	326
v-mk11_v1048576.r63	-	300000000	1	102867712	35	99
v-mk11_v1048576.r64	-	300000000	1	402867712	35	386
v-mk11_v1048576.r65	-	300000000	1	165782272	36	159
v-mk11_v1048576.r66	-	300000000	1	465782272	36	446
v-mk11_v1048576.r67	-	300000000	1	228696832	37	219
v-mk11_v1048576.r68	-	300000000	1	528696832	37	506
v-mk11_v1048576.r69	-	300000000	1	291611392	38	279
v-mk11_v1048576.r70	-	300000000	1	54633216	39	53
v-mk11_v1048576.r71	-	300000000	1	354633216	39	340
v-mk11_v1048576.r72	-	300000000	1	117547776	40	113
v-mk11_v1048576.r73	-	300000000	1	417547776	40	400
v-mk11_v1048576.r74	-	300000000	1	180462336	41	173
v-mk11_v1048576.r75	-	300000000	1	480462336	41	460
v-mk11_v1048576.r76	-	300000000	1	243376896	42	233
v-mk11_v1048576.r77	-	300000000	1	6398720	43	7
v-mk11_v1048576.r78	-	300000000	1	306398720	43	294
v-mk11_v1048576.r79	-	300000000	1	69313280	44	67
v-mk11_v1048576.r80	-	300000000	1	369313280	44	354
v-mk11_v1048576.r81	-	300000000	1	132227840	45	127
v-mk11_v1048576.r82	-	300000000	1	432227840	45	414
v-mk11_v1048576.r83	-	300000000	1	195142400	46	187
v-mk11_v1048576.r84	-	210812958	1	495142400	46	474
v-mk11_v1048576.rar	-	300000000	1	168869918	47	162
v-mk11_v1048576.sfv	-	2580	1	468869918	47	449
