v-thems_fightin_herds_v524288.nfo	-	5590	1	0	0	0
v-thems_fightin_herds_v524288.r00	-	100000000	1	5590	0	1
v-thems_fightin_herds_v524288.r01	-	100000000	1	100005590	0	97
v-thems_fightin_herds_v524288.r02	-	100000000	1	200005590	0	193
v-thems_fightin_herds_v524288.r03	-	100000000	1	300005590	0	289
v-thems_fightin_herds_v524288.r04	-	100000000	1	400005590	0	385
v-thems_fightin_herds_v524288.r05	-	100000000	1	500005590	0	481
v-thems_fightin_herds_v524288.r06	-	100000000	1	62251264	1	60
v-thems_fightin_herds_v524288.r07	-	100000000	1	162251264	1	156
v-thems_fightin_herds_v524288.r08	-	100000000	1	262251264	1	252
v-thems_fightin_herds_v524288.r09	-	100000000	1	362251264	1	348
v-thems_fightin_herds_v524288.r10	-	100000000	1	462251264	1	444
v-thems_fightin_herds_v524288.r11	-	100000000	1	24502528	2	24
v-thems_fightin_herds_v524288.r12	-	100000000	1	124502528	2	120
v-thems_fightin_herds_v524288.r13	-	100000000	1	224502528	2	216
v-thems_fightin_herds_v524288.r14	-	100000000	1	324502528	2	312
v-thems_fightin_herds_v524288.r15	-	100000000	1	424502528	2	408
v-thems_fightin_herds_v524288.r16	-	100000000	1	524502528	2	504
v-thems_fightin_herds_v524288.r17	-	100000000	1	87417088	3	84
v-thems_fightin_herds_v524288.r18	-	100000000	1	187417088	3	180
v-thems_fightin_herds_v524288.r19	-	100000000	1	287417088	3	276
v-thems_fightin_herds_v524288.r20	-	100000000	1	387417088	3	372
v-thems_fightin_herds_v524288.r21	-	100000000	1	487417088	3	468
v-thems_fightin_herds_v524288.r22	-	100000000	1	49668352	4	48
v-thems_fightin_herds_v524288.r23	-	100000000	1	149668352	4	144
v-thems_fightin_herds_v524288.r24	-	100000000	1	249668352	4	240
v-thems_fightin_herds_v524288.r25	-	100000000	1	349668352	4	336
v-thems_fightin_herds_v524288.r26	-	100000000	1	449668352	4	432
v-thems_fightin_herds_v524288.r27	-	100000000	1	11919616	5	12
v-thems_fightin_herds_v524288.r28	-	85970866	1	111919616	5	108
v-thems_fightin_herds_v524288.rar	-	100000000	1	197890482	5	190
v-thems_fightin_herds_v524288.sfv	-	1320	1	297890482	5	286
