v-mbatck_v131072.nfo	-	6518	1	0	0	0
v-mbatck_v131072.r00	-	50000000	1	6518	0	1
v-mbatck_v131072.r01	-	50000000	1	50006518	0	49
v-mbatck_v131072.r02	-	50000000	1	100006518	0	97
v-mbatck_v131072.r03	-	50000000	1	150006518	0	145
v-mbatck_v131072.r04	-	50000000	1	200006518	0	193
v-mbatck_v131072.r05	-	50000000	1	250006518	0	241
v-mbatck_v131072.r06	-	50000000	1	300006518	0	289
v-mbatck_v131072.r07	-	50000000	1	350006518	0	337
v-mbatck_v131072.r08	-	50000000	1	400006518	0	385
v-mbatck_v131072.r09	-	50000000	1	450006518	0	433
v-mbatck_v131072.r10	-	50000000	1	500006518	0	481
v-mbatck_v131072.r11	-	50000000	1	12251264	1	12
v-mbatck_v131072.r12	-	50000000	1	62251264	1	60
v-mbatck_v131072.r13	-	50000000	1	112251264	1	108
v-mbatck_v131072.r14	-	50000000	1	162251264	1	156
v-mbatck_v131072.r15	-	50000000	1	212251264	1	204
v-mbatck_v131072.r16	-	50000000	1	262251264	1	252
v-mbatck_v131072.r17	-	50000000	1	312251264	1	300
v-mbatck_v131072.r18	-	50000000	1	362251264	1	348
v-mbatck_v131072.r19	-	50000000	1	412251264	1	396
v-mbatck_v131072.r20	-	50000000	1	462251264	1	444
v-mbatck_v131072.r21	-	11659018	1	512251264	1	492
v-mbatck_v131072.rar	-	50000000	1	523910282	1	504
v-mbatck_v131072.sfv	-	713	1	36368512	2	35
