bbb-h-aab8ap.nfo	-	5517	1	0	0	0
bbb-h-aab8ap.part01.rar	-	250000000	1	5517	0	1
bbb-h-aab8ap.part02.rar	-	250000000	1	250005517	0	240
bbb-h-aab8ap.part03.rar	-	250000000	1	500005517	0	479
bbb-h-aab8ap.part04.rar	-	250000000	1	212251264	1	203
bbb-h-aab8ap.part05.rar	-	250000000	1	462251264	1	442
bbb-h-aab8ap.part06.rar	-	250000000	1	174502528	2	167
bbb-h-aab8ap.part07.rar	-	250000000	1	424502528	2	406
bbb-h-aab8ap.part08.rar	-	250000000	1	136753792	3	131
bbb-h-aab8ap.part09.rar	-	250000000	1	386753792	3	370
bbb-h-aab8ap.part10.rar	-	40243882	1	99005056	4	95
bbb-h-aab8ap.sfv	-	340	1	139248938	4	134
