n-lifeisstrange2.nfo	-	6059	1	0	0	0
n-lifeisstrange2.r00	-	450000000	1	6059	0	1
n-lifeisstrange2.r01	-	450000000	1	450006059	0	431
n-lifeisstrange2.r02	-	450000000	1	362968192	1	347
n-lifeisstrange2.r03	-	450000000	1	275936384	2	264
n-lifeisstrange2.r04	-	450000000	1	188904576	3	181
n-lifeisstrange2.r05	-	450000000	1	101872768	4	98
n-lifeisstrange2.r06	-	450000000	1	14840960	5	15
n-lifeisstrange2.r07	-	450000000	1	464840960	5	445
n-lifeisstrange2.r08	-	450000000	1	377648256	6	361
n-lifeisstrange2.r09	-	450000000	1	290616448	7	278
n-lifeisstrange2.r10	-	450000000	1	203584640	8	195
n-lifeisstrange2.r11	-	450000000	1	116552832	9	112
n-lifeisstrange2.r12	-	450000000	1	29521024	10	29
n-lifeisstrange2.r13	-	450000000	1	479521024	10	459
n-lifeisstrange2.r14	-	450000000	1	392328320	11	375
n-lifeisstrange2.r15	-	450000000	1	305296512	12	292
n-lifeisstrange2.r16	-	450000000	1	218264704	13	209
n-lifeisstrange2.r17	-	450000000	1	131232896	14	126
n-lifeisstrange2.r18	-	450000000	1	44201088	15	43
n-lifeisstrange2.r19	-	450000000	1	494201088	15	473
n-lifeisstrange2.r20	-	450000000	1	407008384	16	389
n-lifeisstrange2.r21	-	450000000	1	319976576	17	306
n-lifeisstrange2.r22	-	450000000	1	232944768	18	223
n-lifeisstrange2.r23	-	450000000	1	145912960	19	140
n-lifeisstrange2.r24	-	450000000	1	58881152	20	57
n-lifeisstrange2.r25	-	450000000	1	508881152	20	487
n-lifeisstrange2.r26	-	450000000	1	421688448	21	403
n-lifeisstrange2.r27	-	450000000	1	334656640	22	320
n-lifeisstrange2.r28	-	450000000	1	247624832	23	237
n-lifeisstrange2.r29	-	450000000	1	160593024	24	154
n-lifeisstrange2.r30	-	450000000	1	73561216	25	71
n-lifeisstrange2.r31	-	450000000	1	523561216	25	501
n-lifeisstrange2.r32	-	450000000	1	436368512	26	417
n-lifeisstrange2.r33	-	450000000	1	349336704	27	334
n-lifeisstrange2.r34	-	450000000	1	262304896	28	251
n-lifeisstrange2.r35	-	450000000	1	175273088	29	168
n-lifeisstrange2.r36	-	450000000	1	88241280	30	85
n-lifeisstrange2.r37	-	450000000	1	1209472	31	2
n-lifeisstrange2.r38	-	450000000	1	451209472	31	432
n-lifeisstrange2.r39	-	450000000	1	364016768	32	348
n-lifeisstrange2.r40	-	450000000	1	276984960	33	265
n-lifeisstrange2.r41	-	450000000	1	189953152	34	182
n-lifeisstrange2.r42	-	450000000	1	102921344	35	99
n-lifeisstrange2.r43	-	450000000	1	15889536	36	16
n-lifeisstrange2.r44	-	450000000	1	465889536	36	446
n-lifeisstrange2.r45	-	450000000	1	378696832	37	362
n-lifeisstrange2.r46	-	450000000	1	291665024	38	279
n-lifeisstrange2.r47	-	450000000	1	204633216	39	196
n-lifeisstrange2.r48	-	450000000	1	117601408	40	113
n-lifeisstrange2.r49	-	450000000	1	30569600	41	30
n-lifeisstrange2.r50	-	450000000	1	480569600	41	460
n-lifeisstrange2.r51	-	450000000	1	393376896	42	376
n-lifeisstrange2.r52	-	450000000	1	306345088	43	293
n-lifeisstrange2.r53	-	450000000	1	219313280	44	210
n-lifeisstrange2.r54	-	450000000	1	132281472	45	127
n-lifeisstrange2.r55	-	450000000	1	45249664	46	44
n-lifeisstrange2.r56	-	450000000	1	495249664	46	474
n-lifeisstrange2.r57	-	450000000	1	408056960	47	390
n-lifeisstrange2.r58	-	450000000	1	321025152	48	307
n-lifeisstrange2.r59	-	450000000	1	233993344	49	224
n-lifeisstrange2.r60	-	450000000	1	146961536	50	141
n-lifeisstrange2.r61	-	450000000	1	59929728	51	58
n-lifeisstrange2.r62	-	140280266	1	509929728	51	488
n-lifeisstrange2.rar	-	450000000	1	113017290	52	108
n-lifeisstrange2.sfv	-	1984	1	25326720	53	25
