Proof	d	0	1	0	0	0
Proof/v-fimbul.jpg	-	114145	1	0	0	0
v-fimbul.nfo	-	4732	1	114145	0	1
v-fimbul.r00	-	50000000	1	118877	0	2
v-fimbul.r01	-	50000000	1	50118877	0	50
v-fimbul.r02	-	50000000	1	100118877	0	98
v-fimbul.r03	-	50000000	1	150118877	0	146
v-fimbul.r04	-	50000000	1	200118877	0	194
v-fimbul.r05	-	50000000	1	250118877	0	242
v-fimbul.r06	-	50000000	1	300118877	0	290
v-fimbul.r07	-	50000000	1	350118877	0	338
v-fimbul.r08	-	50000000	1	400118877	0	386
v-fimbul.r09	-	50000000	1	450118877	0	434
v-fimbul.r10	-	50000000	1	500118877	0	482
v-fimbul.r11	-	50000000	1	12251264	1	12
v-fimbul.r12	-	50000000	1	62251264	1	60
v-fimbul.r13	-	50000000	1	112251264	1	108
v-fimbul.r14	-	50000000	1	162251264	1	156
v-fimbul.r15	-	50000000	1	212251264	1	204
v-fimbul.r16	-	50000000	1	262251264	1	252
v-fimbul.r17	-	50000000	1	312251264	1	300
v-fimbul.r18	-	50000000	1	362251264	1	348
v-fimbul.r19	-	50000000	1	412251264	1	396
v-fimbul.r20	-	50000000	1	462251264	1	444
v-fimbul.r21	-	50000000	1	512251264	1	492
v-fimbul.r22	-	50000000	1	24834176	2	24
v-fimbul.r23	-	50000000	1	74834176	2	72
v-fimbul.r24	-	50000000	1	124834176	2	120
v-fimbul.r25	-	50000000	1	174834176	2	168
v-fimbul.r26	-	50000000	1	224834176	2	216
v-fimbul.r27	-	50000000	1	274834176	2	264
v-fimbul.r28	-	50000000	1	324834176	2	312
v-fimbul.r29	-	50000000	1	374834176	2	360
v-fimbul.r30	-	50000000	1	424834176	2	408
v-fimbul.r31	-	50000000	1	474834176	2	456
v-fimbul.r32	-	13751039	1	524834176	2	504
v-fimbul.rar	-	50000000	1	1168127	3	2
v-fimbul.sfv	-	782	1	51168127	3	50
