Proof	d	0	1	0	0	0
Proof/sxs-world_quiz.jpg	-	178848	1	0	0	0
sxs-world_quiz.nfo	-	6212	1	178848	0	1
sxs-world_quiz.r00	-	50000000	1	185060	0	2
sxs-world_quiz.r01	-	50000000	1	50185060	0	50
sxs-world_quiz.r02	-	50000000	1	100185060	0	98
sxs-world_quiz.r03	-	50000000	1	150185060	0	146
sxs-world_quiz.r04	-	50000000	1	200185060	0	194
sxs-world_quiz.r05	-	50000000	1	250185060	0	242
sxs-world_quiz.r06	-	50000000	1	300185060	0	290
sxs-world_quiz.r07	-	50000000	1	350185060	0	338
sxs-world_quiz.r08	-	50000000	1	400185060	0	386
sxs-world_quiz.r09	-	50000000	1	450185060	0	434
sxs-world_quiz.r10	-	50000000	1	500185060	0	482
sxs-world_quiz.r11	-	50000000	1	13299840	1	13
sxs-world_quiz.r12	-	50000000	1	63299840	1	61
sxs-world_quiz.r13	-	50000000	1	113299840	1	109
sxs-world_quiz.r14	-	50000000	1	163299840	1	157
sxs-world_quiz.r15	-	50000000	1	213299840	1	205
sxs-world_quiz.r16	-	50000000	1	263299840	1	253
sxs-world_quiz.r17	-	50000000	1	313299840	1	301
sxs-world_quiz.r18	-	50000000	1	363299840	1	349
sxs-world_quiz.r19	-	50000000	1	413299840	1	397
sxs-world_quiz.r20	-	50000000	1	463299840	1	445
sxs-world_quiz.r21	-	50000000	1	513299840	1	493
sxs-world_quiz.r22	-	50000000	1	25882752	2	25
sxs-world_quiz.r23	-	50000000	1	75882752	2	73
sxs-world_quiz.r24	-	50000000	1	125882752	2	121
sxs-world_quiz.r25	-	38733821	1	175882752	2	169
sxs-world_quiz.rar	-	50000000	1	214616573	2	206
sxs-world_quiz.sfv	-	783	1	264616573	2	254
