hr-a2j2dv131072.nfo	-	11258	1	0	0	0
hr-a2j2dv131072.r00	-	50000000	1	11258	0	1
hr-a2j2dv131072.r01	-	50000000	1	50011258	0	49
hr-a2j2dv131072.r02	-	50000000	1	100011258	0	97
hr-a2j2dv131072.r03	-	50000000	1	150011258	0	145
hr-a2j2dv131072.r04	-	50000000	1	200011258	0	193
hr-a2j2dv131072.r05	-	50000000	1	250011258	0	241
hr-a2j2dv131072.r06	-	50000000	1	300011258	0	289
hr-a2j2dv131072.r07	-	50000000	1	350011258	0	337
hr-a2j2dv131072.r08	-	15657961	1	400011258	0	385
hr-a2j2dv131072.rar	-	50000000	1	415669219	0	400
hr-a2j2dv131072.sfv	-	300	1	465669219	0	448
