sxs-guts_and_glory_v65536.nfo	-	4652	1	0	0	0
sxs-guts_and_glory_v65536.r00	-	50000000	1	4652	0	1
sxs-guts_and_glory_v65536.r01	-	50000000	1	50004652	0	49
sxs-guts_and_glory_v65536.r02	-	50000000	1	100004652	0	97
sxs-guts_and_glory_v65536.r03	-	50000000	1	150004652	0	145
sxs-guts_and_glory_v65536.r04	-	50000000	1	200004652	0	193
sxs-guts_and_glory_v65536.r05	-	50000000	1	250004652	0	241
sxs-guts_and_glory_v65536.r06	-	50000000	1	300004652	0	289
sxs-guts_and_glory_v65536.r07	-	50000000	1	350004652	0	337
sxs-guts_and_glory_v65536.r08	-	50000000	1	400004652	0	385
sxs-guts_and_glory_v65536.r09	-	50000000	1	450004652	0	433
sxs-guts_and_glory_v65536.r10	-	50000000	1	500004652	0	481
sxs-guts_and_glory_v65536.r11	-	50000000	1	12251264	1	12
sxs-guts_and_glory_v65536.r12	-	50000000	1	62251264	1	60
sxs-guts_and_glory_v65536.r13	-	50000000	1	112251264	1	108
sxs-guts_and_glory_v65536.r14	-	45978602	1	162251264	1	156
sxs-guts_and_glory_v65536.rar	-	50000000	1	208229866	1	200
sxs-guts_and_glory_v65536.sfv	-	640	1	258229866	1	248
