sxs-hyperforma_v196608.nfo	-	6602	1	0	0	0
sxs-hyperforma_v196608.r00	-	50000000	1	6602	0	1
sxs-hyperforma_v196608.r01	-	50000000	1	50006602	0	49
sxs-hyperforma_v196608.r02	-	50000000	1	100006602	0	97
sxs-hyperforma_v196608.r03	-	50000000	1	150006602	0	145
sxs-hyperforma_v196608.r04	-	50000000	1	200006602	0	193
sxs-hyperforma_v196608.r05	-	50000000	1	250006602	0	241
sxs-hyperforma_v196608.r06	-	31736377	1	300006602	0	289
sxs-hyperforma_v196608.rar	-	50000000	1	331742979	0	320
sxs-hyperforma_v196608.sfv	-	296	1	381742979	0	368
