lfc-ay2la_v65536.nfo	-	6448	1	0	0	0
lfc-ay2la_v65536.r00	-	50000000	1	6448	0	1
lfc-ay2la_v65536.r01	-	50000000	1	50006448	0	49
lfc-ay2la_v65536.r02	-	50000000	1	100006448	0	97
lfc-ay2la_v65536.r03	-	50000000	1	150006448	0	145
lfc-ay2la_v65536.r04	-	50000000	1	200006448	0	193
lfc-ay2la_v65536.r05	-	50000000	1	250006448	0	241
lfc-ay2la_v65536.r06	-	50000000	1	300006448	0	289
lfc-ay2la_v65536.r07	-	50000000	1	350006448	0	337
lfc-ay2la_v65536.r08	-	50000000	1	400006448	0	385
lfc-ay2la_v65536.r09	-	50000000	1	450006448	0	433
lfc-ay2la_v65536.r10	-	50000000	1	500006448	0	481
lfc-ay2la_v65536.r11	-	50000000	1	12251264	1	12
lfc-ay2la_v65536.r12	-	50000000	1	62251264	1	60
lfc-ay2la_v65536.r13	-	50000000	1	112251264	1	108
lfc-ay2la_v65536.r14	-	50000000	1	162251264	1	156
lfc-ay2la_v65536.r15	-	21097457	1	212251264	1	204
lfc-ay2la_v65536.rar	-	50000000	1	233348721	1	225
lfc-ay2la_v65536.sfv	-	527	1	283348721	1	273
