v-evergate.nfo	-	5278	1	0	0	0
v-evergate.r00	-	50000000	1	5278	0	1
v-evergate.r01	-	50000000	1	50005278	0	49
v-evergate.r02	-	50000000	1	100005278	0	97
v-evergate.r03	-	50000000	1	150005278	0	145
v-evergate.r04	-	50000000	1	200005278	0	193
v-evergate.r05	-	50000000	1	250005278	0	241
v-evergate.r06	-	50000000	1	300005278	0	289
v-evergate.r07	-	50000000	1	350005278	0	337
v-evergate.r08	-	50000000	1	400005278	0	385
v-evergate.r09	-	50000000	1	450005278	0	433
v-evergate.r10	-	50000000	1	500005278	0	481
v-evergate.r11	-	50000000	1	12251264	1	12
v-evergate.r12	-	50000000	1	62251264	1	60
v-evergate.r13	-	50000000	1	112251264	1	108
v-evergate.r14	-	50000000	1	162251264	1	156
v-evergate.r15	-	50000000	1	212251264	1	204
v-evergate.r16	-	50000000	1	262251264	1	252
v-evergate.r17	-	50000000	1	312251264	1	300
v-evergate.r18	-	50000000	1	362251264	1	348
v-evergate.r19	-	50000000	1	412251264	1	396
v-evergate.r20	-	50000000	1	462251264	1	444
v-evergate.r21	-	50000000	1	512251264	1	492
v-evergate.r22	-	50000000	1	24834176	2	24
v-evergate.r23	-	50000000	1	74834176	2	72
v-evergate.r24	-	50000000	1	124834176	2	120
v-evergate.r25	-	50000000	1	174834176	2	168
v-evergate.r26	-	50000000	1	224834176	2	216
v-evergate.r27	-	50000000	1	274834176	2	264
v-evergate.r28	-	50000000	1	324834176	2	312
v-evergate.r29	-	50000000	1	374834176	2	360
v-evergate.r30	-	50000000	1	424834176	2	408
v-evergate.r31	-	50000000	1	474834176	2	456
v-evergate.r32	-	50000000	1	524834176	2	504
v-evergate.r33	-	50000000	1	37417088	3	36
v-evergate.r34	-	50000000	1	87417088	3	84
v-evergate.r35	-	50000000	1	137417088	3	132
v-evergate.r36	-	50000000	1	187417088	3	180
v-evergate.r37	-	50000000	1	237417088	3	228
v-evergate.r38	-	50000000	1	287417088	3	276
v-evergate.r39	-	50000000	1	337417088	3	324
v-evergate.r40	-	50000000	1	387417088	3	372
v-evergate.r41	-	50000000	1	437417088	3	420
v-evergate.r42	-	50000000	1	487417088	3	468
v-evergate.r43	-	50000000	1	0	4	0
v-evergate.r44	-	50000000	1	50000000	4	48
v-evergate.r45	-	50000000	1	100000000	4	96
v-evergate.r46	-	50000000	1	150000000	4	144
v-evergate.r47	-	50000000	1	200000000	4	192
v-evergate.r48	-	50000000	1	250000000	4	240
v-evergate.r49	-	50000000	1	300000000	4	288
v-evergate.r50	-	50000000	1	350000000	4	336
v-evergate.r51	-	50000000	1	400000000	4	384
v-evergate.r52	-	50000000	1	450000000	4	432
v-evergate.r53	-	50000000	1	500000000	4	480
v-evergate.r54	-	50000000	1	12251264	5	12
v-evergate.r55	-	50000000	1	62251264	5	60
v-evergate.r56	-	50000000	1	112251264	5	108
v-evergate.r57	-	50000000	1	162251264	5	156
v-evergate.r58	-	50000000	1	212251264	5	204
v-evergate.r59	-	50000000	1	262251264	5	252
v-evergate.r60	-	50000000	1	312251264	5	300
v-evergate.r61	-	50000000	1	362251264	5	348
v-evergate.r62	-	50000000	1	412251264	5	396
v-evergate.r63	-	50000000	1	462251264	5	444
v-evergate.r64	-	50000000	1	512251264	5	492
v-evergate.r65	-	50000000	1	24834176	6	24
v-evergate.r66	-	50000000	1	74834176	6	72
v-evergate.r67	-	50000000	1	124834176	6	120
v-evergate.r68	-	50000000	1	174834176	6	168
v-evergate.r69	-	50000000	1	224834176	6	216
v-evergate.r70	-	50000000	1	274834176	6	264
v-evergate.r71	-	50000000	1	324834176	6	312
v-evergate.r72	-	50000000	1	374834176	6	360
v-evergate.r73	-	50000000	1	424834176	6	408
v-evergate.r74	-	50000000	1	474834176	6	456
v-evergate.r75	-	50000000	1	524834176	6	504
v-evergate.r76	-	31602115	1	37417088	7	36
v-evergate.rar	-	50000000	1	69019203	7	67
v-evergate.sfv	-	1950	1	119019203	7	115
