sxs-rez_plz_v65536.nfo	-	6914	1	0	0	0
sxs-rez_plz_v65536.r00	-	50000000	1	6914	0	1
sxs-rez_plz_v65536.r01	-	50000000	1	50006914	0	49
sxs-rez_plz_v65536.r02	-	50000000	1	100006914	0	97
sxs-rez_plz_v65536.r03	-	50000000	1	150006914	0	145
sxs-rez_plz_v65536.r04	-	50000000	1	200006914	0	193
sxs-rez_plz_v65536.r05	-	50000000	1	250006914	0	241
sxs-rez_plz_v65536.r06	-	50000000	1	300006914	0	289
sxs-rez_plz_v65536.r07	-	50000000	1	350006914	0	337
sxs-rez_plz_v65536.r08	-	50000000	1	400006914	0	385
sxs-rez_plz_v65536.r09	-	26126772	1	450006914	0	433
sxs-rez_plz_v65536.rar	-	50000000	1	476133686	0	458
sxs-rez_plz_v65536.sfv	-	363	1	526133686	0	506
