sxs-crime_oclock_v196608.nfo	-	8396	1	0	0	0
sxs-crime_oclock_v196608.r00	-	100000000	1	8396	0	1
sxs-crime_oclock_v196608.r01	-	100000000	1	100008396	0	97
sxs-crime_oclock_v196608.r02	-	100000000	1	200008396	0	193
sxs-crime_oclock_v196608.r03	-	100000000	1	300008396	0	289
sxs-crime_oclock_v196608.r04	-	100000000	1	400008396	0	385
sxs-crime_oclock_v196608.r05	-	100000000	1	500008396	0	481
sxs-crime_oclock_v196608.r06	-	100000000	1	62251264	1	60
sxs-crime_oclock_v196608.r07	-	100000000	1	162251264	1	156
sxs-crime_oclock_v196608.r08	-	100000000	1	262251264	1	252
sxs-crime_oclock_v196608.r09	-	100000000	1	362251264	1	348
sxs-crime_oclock_v196608.r10	-	100000000	1	462251264	1	444
sxs-crime_oclock_v196608.r11	-	100000000	1	24502528	2	24
sxs-crime_oclock_v196608.r12	-	100000000	1	124502528	2	120
sxs-crime_oclock_v196608.r13	-	100000000	1	224502528	2	216
sxs-crime_oclock_v196608.r14	-	100000000	1	324502528	2	312
sxs-crime_oclock_v196608.r15	-	100000000	1	424502528	2	408
sxs-crime_oclock_v196608.r16	-	40157889	1	524502528	2	504
sxs-crime_oclock_v196608.rar	-	100000000	1	27574977	3	27
sxs-crime_oclock_v196608.sfv	-	702	1	127574977	3	123
