sxs-coloring_book_v262144.nfo	-	6290	1	0	0	0
sxs-coloring_book_v262144.r00	-	50000000	1	6290	0	1
sxs-coloring_book_v262144.r01	-	50000000	1	50006290	0	49
sxs-coloring_book_v262144.r02	-	50000000	1	100006290	0	97
sxs-coloring_book_v262144.r03	-	50000000	1	150006290	0	145
sxs-coloring_book_v262144.r04	-	50000000	1	200006290	0	193
sxs-coloring_book_v262144.r05	-	50000000	1	250006290	0	241
sxs-coloring_book_v262144.r06	-	50000000	1	300006290	0	289
sxs-coloring_book_v262144.r07	-	50000000	1	350006290	0	337
sxs-coloring_book_v262144.r08	-	50000000	1	400006290	0	385
sxs-coloring_book_v262144.r09	-	50000000	1	450006290	0	433
sxs-coloring_book_v262144.r10	-	50000000	1	500006290	0	481
sxs-coloring_book_v262144.r11	-	50000000	1	12251264	1	12
sxs-coloring_book_v262144.r12	-	50000000	1	62251264	1	60
sxs-coloring_book_v262144.r13	-	50000000	1	112251264	1	108
sxs-coloring_book_v262144.r14	-	21515230	1	162251264	1	156
sxs-coloring_book_v262144.rar	-	50000000	1	183766494	1	177
sxs-coloring_book_v262144.sfv	-	640	1	233766494	1	225
