sxs-overpass_v131072.nfo	-	4964	1	0	0	0
sxs-overpass_v131072.r00	-	50000000	1	4964	0	1
sxs-overpass_v131072.r01	-	50000000	1	50004964	0	49
sxs-overpass_v131072.r02	-	50000000	1	100004964	0	97
sxs-overpass_v131072.r03	-	50000000	1	150004964	0	145
sxs-overpass_v131072.r04	-	50000000	1	200004964	0	193
sxs-overpass_v131072.r05	-	50000000	1	250004964	0	241
sxs-overpass_v131072.r06	-	50000000	1	300004964	0	289
sxs-overpass_v131072.r07	-	50000000	1	350004964	0	337
sxs-overpass_v131072.r08	-	50000000	1	400004964	0	385
sxs-overpass_v131072.r09	-	50000000	1	450004964	0	433
sxs-overpass_v131072.r10	-	50000000	1	500004964	0	481
sxs-overpass_v131072.r11	-	50000000	1	12251264	1	12
sxs-overpass_v131072.r12	-	50000000	1	62251264	1	60
sxs-overpass_v131072.r13	-	50000000	1	112251264	1	108
sxs-overpass_v131072.r14	-	50000000	1	162251264	1	156
sxs-overpass_v131072.r15	-	50000000	1	212251264	1	204
sxs-overpass_v131072.r16	-	50000000	1	262251264	1	252
sxs-overpass_v131072.r17	-	50000000	1	312251264	1	300
sxs-overpass_v131072.r18	-	50000000	1	362251264	1	348
sxs-overpass_v131072.r19	-	50000000	1	412251264	1	396
sxs-overpass_v131072.r20	-	50000000	1	462251264	1	444
sxs-overpass_v131072.r21	-	50000000	1	512251264	1	492
sxs-overpass_v131072.r22	-	50000000	1	24834176	2	24
sxs-overpass_v131072.r23	-	12471073	1	74834176	2	72
sxs-overpass_v131072.rar	-	50000000	1	87305249	2	84
sxs-overpass_v131072.sfv	-	875	1	137305249	2	132
