n-cobrakai2dr.nfo	-	6072	1	0	0	0
n-cobrakai2dr.r00	-	50000000	1	6072	0	1
n-cobrakai2dr.r01	-	50000000	1	50006072	0	49
n-cobrakai2dr.r02	-	50000000	1	100006072	0	97
n-cobrakai2dr.r03	-	50000000	1	150006072	0	145
n-cobrakai2dr.r04	-	50000000	1	200006072	0	193
n-cobrakai2dr.r05	-	50000000	1	250006072	0	241
n-cobrakai2dr.r06	-	50000000	1	300006072	0	289
n-cobrakai2dr.r07	-	50000000	1	350006072	0	337
n-cobrakai2dr.r08	-	50000000	1	400006072	0	385
n-cobrakai2dr.r09	-	50000000	1	450006072	0	433
n-cobrakai2dr.r10	-	50000000	1	500006072	0	481
n-cobrakai2dr.r11	-	50000000	1	12251264	1	12
n-cobrakai2dr.r12	-	50000000	1	62251264	1	60
n-cobrakai2dr.r13	-	50000000	1	112251264	1	108
n-cobrakai2dr.r14	-	50000000	1	162251264	1	156
n-cobrakai2dr.r15	-	50000000	1	212251264	1	204
n-cobrakai2dr.r16	-	50000000	1	262251264	1	252
n-cobrakai2dr.r17	-	50000000	1	312251264	1	300
n-cobrakai2dr.r18	-	50000000	1	362251264	1	348
n-cobrakai2dr.r19	-	50000000	1	412251264	1	396
n-cobrakai2dr.r20	-	50000000	1	462251264	1	444
n-cobrakai2dr.r21	-	50000000	1	512251264	1	492
n-cobrakai2dr.r22	-	50000000	1	24834176	2	24
n-cobrakai2dr.r23	-	50000000	1	74834176	2	72
n-cobrakai2dr.r24	-	50000000	1	124834176	2	120
n-cobrakai2dr.r25	-	50000000	1	174834176	2	168
n-cobrakai2dr.r26	-	50000000	1	224834176	2	216
n-cobrakai2dr.r27	-	50000000	1	274834176	2	264
n-cobrakai2dr.r28	-	50000000	1	324834176	2	312
n-cobrakai2dr.r29	-	50000000	1	374834176	2	360
n-cobrakai2dr.r30	-	50000000	1	424834176	2	408
n-cobrakai2dr.r31	-	50000000	1	474834176	2	456
n-cobrakai2dr.r32	-	50000000	1	524834176	2	504
n-cobrakai2dr.r33	-	50000000	1	37417088	3	36
n-cobrakai2dr.r34	-	50000000	1	87417088	3	84
n-cobrakai2dr.r35	-	50000000	1	137417088	3	132
n-cobrakai2dr.r36	-	50000000	1	187417088	3	180
n-cobrakai2dr.r37	-	50000000	1	237417088	3	228
n-cobrakai2dr.r38	-	50000000	1	287417088	3	276
n-cobrakai2dr.r39	-	50000000	1	337417088	3	324
n-cobrakai2dr.r40	-	50000000	1	387417088	3	372
n-cobrakai2dr.r41	-	50000000	1	437417088	3	420
n-cobrakai2dr.r42	-	50000000	1	487417088	3	468
n-cobrakai2dr.r43	-	50000000	1	0	4	0
n-cobrakai2dr.r44	-	50000000	1	50000000	4	48
n-cobrakai2dr.r45	-	50000000	1	100000000	4	96
n-cobrakai2dr.r46	-	50000000	1	150000000	4	144
n-cobrakai2dr.r47	-	50000000	1	200000000	4	192
n-cobrakai2dr.r48	-	50000000	1	250000000	4	240
n-cobrakai2dr.r49	-	50000000	1	300000000	4	288
n-cobrakai2dr.r50	-	50000000	1	350000000	4	336
n-cobrakai2dr.r51	-	50000000	1	400000000	4	384
n-cobrakai2dr.r52	-	50000000	1	450000000	4	432
n-cobrakai2dr.r53	-	50000000	1	500000000	4	480
n-cobrakai2dr.r54	-	50000000	1	12251264	5	12
n-cobrakai2dr.r55	-	50000000	1	62251264	5	60
n-cobrakai2dr.r56	-	50000000	1	112251264	5	108
n-cobrakai2dr.r57	-	50000000	1	162251264	5	156
n-cobrakai2dr.r58	-	50000000	1	212251264	5	204
n-cobrakai2dr.r59	-	50000000	1	262251264	5	252
n-cobrakai2dr.r60	-	50000000	1	312251264	5	300
n-cobrakai2dr.r61	-	50000000	1	362251264	5	348
n-cobrakai2dr.r62	-	50000000	1	412251264	5	396
n-cobrakai2dr.r63	-	50000000	1	462251264	5	444
n-cobrakai2dr.r64	-	50000000	1	512251264	5	492
n-cobrakai2dr.r65	-	50000000	1	24834176	6	24
n-cobrakai2dr.r66	-	50000000	1	74834176	6	72
n-cobrakai2dr.r67	-	50000000	1	124834176	6	120
n-cobrakai2dr.r68	-	50000000	1	174834176	6	168
n-cobrakai2dr.r69	-	50000000	1	224834176	6	216
n-cobrakai2dr.r70	-	50000000	1	274834176	6	264
n-cobrakai2dr.r71	-	50000000	1	324834176	6	312
n-cobrakai2dr.r72	-	50000000	1	374834176	6	360
n-cobrakai2dr.r73	-	50000000	1	424834176	6	408
n-cobrakai2dr.r74	-	50000000	1	474834176	6	456
n-cobrakai2dr.r75	-	50000000	1	524834176	6	504
n-cobrakai2dr.r76	-	50000000	1	37417088	7	36
n-cobrakai2dr.r77	-	50000000	1	87417088	7	84
n-cobrakai2dr.r78	-	50000000	1	137417088	7	132
n-cobrakai2dr.r79	-	13787015	1	187417088	7	180
n-cobrakai2dr.rar	-	50000000	1	201204103	7	194
n-cobrakai2dr.sfv	-	2268	1	251204103	7	242
