hr-bcxga.nfo	-	43404	1	0	0	0
hr-bcxga.r00	-	50000000	1	43404	0	1
hr-bcxga.r01	-	50000000	1	50043404	0	49
hr-bcxga.r02	-	50000000	1	100043404	0	97
hr-bcxga.r03	-	50000000	1	150043404	0	145
hr-bcxga.r04	-	50000000	1	200043404	0	193
hr-bcxga.r05	-	50000000	1	250043404	0	241
hr-bcxga.r06	-	50000000	1	300043404	0	289
hr-bcxga.r07	-	50000000	1	350043404	0	337
hr-bcxga.r08	-	50000000	1	400043404	0	385
hr-bcxga.r09	-	50000000	1	450043404	0	433
hr-bcxga.r10	-	50000000	1	500043404	0	481
hr-bcxga.r11	-	50000000	1	12251264	1	12
hr-bcxga.r12	-	50000000	1	62251264	1	60
hr-bcxga.r13	-	50000000	1	112251264	1	108
hr-bcxga.r14	-	50000000	1	162251264	1	156
hr-bcxga.r15	-	50000000	1	212251264	1	204
hr-bcxga.r16	-	50000000	1	262251264	1	252
hr-bcxga.r17	-	50000000	1	312251264	1	300
hr-bcxga.r18	-	50000000	1	362251264	1	348
hr-bcxga.r19	-	50000000	1	412251264	1	396
hr-bcxga.r20	-	50000000	1	462251264	1	444
hr-bcxga.r21	-	50000000	1	512251264	1	492
hr-bcxga.r22	-	50000000	1	24834176	2	24
hr-bcxga.r23	-	50000000	1	74834176	2	72
hr-bcxga.r24	-	50000000	1	124834176	2	120
hr-bcxga.r25	-	50000000	1	174834176	2	168
hr-bcxga.r26	-	50000000	1	224834176	2	216
hr-bcxga.r27	-	50000000	1	274834176	2	264
hr-bcxga.r28	-	50000000	1	324834176	2	312
hr-bcxga.r29	-	50000000	1	374834176	2	360
hr-bcxga.r30	-	50000000	1	424834176	2	408
hr-bcxga.r31	-	50000000	1	474834176	2	456
hr-bcxga.r32	-	50000000	1	524834176	2	504
hr-bcxga.r33	-	50000000	1	37417088	3	36
hr-bcxga.r34	-	50000000	1	87417088	3	84
hr-bcxga.r35	-	50000000	1	137417088	3	132
hr-bcxga.r36	-	50000000	1	187417088	3	180
hr-bcxga.r37	-	50000000	1	237417088	3	228
hr-bcxga.r38	-	50000000	1	287417088	3	276
hr-bcxga.r39	-	50000000	1	337417088	3	324
hr-bcxga.r40	-	50000000	1	387417088	3	372
hr-bcxga.r41	-	50000000	1	437417088	3	420
hr-bcxga.r42	-	50000000	1	487417088	3	468
hr-bcxga.r43	-	50000000	1	0	4	0
hr-bcxga.r44	-	50000000	1	50000000	4	48
hr-bcxga.r45	-	50000000	1	100000000	4	96
hr-bcxga.r46	-	50000000	1	150000000	4	144
hr-bcxga.r47	-	50000000	1	200000000	4	192
hr-bcxga.r48	-	50000000	1	250000000	4	240
hr-bcxga.r49	-	50000000	1	300000000	4	288
hr-bcxga.r50	-	50000000	1	350000000	4	336
hr-bcxga.r51	-	50000000	1	400000000	4	384
hr-bcxga.r52	-	50000000	1	450000000	4	432
hr-bcxga.r53	-	50000000	1	500000000	4	480
hr-bcxga.r54	-	50000000	1	12251264	5	12
hr-bcxga.r55	-	50000000	1	62251264	5	60
hr-bcxga.r56	-	50000000	1	112251264	5	108
hr-bcxga.r57	-	50000000	1	162251264	5	156
hr-bcxga.r58	-	50000000	1	212251264	5	204
hr-bcxga.r59	-	50000000	1	262251264	5	252
hr-bcxga.r60	-	50000000	1	312251264	5	300
hr-bcxga.r61	-	50000000	1	362251264	5	348
hr-bcxga.r62	-	50000000	1	412251264	5	396
hr-bcxga.r63	-	50000000	1	462251264	5	444
hr-bcxga.r64	-	50000000	1	512251264	5	492
hr-bcxga.r65	-	50000000	1	24834176	6	24
hr-bcxga.r66	-	50000000	1	74834176	6	72
hr-bcxga.r67	-	50000000	1	124834176	6	120
hr-bcxga.r68	-	50000000	1	174834176	6	168
hr-bcxga.r69	-	50000000	1	224834176	6	216
hr-bcxga.r70	-	50000000	1	274834176	6	264
hr-bcxga.r71	-	50000000	1	324834176	6	312
hr-bcxga.r72	-	50000000	1	374834176	6	360
hr-bcxga.r73	-	50000000	1	424834176	6	408
hr-bcxga.r74	-	50000000	1	474834176	6	456
hr-bcxga.r75	-	50000000	1	524834176	6	504
hr-bcxga.r76	-	50000000	1	37417088	7	36
hr-bcxga.r77	-	50000000	1	87417088	7	84
hr-bcxga.r78	-	50000000	1	137417088	7	132
hr-bcxga.r79	-	50000000	1	187417088	7	180
hr-bcxga.r80	-	50000000	1	237417088	7	228
hr-bcxga.r81	-	50000000	1	287417088	7	276
hr-bcxga.r82	-	50000000	1	337417088	7	324
hr-bcxga.r83	-	50000000	1	387417088	7	372
hr-bcxga.r84	-	50000000	1	437417088	7	420
hr-bcxga.r85	-	50000000	1	487417088	7	468
hr-bcxga.r86	-	50000000	1	0	8	0
hr-bcxga.r87	-	50000000	1	50000000	8	48
hr-bcxga.r88	-	50000000	1	100000000	8	96
hr-bcxga.r89	-	50000000	1	150000000	8	144
hr-bcxga.r90	-	17943686	1	200000000	8	192
hr-bcxga.rar	-	50000000	1	217943686	8	210
hr-bcxga.sfv	-	2116	1	267943686	8	258
Proof	d	0	1	267945802	8	259
Proof/hr-bcxga.jpg	-	894230	1	267945802	8	259
