sxs-dbfu_v983040.nfo	-	5900	1	0	0	0
sxs-dbfu_v983040.r00	-	50000000	1	5900	0	1
sxs-dbfu_v983040.r01	-	50000000	1	50005900	0	49
sxs-dbfu_v983040.r02	-	50000000	1	100005900	0	97
sxs-dbfu_v983040.r03	-	50000000	1	150005900	0	145
sxs-dbfu_v983040.r04	-	50000000	1	200005900	0	193
sxs-dbfu_v983040.r05	-	50000000	1	250005900	0	241
sxs-dbfu_v983040.r06	-	50000000	1	300005900	0	289
sxs-dbfu_v983040.r07	-	50000000	1	350005900	0	337
sxs-dbfu_v983040.r08	-	50000000	1	400005900	0	385
sxs-dbfu_v983040.r09	-	50000000	1	450005900	0	433
sxs-dbfu_v983040.r10	-	50000000	1	500005900	0	481
sxs-dbfu_v983040.r11	-	50000000	1	12251264	1	12
sxs-dbfu_v983040.r12	-	50000000	1	62251264	1	60
sxs-dbfu_v983040.r13	-	50000000	1	112251264	1	108
sxs-dbfu_v983040.r14	-	50000000	1	162251264	1	156
sxs-dbfu_v983040.r15	-	50000000	1	212251264	1	204
sxs-dbfu_v983040.r16	-	50000000	1	262251264	1	252
sxs-dbfu_v983040.r17	-	50000000	1	312251264	1	300
sxs-dbfu_v983040.r18	-	50000000	1	362251264	1	348
sxs-dbfu_v983040.r19	-	50000000	1	412251264	1	396
sxs-dbfu_v983040.r20	-	50000000	1	462251264	1	444
sxs-dbfu_v983040.r21	-	50000000	1	512251264	1	492
sxs-dbfu_v983040.r22	-	50000000	1	24834176	2	24
sxs-dbfu_v983040.r23	-	50000000	1	74834176	2	72
sxs-dbfu_v983040.r24	-	50000000	1	124834176	2	120
sxs-dbfu_v983040.r25	-	50000000	1	174834176	2	168
sxs-dbfu_v983040.r26	-	50000000	1	224834176	2	216
sxs-dbfu_v983040.r27	-	50000000	1	274834176	2	264
sxs-dbfu_v983040.r28	-	50000000	1	324834176	2	312
sxs-dbfu_v983040.r29	-	50000000	1	374834176	2	360
sxs-dbfu_v983040.r30	-	50000000	1	424834176	2	408
sxs-dbfu_v983040.r31	-	50000000	1	474834176	2	456
sxs-dbfu_v983040.r32	-	50000000	1	524834176	2	504
sxs-dbfu_v983040.r33	-	50000000	1	37417088	3	36
sxs-dbfu_v983040.r34	-	50000000	1	87417088	3	84
sxs-dbfu_v983040.r35	-	50000000	1	137417088	3	132
sxs-dbfu_v983040.r36	-	50000000	1	187417088	3	180
sxs-dbfu_v983040.r37	-	50000000	1	237417088	3	228
sxs-dbfu_v983040.r38	-	50000000	1	287417088	3	276
sxs-dbfu_v983040.r39	-	50000000	1	337417088	3	324
sxs-dbfu_v983040.r40	-	50000000	1	387417088	3	372
sxs-dbfu_v983040.r41	-	50000000	1	437417088	3	420
sxs-dbfu_v983040.r42	-	50000000	1	487417088	3	468
sxs-dbfu_v983040.r43	-	50000000	1	0	4	0
sxs-dbfu_v983040.r44	-	50000000	1	50000000	4	48
sxs-dbfu_v983040.r45	-	50000000	1	100000000	4	96
sxs-dbfu_v983040.r46	-	50000000	1	150000000	4	144
sxs-dbfu_v983040.r47	-	50000000	1	200000000	4	192
sxs-dbfu_v983040.r48	-	50000000	1	250000000	4	240
sxs-dbfu_v983040.r49	-	50000000	1	300000000	4	288
sxs-dbfu_v983040.r50	-	50000000	1	350000000	4	336
sxs-dbfu_v983040.r51	-	50000000	1	400000000	4	384
sxs-dbfu_v983040.r52	-	50000000	1	450000000	4	432
sxs-dbfu_v983040.r53	-	50000000	1	500000000	4	480
sxs-dbfu_v983040.r54	-	50000000	1	12251264	5	12
sxs-dbfu_v983040.r55	-	50000000	1	62251264	5	60
sxs-dbfu_v983040.r56	-	50000000	1	112251264	5	108
sxs-dbfu_v983040.r57	-	50000000	1	162251264	5	156
sxs-dbfu_v983040.r58	-	50000000	1	212251264	5	204
sxs-dbfu_v983040.r59	-	50000000	1	262251264	5	252
sxs-dbfu_v983040.r60	-	50000000	1	312251264	5	300
sxs-dbfu_v983040.r61	-	50000000	1	362251264	5	348
sxs-dbfu_v983040.r62	-	50000000	1	412251264	5	396
sxs-dbfu_v983040.r63	-	50000000	1	462251264	5	444
sxs-dbfu_v983040.r64	-	50000000	1	512251264	5	492
sxs-dbfu_v983040.r65	-	50000000	1	24834176	6	24
sxs-dbfu_v983040.r66	-	50000000	1	74834176	6	72
sxs-dbfu_v983040.r67	-	50000000	1	124834176	6	120
sxs-dbfu_v983040.r68	-	50000000	1	174834176	6	168
sxs-dbfu_v983040.r69	-	50000000	1	224834176	6	216
sxs-dbfu_v983040.r70	-	50000000	1	274834176	6	264
sxs-dbfu_v983040.r71	-	50000000	1	324834176	6	312
sxs-dbfu_v983040.r72	-	50000000	1	374834176	6	360
sxs-dbfu_v983040.r73	-	50000000	1	424834176	6	408
sxs-dbfu_v983040.r74	-	50000000	1	474834176	6	456
sxs-dbfu_v983040.r75	-	50000000	1	524834176	6	504
sxs-dbfu_v983040.r76	-	50000000	1	37417088	7	36
sxs-dbfu_v983040.r77	-	50000000	1	87417088	7	84
sxs-dbfu_v983040.r78	-	50000000	1	137417088	7	132
sxs-dbfu_v983040.r79	-	50000000	1	187417088	7	180
sxs-dbfu_v983040.r80	-	50000000	1	237417088	7	228
sxs-dbfu_v983040.r81	-	50000000	1	287417088	7	276
sxs-dbfu_v983040.r82	-	50000000	1	337417088	7	324
sxs-dbfu_v983040.r83	-	50000000	1	387417088	7	372
sxs-dbfu_v983040.r84	-	50000000	1	437417088	7	420
sxs-dbfu_v983040.r85	-	50000000	1	487417088	7	468
sxs-dbfu_v983040.r86	-	50000000	1	0	8	0
sxs-dbfu_v983040.r87	-	50000000	1	50000000	8	48
sxs-dbfu_v983040.r88	-	50000000	1	100000000	8	96
sxs-dbfu_v983040.r89	-	50000000	1	150000000	8	144
sxs-dbfu_v983040.r90	-	50000000	1	200000000	8	192
sxs-dbfu_v983040.r91	-	50000000	1	250000000	8	240
sxs-dbfu_v983040.r92	-	41611934	1	300000000	8	288
sxs-dbfu_v983040.rar	-	50000000	1	341611934	8	328
sxs-dbfu_v983040.sfv	-	2914	1	391611934	8	376
