sxs-ghost_song_v262144.nfo	-	7070	1	0	0	0
sxs-ghost_song_v262144.r00	-	100000000	1	7070	0	1
sxs-ghost_song_v262144.r01	-	100000000	1	100007070	0	97
sxs-ghost_song_v262144.r02	-	100000000	1	200007070	0	193
sxs-ghost_song_v262144.r03	-	100000000	1	300007070	0	289
sxs-ghost_song_v262144.r04	-	100000000	1	400007070	0	385
sxs-ghost_song_v262144.r05	-	100000000	1	500007070	0	481
sxs-ghost_song_v262144.r06	-	100000000	1	62251264	1	60
sxs-ghost_song_v262144.r07	-	3601225	1	162251264	1	156
sxs-ghost_song_v262144.rar	-	100000000	1	165852489	1	160
sxs-ghost_song_v262144.sfv	-	333	1	265852489	1	256
