hr-apsua.nfo	-	11258	1	0	0	0
hr-apsua.r00	-	50000000	1	11258	0	1
hr-apsua.r01	-	50000000	1	50011258	0	49
hr-apsua.r02	-	50000000	1	100011258	0	97
hr-apsua.r03	-	50000000	1	150011258	0	145
hr-apsua.r04	-	50000000	1	200011258	0	193
hr-apsua.r05	-	50000000	1	250011258	0	241
hr-apsua.r06	-	50000000	1	300011258	0	289
hr-apsua.r07	-	50000000	1	350011258	0	337
hr-apsua.r08	-	50000000	1	400011258	0	385
hr-apsua.r09	-	50000000	1	450011258	0	433
hr-apsua.r10	-	50000000	1	500011258	0	481
hr-apsua.r11	-	50000000	1	12251264	1	12
hr-apsua.r12	-	50000000	1	62251264	1	60
hr-apsua.r13	-	50000000	1	112251264	1	108
hr-apsua.r14	-	50000000	1	162251264	1	156
hr-apsua.r15	-	50000000	1	212251264	1	204
hr-apsua.r16	-	50000000	1	262251264	1	252
hr-apsua.r17	-	50000000	1	312251264	1	300
hr-apsua.r18	-	50000000	1	362251264	1	348
hr-apsua.r19	-	50000000	1	412251264	1	396
hr-apsua.r20	-	50000000	1	462251264	1	444
hr-apsua.r21	-	50000000	1	512251264	1	492
hr-apsua.r22	-	50000000	1	24834176	2	24
hr-apsua.r23	-	50000000	1	74834176	2	72
hr-apsua.r24	-	50000000	1	124834176	2	120
hr-apsua.r25	-	50000000	1	174834176	2	168
hr-apsua.r26	-	50000000	1	224834176	2	216
hr-apsua.r27	-	50000000	1	274834176	2	264
hr-apsua.r28	-	50000000	1	324834176	2	312
hr-apsua.r29	-	50000000	1	374834176	2	360
hr-apsua.r30	-	50000000	1	424834176	2	408
hr-apsua.r31	-	50000000	1	474834176	2	456
hr-apsua.r32	-	50000000	1	524834176	2	504
hr-apsua.r33	-	50000000	1	37417088	3	36
hr-apsua.r34	-	50000000	1	87417088	3	84
hr-apsua.r35	-	50000000	1	137417088	3	132
hr-apsua.r36	-	50000000	1	187417088	3	180
hr-apsua.r37	-	50000000	1	237417088	3	228
hr-apsua.r38	-	50000000	1	287417088	3	276
hr-apsua.r39	-	50000000	1	337417088	3	324
hr-apsua.r40	-	50000000	1	387417088	3	372
hr-apsua.r41	-	50000000	1	437417088	3	420
hr-apsua.r42	-	50000000	1	487417088	3	468
hr-apsua.r43	-	50000000	1	0	4	0
hr-apsua.r44	-	50000000	1	50000000	4	48
hr-apsua.r45	-	50000000	1	100000000	4	96
hr-apsua.r46	-	50000000	1	150000000	4	144
hr-apsua.r47	-	50000000	1	200000000	4	192
hr-apsua.r48	-	50000000	1	250000000	4	240
hr-apsua.r49	-	50000000	1	300000000	4	288
hr-apsua.r50	-	50000000	1	350000000	4	336
hr-apsua.r51	-	50000000	1	400000000	4	384
hr-apsua.r52	-	12037558	1	450000000	4	432
hr-apsua.rar	-	50000000	1	462037558	4	444
hr-apsua.sfv	-	1242	1	512037558	4	492
Proof	d	0	1	512038800	4	493
Proof/hr-apsua.jpg	-	144914	1	512038800	4	493
