l-bl.nfo	-	279	1	0	0	0
l-bl.r00	-	100000000	1	279	0	1
l-bl.r01	-	100000000	1	100000279	0	97
l-bl.r02	-	100000000	1	200000279	0	193
l-bl.r03	-	100000000	1	300000279	0	289
l-bl.r04	-	100000000	1	400000279	0	385
l-bl.r05	-	100000000	1	500000279	0	481
l-bl.r06	-	100000000	1	62251264	1	60
l-bl.r07	-	100000000	1	162251264	1	156
l-bl.r08	-	100000000	1	262251264	1	252
l-bl.r09	-	100000000	1	362251264	1	348
l-bl.r10	-	100000000	1	462251264	1	444
l-bl.r11	-	100000000	1	24502528	2	24
l-bl.r12	-	100000000	1	124502528	2	120
l-bl.r13	-	100000000	1	224502528	2	216
l-bl.r14	-	100000000	1	324502528	2	312
l-bl.r15	-	100000000	1	424502528	2	408
l-bl.r16	-	100000000	1	524502528	2	504
l-bl.r17	-	100000000	1	87417088	3	84
l-bl.r18	-	100000000	1	187417088	3	180
l-bl.r19	-	100000000	1	287417088	3	276
l-bl.r20	-	100000000	1	387417088	3	372
l-bl.r21	-	100000000	1	487417088	3	468
l-bl.r22	-	100000000	1	49668352	4	48
l-bl.r23	-	38321256	1	149668352	4	144
l-bl.rar	-	100000000	1	187989608	4	181
l-bl.sfv	-	475	1	287989608	4	277
