lfc-ayrwa.nfo	-	6338	1	0	0	0
lfc-ayrwa.r00	-	50000000	1	6338	0	1
lfc-ayrwa.r01	-	50000000	1	50006338	0	49
lfc-ayrwa.r02	-	50000000	1	100006338	0	97
lfc-ayrwa.r03	-	50000000	1	150006338	0	145
lfc-ayrwa.r04	-	50000000	1	200006338	0	193
lfc-ayrwa.r05	-	50000000	1	250006338	0	241
lfc-ayrwa.r06	-	50000000	1	300006338	0	289
lfc-ayrwa.r07	-	50000000	1	350006338	0	337
lfc-ayrwa.r08	-	50000000	1	400006338	0	385
lfc-ayrwa.r09	-	50000000	1	450006338	0	433
lfc-ayrwa.r10	-	50000000	1	500006338	0	481
lfc-ayrwa.r11	-	50000000	1	12251264	1	12
lfc-ayrwa.r12	-	50000000	1	62251264	1	60
lfc-ayrwa.r13	-	50000000	1	112251264	1	108
lfc-ayrwa.r14	-	50000000	1	162251264	1	156
lfc-ayrwa.r15	-	50000000	1	212251264	1	204
lfc-ayrwa.r16	-	50000000	1	262251264	1	252
lfc-ayrwa.r17	-	50000000	1	312251264	1	300
lfc-ayrwa.r18	-	50000000	1	362251264	1	348
lfc-ayrwa.r19	-	50000000	1	412251264	1	396
lfc-ayrwa.r20	-	50000000	1	462251264	1	444
lfc-ayrwa.r21	-	50000000	1	512251264	1	492
lfc-ayrwa.r22	-	50000000	1	24834176	2	24
lfc-ayrwa.r23	-	50000000	1	74834176	2	72
lfc-ayrwa.r24	-	50000000	1	124834176	2	120
lfc-ayrwa.r25	-	50000000	1	174834176	2	168
lfc-ayrwa.r26	-	50000000	1	224834176	2	216
lfc-ayrwa.r27	-	50000000	1	274834176	2	264
lfc-ayrwa.r28	-	50000000	1	324834176	2	312
lfc-ayrwa.r29	-	50000000	1	374834176	2	360
lfc-ayrwa.r30	-	50000000	1	424834176	2	408
lfc-ayrwa.r31	-	31334221	1	474834176	2	456
lfc-ayrwa.rar	-	50000000	1	506168397	2	486
lfc-ayrwa.sfv	-	792	1	18542720	3	18
Proof	d	0	1	18543512	3	19
Proof/lfc-ayrwa.jpg	-	231331	1	18543512	3	19
