v-moero_crystal_h.nfo	-	6448	1	0	0	0
v-moero_crystal_h.r00	-	50000000	1	6448	0	1
v-moero_crystal_h.r01	-	50000000	1	50006448	0	49
v-moero_crystal_h.r02	-	50000000	1	100006448	0	97
v-moero_crystal_h.r03	-	50000000	1	150006448	0	145
v-moero_crystal_h.r04	-	50000000	1	200006448	0	193
v-moero_crystal_h.r05	-	50000000	1	250006448	0	241
v-moero_crystal_h.r06	-	50000000	1	300006448	0	289
v-moero_crystal_h.r07	-	50000000	1	350006448	0	337
v-moero_crystal_h.r08	-	50000000	1	400006448	0	385
v-moero_crystal_h.r09	-	50000000	1	450006448	0	433
v-moero_crystal_h.r10	-	50000000	1	500006448	0	481
v-moero_crystal_h.r11	-	50000000	1	12251264	1	12
v-moero_crystal_h.r12	-	50000000	1	62251264	1	60
v-moero_crystal_h.r13	-	50000000	1	112251264	1	108
v-moero_crystal_h.r14	-	50000000	1	162251264	1	156
v-moero_crystal_h.r15	-	50000000	1	212251264	1	204
v-moero_crystal_h.r16	-	50000000	1	262251264	1	252
v-moero_crystal_h.r17	-	50000000	1	312251264	1	300
v-moero_crystal_h.r18	-	50000000	1	362251264	1	348
v-moero_crystal_h.r19	-	50000000	1	412251264	1	396
v-moero_crystal_h.r20	-	50000000	1	462251264	1	444
v-moero_crystal_h.r21	-	50000000	1	512251264	1	492
v-moero_crystal_h.r22	-	50000000	1	24834176	2	24
v-moero_crystal_h.r23	-	50000000	1	74834176	2	72
v-moero_crystal_h.r24	-	50000000	1	124834176	2	120
v-moero_crystal_h.r25	-	50000000	1	174834176	2	168
v-moero_crystal_h.r26	-	50000000	1	224834176	2	216
v-moero_crystal_h.r27	-	50000000	1	274834176	2	264
v-moero_crystal_h.r28	-	50000000	1	324834176	2	312
v-moero_crystal_h.r29	-	50000000	1	374834176	2	360
v-moero_crystal_h.r30	-	50000000	1	424834176	2	408
v-moero_crystal_h.r31	-	50000000	1	474834176	2	456
v-moero_crystal_h.r32	-	50000000	1	524834176	2	504
v-moero_crystal_h.r33	-	50000000	1	37417088	3	36
v-moero_crystal_h.r34	-	50000000	1	87417088	3	84
v-moero_crystal_h.r35	-	50000000	1	137417088	3	132
v-moero_crystal_h.r36	-	50000000	1	187417088	3	180
v-moero_crystal_h.r37	-	50000000	1	237417088	3	228
v-moero_crystal_h.r38	-	50000000	1	287417088	3	276
v-moero_crystal_h.r39	-	50000000	1	337417088	3	324
v-moero_crystal_h.r40	-	50000000	1	387417088	3	372
v-moero_crystal_h.r41	-	50000000	1	437417088	3	420
v-moero_crystal_h.r42	-	50000000	1	487417088	3	468
v-moero_crystal_h.r43	-	50000000	1	0	4	0
v-moero_crystal_h.r44	-	50000000	1	50000000	4	48
v-moero_crystal_h.r45	-	50000000	1	100000000	4	96
v-moero_crystal_h.r46	-	50000000	1	150000000	4	144
v-moero_crystal_h.r47	-	50000000	1	200000000	4	192
v-moero_crystal_h.r48	-	50000000	1	250000000	4	240
v-moero_crystal_h.r49	-	50000000	1	300000000	4	288
v-moero_crystal_h.r50	-	50000000	1	350000000	4	336
v-moero_crystal_h.r51	-	50000000	1	400000000	4	384
v-moero_crystal_h.r52	-	50000000	1	450000000	4	432
v-moero_crystal_h.r53	-	50000000	1	500000000	4	480
v-moero_crystal_h.r54	-	50000000	1	12251264	5	12
v-moero_crystal_h.r55	-	50000000	1	62251264	5	60
v-moero_crystal_h.r56	-	50000000	1	112251264	5	108
v-moero_crystal_h.r57	-	50000000	1	162251264	5	156
v-moero_crystal_h.r58	-	50000000	1	212251264	5	204
v-moero_crystal_h.r59	-	50000000	1	262251264	5	252
v-moero_crystal_h.r60	-	50000000	1	312251264	5	300
v-moero_crystal_h.r61	-	50000000	1	362251264	5	348
v-moero_crystal_h.r62	-	50000000	1	412251264	5	396
v-moero_crystal_h.r63	-	50000000	1	462251264	5	444
v-moero_crystal_h.r64	-	50000000	1	512251264	5	492
v-moero_crystal_h.r65	-	50000000	1	24834176	6	24
v-moero_crystal_h.r66	-	50000000	1	74834176	6	72
v-moero_crystal_h.r67	-	50000000	1	124834176	6	120
v-moero_crystal_h.r68	-	50000000	1	174834176	6	168
v-moero_crystal_h.r69	-	50000000	1	224834176	6	216
v-moero_crystal_h.r70	-	50000000	1	274834176	6	264
v-moero_crystal_h.r71	-	50000000	1	324834176	6	312
v-moero_crystal_h.r72	-	50000000	1	374834176	6	360
v-moero_crystal_h.r73	-	50000000	1	424834176	6	408
v-moero_crystal_h.r74	-	50000000	1	474834176	6	456
v-moero_crystal_h.r75	-	50000000	1	524834176	6	504
v-moero_crystal_h.r76	-	50000000	1	37417088	7	36
v-moero_crystal_h.r77	-	50000000	1	87417088	7	84
v-moero_crystal_h.r78	-	50000000	1	137417088	7	132
v-moero_crystal_h.r79	-	50000000	1	187417088	7	180
v-moero_crystal_h.r80	-	50000000	1	237417088	7	228
v-moero_crystal_h.r81	-	50000000	1	287417088	7	276
v-moero_crystal_h.r82	-	50000000	1	337417088	7	324
v-moero_crystal_h.r83	-	50000000	1	387417088	7	372
v-moero_crystal_h.r84	-	50000000	1	437417088	7	420
v-moero_crystal_h.r85	-	50000000	1	487417088	7	468
v-moero_crystal_h.r86	-	36342362	1	0	8	0
v-moero_crystal_h.rar	-	50000000	1	36342362	8	35
v-moero_crystal_h.sfv	-	2816	1	86342362	8	83
