sxs-puyo_puyo_tetris_2_v131072.nfo	-	5432	1	0	0	0
sxs-puyo_puyo_tetris_2_v131072.r00	-	50000000	1	5432	0	1
sxs-puyo_puyo_tetris_2_v131072.r01	-	50000000	1	50005432	0	49
sxs-puyo_puyo_tetris_2_v131072.r02	-	50000000	1	100005432	0	97
sxs-puyo_puyo_tetris_2_v131072.r03	-	50000000	1	150005432	0	145
sxs-puyo_puyo_tetris_2_v131072.r04	-	50000000	1	200005432	0	193
sxs-puyo_puyo_tetris_2_v131072.r05	-	50000000	1	250005432	0	241
sxs-puyo_puyo_tetris_2_v131072.r06	-	50000000	1	300005432	0	289
sxs-puyo_puyo_tetris_2_v131072.r07	-	50000000	1	350005432	0	337
sxs-puyo_puyo_tetris_2_v131072.r08	-	50000000	1	400005432	0	385
sxs-puyo_puyo_tetris_2_v131072.r09	-	50000000	1	450005432	0	433
sxs-puyo_puyo_tetris_2_v131072.r10	-	50000000	1	500005432	0	481
sxs-puyo_puyo_tetris_2_v131072.r11	-	50000000	1	12251264	1	12
sxs-puyo_puyo_tetris_2_v131072.r12	-	50000000	1	62251264	1	60
sxs-puyo_puyo_tetris_2_v131072.r13	-	50000000	1	112251264	1	108
sxs-puyo_puyo_tetris_2_v131072.r14	-	50000000	1	162251264	1	156
sxs-puyo_puyo_tetris_2_v131072.r15	-	50000000	1	212251264	1	204
sxs-puyo_puyo_tetris_2_v131072.r16	-	50000000	1	262251264	1	252
sxs-puyo_puyo_tetris_2_v131072.r17	-	50000000	1	312251264	1	300
sxs-puyo_puyo_tetris_2_v131072.r18	-	50000000	1	362251264	1	348
sxs-puyo_puyo_tetris_2_v131072.r19	-	50000000	1	412251264	1	396
sxs-puyo_puyo_tetris_2_v131072.r20	-	49224218	1	462251264	1	444
sxs-puyo_puyo_tetris_2_v131072.rar	-	50000000	1	511475482	1	491
sxs-puyo_puyo_tetris_2_v131072.sfv	-	990	1	23785600	2	23
