n-tlonbt.nfo	-	6072	1	0	0	0
n-tlonbt.r00	-	100000000	1	6072	0	1
n-tlonbt.r01	-	100000000	1	100006072	0	97
n-tlonbt.r02	-	100000000	1	200006072	0	193
n-tlonbt.r03	-	100000000	1	300006072	0	289
n-tlonbt.r04	-	100000000	1	400006072	0	385
n-tlonbt.r05	-	100000000	1	500006072	0	481
n-tlonbt.r06	-	100000000	1	62251264	1	60
n-tlonbt.r07	-	100000000	1	162251264	1	156
n-tlonbt.r08	-	100000000	1	262251264	1	252
n-tlonbt.r09	-	100000000	1	362251264	1	348
n-tlonbt.r10	-	100000000	1	462251264	1	444
n-tlonbt.r11	-	100000000	1	24502528	2	24
n-tlonbt.r12	-	100000000	1	124502528	2	120
n-tlonbt.r13	-	100000000	1	224502528	2	216
n-tlonbt.r14	-	100000000	1	324502528	2	312
n-tlonbt.r15	-	100000000	1	424502528	2	408
n-tlonbt.r16	-	100000000	1	524502528	2	504
n-tlonbt.r17	-	100000000	1	87417088	3	84
n-tlonbt.r18	-	100000000	1	187417088	3	180
n-tlonbt.r19	-	100000000	1	287417088	3	276
n-tlonbt.r20	-	100000000	1	387417088	3	372
n-tlonbt.r21	-	100000000	1	487417088	3	468
n-tlonbt.r22	-	100000000	1	49668352	4	48
n-tlonbt.r23	-	100000000	1	149668352	4	144
n-tlonbt.r24	-	100000000	1	249668352	4	240
n-tlonbt.r25	-	100000000	1	349668352	4	336
n-tlonbt.r26	-	100000000	1	449668352	4	432
n-tlonbt.r27	-	100000000	1	11919616	5	12
n-tlonbt.r28	-	100000000	1	111919616	5	108
n-tlonbt.r29	-	100000000	1	211919616	5	204
n-tlonbt.r30	-	100000000	1	311919616	5	300
n-tlonbt.r31	-	100000000	1	411919616	5	396
n-tlonbt.r32	-	100000000	1	511919616	5	492
n-tlonbt.r33	-	100000000	1	74834176	6	72
n-tlonbt.r34	-	100000000	1	174834176	6	168
n-tlonbt.r35	-	100000000	1	274834176	6	264
n-tlonbt.r36	-	100000000	1	374834176	6	360
n-tlonbt.r37	-	100000000	1	474834176	6	456
n-tlonbt.r38	-	100000000	1	37085440	7	36
n-tlonbt.r39	-	100000000	1	137085440	7	132
n-tlonbt.r40	-	100000000	1	237085440	7	228
n-tlonbt.r41	-	100000000	1	337085440	7	324
n-tlonbt.r42	-	100000000	1	437085440	7	420
n-tlonbt.r43	-	100000000	1	0	8	0
n-tlonbt.r44	-	100000000	1	100000000	8	96
n-tlonbt.r45	-	100000000	1	200000000	8	192
n-tlonbt.r46	-	45388609	1	300000000	8	288
n-tlonbt.rar	-	100000000	1	345388609	8	332
n-tlonbt.sfv	-	1104	1	445388609	8	428
Proof	d	0	1	445389713	8	429
Proof/n-tlonbt.jpg	-	1342848	1	445389713	8	429
