lfc-ayzza.nfo	-	7351	1	0	0	0
lfc-ayzza.r00	-	50000000	1	7351	0	1
lfc-ayzza.r01	-	50000000	1	50007351	0	49
lfc-ayzza.r02	-	50000000	1	100007351	0	97
lfc-ayzza.r03	-	50000000	1	150007351	0	145
lfc-ayzza.r04	-	50000000	1	200007351	0	193
lfc-ayzza.r05	-	50000000	1	250007351	0	241
lfc-ayzza.r06	-	50000000	1	300007351	0	289
lfc-ayzza.r07	-	50000000	1	350007351	0	337
lfc-ayzza.r08	-	50000000	1	400007351	0	385
lfc-ayzza.r09	-	50000000	1	450007351	0	433
lfc-ayzza.r10	-	50000000	1	500007351	0	481
lfc-ayzza.r11	-	50000000	1	12251264	1	12
lfc-ayzza.r12	-	50000000	1	62251264	1	60
lfc-ayzza.r13	-	50000000	1	112251264	1	108
lfc-ayzza.r14	-	50000000	1	162251264	1	156
lfc-ayzza.r15	-	50000000	1	212251264	1	204
lfc-ayzza.r16	-	50000000	1	262251264	1	252
lfc-ayzza.r17	-	50000000	1	312251264	1	300
lfc-ayzza.r18	-	50000000	1	362251264	1	348
lfc-ayzza.r19	-	50000000	1	412251264	1	396
lfc-ayzza.r20	-	50000000	1	462251264	1	444
lfc-ayzza.r21	-	50000000	1	512251264	1	492
lfc-ayzza.r22	-	50000000	1	24834176	2	24
lfc-ayzza.r23	-	50000000	1	74834176	2	72
lfc-ayzza.r24	-	50000000	1	124834176	2	120
lfc-ayzza.r25	-	50000000	1	174834176	2	168
lfc-ayzza.r26	-	15592934	1	224834176	2	216
lfc-ayzza.rar	-	50000000	1	240427110	2	231
lfc-ayzza.sfv	-	672	1	290427110	2	279
