sxs-eastward_v458752.nfo	-	6056	1	0	0	0
sxs-eastward_v458752.r00	-	50000000	1	6056	0	1
sxs-eastward_v458752.r01	-	50000000	1	50006056	0	49
sxs-eastward_v458752.r02	-	50000000	1	100006056	0	97
sxs-eastward_v458752.r03	-	50000000	1	150006056	0	145
sxs-eastward_v458752.r04	-	50000000	1	200006056	0	193
sxs-eastward_v458752.r05	-	50000000	1	250006056	0	241
sxs-eastward_v458752.r06	-	50000000	1	300006056	0	289
sxs-eastward_v458752.r07	-	50000000	1	350006056	0	337
sxs-eastward_v458752.r08	-	50000000	1	400006056	0	385
sxs-eastward_v458752.r09	-	50000000	1	450006056	0	433
sxs-eastward_v458752.r10	-	50000000	1	500006056	0	481
sxs-eastward_v458752.r11	-	50000000	1	12251264	1	12
sxs-eastward_v458752.r12	-	50000000	1	62251264	1	60
sxs-eastward_v458752.r13	-	41829220	1	112251264	1	108
sxs-eastward_v458752.rar	-	50000000	1	154080484	1	148
sxs-eastward_v458752.sfv	-	525	1	204080484	1	196
