Proof	d	0	1	0	0	0
Proof/sxs-voidtrm.jpg	-	48521	1	0	0	0
sxs-voidtrm.nfo	-	3794	1	48521	0	1
sxs-voidtrm.r00	-	50000000	1	52315	0	2
sxs-voidtrm.r01	-	50000000	1	50052315	0	50
sxs-voidtrm.r02	-	50000000	1	100052315	0	98
sxs-voidtrm.r03	-	50000000	1	150052315	0	146
sxs-voidtrm.r04	-	50000000	1	200052315	0	194
sxs-voidtrm.r05	-	50000000	1	250052315	0	242
sxs-voidtrm.r06	-	50000000	1	300052315	0	290
sxs-voidtrm.r07	-	50000000	1	350052315	0	338
sxs-voidtrm.r08	-	50000000	1	400052315	0	386
sxs-voidtrm.r09	-	50000000	1	450052315	0	434
sxs-voidtrm.r10	-	50000000	1	500052315	0	482
sxs-voidtrm.r11	-	50000000	1	12251264	1	12
sxs-voidtrm.r12	-	50000000	1	62251264	1	60
sxs-voidtrm.r13	-	50000000	1	112251264	1	108
sxs-voidtrm.r14	-	50000000	1	162251264	1	156
sxs-voidtrm.r15	-	50000000	1	212251264	1	204
sxs-voidtrm.r16	-	50000000	1	262251264	1	252
sxs-voidtrm.r17	-	50000000	1	312251264	1	300
sxs-voidtrm.r18	-	50000000	1	362251264	1	348
sxs-voidtrm.r19	-	50000000	1	412251264	1	396
sxs-voidtrm.r20	-	50000000	1	462251264	1	444
sxs-voidtrm.r21	-	46172400	1	512251264	1	492
sxs-voidtrm.rar	-	50000000	1	21006576	2	21
sxs-voidtrm.sfv	-	598	1	71006576	2	69
