cat-aqe3a.jpg	-	724652	1	0	0	0
cat-aqe3a.nfo	-	13851	1	724652	0	1
cat-aqe3a.r00	-	50000000	1	738503	0	2
cat-aqe3a.r01	-	50000000	1	50738503	0	50
cat-aqe3a.r02	-	50000000	1	100738503	0	98
cat-aqe3a.r03	-	50000000	1	150738503	0	146
cat-aqe3a.r04	-	50000000	1	200738503	0	194
cat-aqe3a.r05	-	50000000	1	250738503	0	242
cat-aqe3a.r06	-	50000000	1	300738503	0	290
cat-aqe3a.r07	-	50000000	1	350738503	0	338
cat-aqe3a.r08	-	50000000	1	400738503	0	386
cat-aqe3a.r09	-	50000000	1	450738503	0	434
cat-aqe3a.r10	-	50000000	1	500738503	0	482
cat-aqe3a.r11	-	50000000	1	13299840	1	13
cat-aqe3a.r12	-	50000000	1	63299840	1	61
cat-aqe3a.r13	-	50000000	1	113299840	1	109
cat-aqe3a.r14	-	50000000	1	163299840	1	157
cat-aqe3a.r15	-	50000000	1	213299840	1	205
cat-aqe3a.r16	-	50000000	1	263299840	1	253
cat-aqe3a.r17	-	50000000	1	313299840	1	301
cat-aqe3a.r18	-	50000000	1	363299840	1	349
cat-aqe3a.r19	-	50000000	1	413299840	1	397
cat-aqe3a.r20	-	50000000	1	463299840	1	445
cat-aqe3a.r21	-	50000000	1	513299840	1	493
cat-aqe3a.r22	-	50000000	1	25882752	2	25
cat-aqe3a.r23	-	50000000	1	75882752	2	73
cat-aqe3a.r24	-	50000000	1	125882752	2	121
cat-aqe3a.r25	-	50000000	1	175882752	2	169
cat-aqe3a.r26	-	50000000	1	225882752	2	217
cat-aqe3a.r27	-	50000000	1	275882752	2	265
cat-aqe3a.r28	-	50000000	1	325882752	2	313
cat-aqe3a.r29	-	50000000	1	375882752	2	361
cat-aqe3a.r30	-	50000000	1	425882752	2	409
cat-aqe3a.r31	-	9199776	1	475882752	2	457
cat-aqe3a.rar	-	50000000	1	485082528	2	466
cat-aqe3a.sfv	-	792	1	535082528	2	514
