n-retromachina.nfo	-	6072	1	0	0	0
n-retromachina.r00	-	100000000	1	6072	0	1
n-retromachina.r01	-	100000000	1	100006072	0	97
n-retromachina.r02	-	100000000	1	200006072	0	193
n-retromachina.r03	-	100000000	1	300006072	0	289
n-retromachina.r04	-	100000000	1	400006072	0	385
n-retromachina.r05	-	100000000	1	500006072	0	481
n-retromachina.r06	-	100000000	1	62251264	1	60
n-retromachina.r07	-	100000000	1	162251264	1	156
n-retromachina.r08	-	100000000	1	262251264	1	252
n-retromachina.r09	-	100000000	1	362251264	1	348
n-retromachina.r10	-	100000000	1	462251264	1	444
n-retromachina.r11	-	100000000	1	24502528	2	24
n-retromachina.r12	-	100000000	1	124502528	2	120
n-retromachina.r13	-	100000000	1	224502528	2	216
n-retromachina.r14	-	100000000	1	324502528	2	312
n-retromachina.r15	-	100000000	1	424502528	2	408
n-retromachina.r16	-	100000000	1	524502528	2	504
n-retromachina.r17	-	100000000	1	87417088	3	84
n-retromachina.r18	-	100000000	1	187417088	3	180
n-retromachina.r19	-	100000000	1	287417088	3	276
n-retromachina.r20	-	100000000	1	387417088	3	372
n-retromachina.r21	-	100000000	1	487417088	3	468
n-retromachina.r22	-	100000000	1	49668352	4	48
n-retromachina.r23	-	100000000	1	149668352	4	144
n-retromachina.r24	-	100000000	1	249668352	4	240
n-retromachina.r25	-	100000000	1	349668352	4	336
n-retromachina.r26	-	100000000	1	449668352	4	432
n-retromachina.r27	-	100000000	1	11919616	5	12
n-retromachina.r28	-	100000000	1	111919616	5	108
n-retromachina.r29	-	100000000	1	211919616	5	204
n-retromachina.r30	-	100000000	1	311919616	5	300
n-retromachina.r31	-	100000000	1	411919616	5	396
n-retromachina.r32	-	100000000	1	511919616	5	492
n-retromachina.r33	-	100000000	1	74834176	6	72
n-retromachina.r34	-	100000000	1	174834176	6	168
n-retromachina.r35	-	100000000	1	274834176	6	264
n-retromachina.r36	-	100000000	1	374834176	6	360
n-retromachina.r37	-	100000000	1	474834176	6	456
n-retromachina.r38	-	100000000	1	37085440	7	36
n-retromachina.r39	-	100000000	1	137085440	7	132
n-retromachina.r40	-	100000000	1	237085440	7	228
n-retromachina.r41	-	100000000	1	337085440	7	324
n-retromachina.r42	-	100000000	1	437085440	7	420
n-retromachina.r43	-	60324012	1	0	8	0
n-retromachina.rar	-	100000000	1	60324012	8	58
n-retromachina.sfv	-	1305	1	160324012	8	154
