sxs-legodcsv_v101.nfo	-	4574	1	0	0	0
sxs-legodcsv_v101.r00	-	50000000	1	4574	0	1
sxs-legodcsv_v101.r01	-	50000000	1	50004574	0	49
sxs-legodcsv_v101.r02	-	50000000	1	100004574	0	97
sxs-legodcsv_v101.r03	-	50000000	1	150004574	0	145
sxs-legodcsv_v101.r04	-	50000000	1	200004574	0	193
sxs-legodcsv_v101.r05	-	50000000	1	250004574	0	241
sxs-legodcsv_v101.r06	-	50000000	1	300004574	0	289
sxs-legodcsv_v101.r07	-	1293336	1	350004574	0	337
sxs-legodcsv_v101.rar	-	50000000	1	351297910	0	339
sxs-legodcsv_v101.sfv	-	288	1	401297910	0	387
