Proof	d	0	1	0	0	0
Proof/sxs-crime_oclock.jpg	-	165720	1	0	0	0
sxs-crime_oclock.nfo	-	8240	1	165720	0	1
sxs-crime_oclock.r00	-	100000000	1	173960	0	2
sxs-crime_oclock.r01	-	100000000	1	100173960	0	98
sxs-crime_oclock.r02	-	100000000	1	200173960	0	194
sxs-crime_oclock.r03	-	100000000	1	300173960	0	290
sxs-crime_oclock.r04	-	100000000	1	400173960	0	386
sxs-crime_oclock.r05	-	100000000	1	500173960	0	482
sxs-crime_oclock.r06	-	100000000	1	63299840	1	61
sxs-crime_oclock.r07	-	100000000	1	163299840	1	157
sxs-crime_oclock.r08	-	100000000	1	263299840	1	253
sxs-crime_oclock.r09	-	100000000	1	363299840	1	349
sxs-crime_oclock.r10	-	100000000	1	463299840	1	445
sxs-crime_oclock.r11	-	100000000	1	25551104	2	25
sxs-crime_oclock.r12	-	100000000	1	125551104	2	121
sxs-crime_oclock.r13	-	100000000	1	225551104	2	217
sxs-crime_oclock.r14	-	100000000	1	325551104	2	313
sxs-crime_oclock.r15	-	100000000	1	425551104	2	409
sxs-crime_oclock.r16	-	100000000	1	525551104	2	505
sxs-crime_oclock.r17	-	100000000	1	88465664	3	85
sxs-crime_oclock.r18	-	55120472	1	188465664	3	181
sxs-crime_oclock.rar	-	100000000	1	243586136	3	234
sxs-crime_oclock.sfv	-	620	1	343586136	3	330
