jrp-n-tfitf.nfo	-	6063	1	0	0	0
jrp-n-tfitf.r00	-	50000000	1	6063	0	1
jrp-n-tfitf.r01	-	50000000	1	50006063	0	49
jrp-n-tfitf.r02	-	50000000	1	100006063	0	97
jrp-n-tfitf.r03	-	50000000	1	150006063	0	145
jrp-n-tfitf.r04	-	50000000	1	200006063	0	193
jrp-n-tfitf.r05	-	50000000	1	250006063	0	241
jrp-n-tfitf.r06	-	50000000	1	300006063	0	289
jrp-n-tfitf.r07	-	50000000	1	350006063	0	337
jrp-n-tfitf.r08	-	50000000	1	400006063	0	385
jrp-n-tfitf.r09	-	50000000	1	450006063	0	433
jrp-n-tfitf.r10	-	50000000	1	500006063	0	481
jrp-n-tfitf.r11	-	50000000	1	12251264	1	12
jrp-n-tfitf.r12	-	50000000	1	62251264	1	60
jrp-n-tfitf.r13	-	50000000	1	112251264	1	108
jrp-n-tfitf.r14	-	50000000	1	162251264	1	156
jrp-n-tfitf.r15	-	50000000	1	212251264	1	204
jrp-n-tfitf.r16	-	50000000	1	262251264	1	252
jrp-n-tfitf.r17	-	50000000	1	312251264	1	300
jrp-n-tfitf.r18	-	50000000	1	362251264	1	348
jrp-n-tfitf.r19	-	50000000	1	412251264	1	396
jrp-n-tfitf.r20	-	50000000	1	462251264	1	444
jrp-n-tfitf.r21	-	50000000	1	512251264	1	492
jrp-n-tfitf.r22	-	50000000	1	24834176	2	24
jrp-n-tfitf.r23	-	50000000	1	74834176	2	72
jrp-n-tfitf.r24	-	50000000	1	124834176	2	120
jrp-n-tfitf.r25	-	50000000	1	174834176	2	168
jrp-n-tfitf.r26	-	50000000	1	224834176	2	216
jrp-n-tfitf.r27	-	50000000	1	274834176	2	264
jrp-n-tfitf.r28	-	50000000	1	324834176	2	312
jrp-n-tfitf.r29	-	50000000	1	374834176	2	360
jrp-n-tfitf.r30	-	50000000	1	424834176	2	408
jrp-n-tfitf.r31	-	50000000	1	474834176	2	456
jrp-n-tfitf.r32	-	50000000	1	524834176	2	504
jrp-n-tfitf.r33	-	50000000	1	37417088	3	36
jrp-n-tfitf.r34	-	50000000	1	87417088	3	84
jrp-n-tfitf.r35	-	50000000	1	137417088	3	132
jrp-n-tfitf.r36	-	50000000	1	187417088	3	180
jrp-n-tfitf.r37	-	33499953	1	237417088	3	228
jrp-n-tfitf.rar	-	50000000	1	270917041	3	260
jrp-n-tfitf.sfv	-	1014	1	320917041	3	308
