sxs-paleo_pines_v458752.nfo	-	9878	1	0	0	0
sxs-paleo_pines_v458752.r00	-	100000000	1	9878	0	1
sxs-paleo_pines_v458752.r01	-	100000000	1	100009878	0	97
sxs-paleo_pines_v458752.r02	-	100000000	1	200009878	0	193
sxs-paleo_pines_v458752.r03	-	100000000	1	300009878	0	289
sxs-paleo_pines_v458752.r04	-	100000000	1	400009878	0	385
sxs-paleo_pines_v458752.r05	-	100000000	1	500009878	0	481
sxs-paleo_pines_v458752.r06	-	87564784	1	62251264	1	60
sxs-paleo_pines_v458752.rar	-	100000000	1	149816048	1	144
sxs-paleo_pines_v458752.sfv	-	304	1	249816048	1	240
