v-devilengine.nfo	-	5357	1	0	0	0
v-devilengine.r00	-	50000000	1	5357	0	1
v-devilengine.r01	-	50000000	1	50005357	0	49
v-devilengine.r02	-	50000000	1	100005357	0	97
v-devilengine.r03	-	50000000	1	150005357	0	145
v-devilengine.r04	-	50000000	1	200005357	0	193
v-devilengine.r05	-	50000000	1	250005357	0	241
v-devilengine.r06	-	50000000	1	300005357	0	289
v-devilengine.r07	-	50000000	1	350005357	0	337
v-devilengine.r08	-	50000000	1	400005357	0	385
v-devilengine.r09	-	50000000	1	450005357	0	433
v-devilengine.r10	-	50000000	1	500005357	0	481
v-devilengine.r11	-	8266938	1	12251264	1	12
v-devilengine.rar	-	50000000	1	20518202	1	20
v-devilengine.sfv	-	364	1	70518202	1	68
