sxs-dragon_ball_xenoverse_2_v1703936.nfo	-	7694	1	0	0	0
sxs-dragon_ball_xenoverse_2_v1703936.r00	-	100000000	1	7694	0	1
sxs-dragon_ball_xenoverse_2_v1703936.r01	-	100000000	1	100007694	0	97
sxs-dragon_ball_xenoverse_2_v1703936.r02	-	100000000	1	200007694	0	193
sxs-dragon_ball_xenoverse_2_v1703936.r03	-	100000000	1	300007694	0	289
sxs-dragon_ball_xenoverse_2_v1703936.r04	-	100000000	1	400007694	0	385
sxs-dragon_ball_xenoverse_2_v1703936.r05	-	100000000	1	500007694	0	481
sxs-dragon_ball_xenoverse_2_v1703936.r06	-	100000000	1	62251264	1	60
sxs-dragon_ball_xenoverse_2_v1703936.r07	-	100000000	1	162251264	1	156
sxs-dragon_ball_xenoverse_2_v1703936.r08	-	100000000	1	262251264	1	252
sxs-dragon_ball_xenoverse_2_v1703936.r09	-	100000000	1	362251264	1	348
sxs-dragon_ball_xenoverse_2_v1703936.r10	-	100000000	1	462251264	1	444
sxs-dragon_ball_xenoverse_2_v1703936.r11	-	100000000	1	24502528	2	24
sxs-dragon_ball_xenoverse_2_v1703936.r12	-	100000000	1	124502528	2	120
sxs-dragon_ball_xenoverse_2_v1703936.r13	-	100000000	1	224502528	2	216
sxs-dragon_ball_xenoverse_2_v1703936.r14	-	100000000	1	324502528	2	312
sxs-dragon_ball_xenoverse_2_v1703936.r15	-	100000000	1	424502528	2	408
sxs-dragon_ball_xenoverse_2_v1703936.r16	-	100000000	1	524502528	2	504
sxs-dragon_ball_xenoverse_2_v1703936.r17	-	100000000	1	87417088	3	84
sxs-dragon_ball_xenoverse_2_v1703936.r18	-	100000000	1	187417088	3	180
sxs-dragon_ball_xenoverse_2_v1703936.r19	-	100000000	1	287417088	3	276
sxs-dragon_ball_xenoverse_2_v1703936.r20	-	100000000	1	387417088	3	372
sxs-dragon_ball_xenoverse_2_v1703936.r21	-	100000000	1	487417088	3	468
sxs-dragon_ball_xenoverse_2_v1703936.r22	-	100000000	1	49668352	4	48
sxs-dragon_ball_xenoverse_2_v1703936.r23	-	100000000	1	149668352	4	144
sxs-dragon_ball_xenoverse_2_v1703936.r24	-	100000000	1	249668352	4	240
sxs-dragon_ball_xenoverse_2_v1703936.r25	-	100000000	1	349668352	4	336
sxs-dragon_ball_xenoverse_2_v1703936.r26	-	100000000	1	449668352	4	432
sxs-dragon_ball_xenoverse_2_v1703936.r27	-	100000000	1	11919616	5	12
sxs-dragon_ball_xenoverse_2_v1703936.r28	-	100000000	1	111919616	5	108
sxs-dragon_ball_xenoverse_2_v1703936.r29	-	100000000	1	211919616	5	204
sxs-dragon_ball_xenoverse_2_v1703936.r30	-	100000000	1	311919616	5	300
sxs-dragon_ball_xenoverse_2_v1703936.r31	-	100000000	1	411919616	5	396
sxs-dragon_ball_xenoverse_2_v1703936.r32	-	100000000	1	511919616	5	492
sxs-dragon_ball_xenoverse_2_v1703936.r33	-	100000000	1	74834176	6	72
sxs-dragon_ball_xenoverse_2_v1703936.r34	-	100000000	1	174834176	6	168
sxs-dragon_ball_xenoverse_2_v1703936.r35	-	100000000	1	274834176	6	264
sxs-dragon_ball_xenoverse_2_v1703936.r36	-	100000000	1	374834176	6	360
sxs-dragon_ball_xenoverse_2_v1703936.r37	-	100000000	1	474834176	6	456
sxs-dragon_ball_xenoverse_2_v1703936.r38	-	100000000	1	37085440	7	36
sxs-dragon_ball_xenoverse_2_v1703936.r39	-	100000000	1	137085440	7	132
sxs-dragon_ball_xenoverse_2_v1703936.r40	-	100000000	1	237085440	7	228
sxs-dragon_ball_xenoverse_2_v1703936.r41	-	100000000	1	337085440	7	324
sxs-dragon_ball_xenoverse_2_v1703936.r42	-	100000000	1	437085440	7	420
sxs-dragon_ball_xenoverse_2_v1703936.r43	-	100000000	1	0	8	0
sxs-dragon_ball_xenoverse_2_v1703936.r44	-	100000000	1	100000000	8	96
sxs-dragon_ball_xenoverse_2_v1703936.r45	-	12709837	1	200000000	8	192
sxs-dragon_ball_xenoverse_2_v1703936.rar	-	100000000	1	212709837	8	205
sxs-dragon_ball_xenoverse_2_v1703936.sfv	-	2397	1	312709837	8	301
