v-bayonetta_3_v131072.nfo	-	5746	1	0	0	0
v-bayonetta_3_v131072.r00	-	100000000	1	5746	0	1
v-bayonetta_3_v131072.r01	-	100000000	1	100005746	0	97
v-bayonetta_3_v131072.r02	-	100000000	1	200005746	0	193
v-bayonetta_3_v131072.r03	-	100000000	1	300005746	0	289
v-bayonetta_3_v131072.r04	-	100000000	1	400005746	0	385
v-bayonetta_3_v131072.r05	-	100000000	1	500005746	0	481
v-bayonetta_3_v131072.r06	-	100000000	1	62251264	1	60
v-bayonetta_3_v131072.r07	-	100000000	1	162251264	1	156
v-bayonetta_3_v131072.r08	-	100000000	1	262251264	1	252
v-bayonetta_3_v131072.r09	-	100000000	1	362251264	1	348
v-bayonetta_3_v131072.r10	-	100000000	1	462251264	1	444
v-bayonetta_3_v131072.r11	-	100000000	1	24502528	2	24
v-bayonetta_3_v131072.r12	-	100000000	1	124502528	2	120
v-bayonetta_3_v131072.r13	-	100000000	1	224502528	2	216
v-bayonetta_3_v131072.r14	-	100000000	1	324502528	2	312
v-bayonetta_3_v131072.r15	-	100000000	1	424502528	2	408
v-bayonetta_3_v131072.r16	-	100000000	1	524502528	2	504
v-bayonetta_3_v131072.r17	-	100000000	1	87417088	3	84
v-bayonetta_3_v131072.r18	-	100000000	1	187417088	3	180
v-bayonetta_3_v131072.r19	-	100000000	1	287417088	3	276
v-bayonetta_3_v131072.r20	-	100000000	1	387417088	3	372
v-bayonetta_3_v131072.r21	-	100000000	1	487417088	3	468
v-bayonetta_3_v131072.r22	-	100000000	1	49668352	4	48
v-bayonetta_3_v131072.r23	-	100000000	1	149668352	4	144
v-bayonetta_3_v131072.r24	-	3641079	1	249668352	4	240
v-bayonetta_3_v131072.rar	-	100000000	1	253309431	4	244
v-bayonetta_3_v131072.sfv	-	936	1	353309431	4	340
