v-rack_n_ruin.nfo	-	3874	1	0	0	0
v-rack_n_ruin.r00	-	50000000	1	3874	0	1
v-rack_n_ruin.r01	-	50000000	1	50003874	0	49
v-rack_n_ruin.r02	-	50000000	1	100003874	0	97
v-rack_n_ruin.r03	-	50000000	1	150003874	0	145
v-rack_n_ruin.r04	-	50000000	1	200003874	0	193
v-rack_n_ruin.r05	-	50000000	1	250003874	0	241
v-rack_n_ruin.r06	-	50000000	1	300003874	0	289
v-rack_n_ruin.r07	-	50000000	1	350003874	0	337
v-rack_n_ruin.r08	-	50000000	1	400003874	0	385
v-rack_n_ruin.r09	-	50000000	1	450003874	0	433
v-rack_n_ruin.r10	-	50000000	1	500003874	0	481
v-rack_n_ruin.r11	-	50000000	1	12251264	1	12
v-rack_n_ruin.r12	-	50000000	1	62251264	1	60
v-rack_n_ruin.r13	-	50000000	1	112251264	1	108
v-rack_n_ruin.r14	-	50000000	1	162251264	1	156
v-rack_n_ruin.r15	-	50000000	1	212251264	1	204
v-rack_n_ruin.r16	-	50000000	1	262251264	1	252
v-rack_n_ruin.r17	-	50000000	1	312251264	1	300
v-rack_n_ruin.r18	-	50000000	1	362251264	1	348
v-rack_n_ruin.r19	-	50000000	1	412251264	1	396
v-rack_n_ruin.r20	-	50000000	1	462251264	1	444
v-rack_n_ruin.r21	-	50000000	1	512251264	1	492
v-rack_n_ruin.r22	-	50000000	1	24834176	2	24
v-rack_n_ruin.r23	-	50000000	1	74834176	2	72
v-rack_n_ruin.r24	-	50000000	1	124834176	2	120
v-rack_n_ruin.r25	-	50000000	1	174834176	2	168
v-rack_n_ruin.r26	-	50000000	1	224834176	2	216
v-rack_n_ruin.r27	-	50000000	1	274834176	2	264
v-rack_n_ruin.r28	-	50000000	1	324834176	2	312
v-rack_n_ruin.r29	-	50000000	1	374834176	2	360
v-rack_n_ruin.r30	-	50000000	1	424834176	2	408
v-rack_n_ruin.r31	-	50000000	1	474834176	2	456
v-rack_n_ruin.r32	-	50000000	1	524834176	2	504
v-rack_n_ruin.r33	-	50000000	1	37417088	3	36
v-rack_n_ruin.r34	-	50000000	1	87417088	3	84
v-rack_n_ruin.r35	-	50000000	1	137417088	3	132
v-rack_n_ruin.r36	-	50000000	1	187417088	3	180
v-rack_n_ruin.r37	-	50000000	1	237417088	3	228
v-rack_n_ruin.r38	-	50000000	1	287417088	3	276
v-rack_n_ruin.r39	-	50000000	1	337417088	3	324
v-rack_n_ruin.r40	-	50000000	1	387417088	3	372
v-rack_n_ruin.r41	-	8110887	1	437417088	3	420
v-rack_n_ruin.rar	-	50000000	1	445527975	3	428
v-rack_n_ruin.sfv	-	1204	1	495527975	3	476
