sxs-minecraft_v5505024.nfo	-	4028	1	0	0	0
sxs-minecraft_v5505024.r00	-	100000000	1	4028	0	1
sxs-minecraft_v5505024.r01	-	100000000	1	100004028	0	97
sxs-minecraft_v5505024.r02	-	100000000	1	200004028	0	193
sxs-minecraft_v5505024.r03	-	100000000	1	300004028	0	289
sxs-minecraft_v5505024.r04	-	100000000	1	400004028	0	385
sxs-minecraft_v5505024.r05	-	100000000	1	500004028	0	481
sxs-minecraft_v5505024.r06	-	100000000	1	62251264	1	60
sxs-minecraft_v5505024.r07	-	100000000	1	162251264	1	156
sxs-minecraft_v5505024.r08	-	100000000	1	262251264	1	252
sxs-minecraft_v5505024.r09	-	100000000	1	362251264	1	348
sxs-minecraft_v5505024.r10	-	100000000	1	462251264	1	444
sxs-minecraft_v5505024.r11	-	21063801	1	24502528	2	24
sxs-minecraft_v5505024.rar	-	100000000	1	45566329	2	45
sxs-minecraft_v5505024.sfv	-	481	1	145566329	2	141
