Proof	d	0	1	0	0	0
Proof/v-taahdr.jpg	-	89477	1	0	0	0
v-taahdr.nfo	-	3952	1	89477	0	1
v-taahdr.r00	-	100000000	1	93429	0	2
v-taahdr.r01	-	100000000	1	100093429	0	98
v-taahdr.r02	-	100000000	1	200093429	0	194
v-taahdr.r03	-	100000000	1	300093429	0	290
v-taahdr.r04	-	100000000	1	400093429	0	386
v-taahdr.r05	-	100000000	1	500093429	0	482
v-taahdr.r06	-	100000000	1	62251264	1	60
v-taahdr.r07	-	100000000	1	162251264	1	156
v-taahdr.r08	-	100000000	1	262251264	1	252
v-taahdr.r09	-	100000000	1	362251264	1	348
v-taahdr.r10	-	100000000	1	462251264	1	444
v-taahdr.r11	-	100000000	1	24502528	2	24
v-taahdr.r12	-	100000000	1	124502528	2	120
v-taahdr.r13	-	100000000	1	224502528	2	216
v-taahdr.r14	-	100000000	1	324502528	2	312
v-taahdr.r15	-	100000000	1	424502528	2	408
v-taahdr.r16	-	100000000	1	524502528	2	504
v-taahdr.r17	-	100000000	1	87417088	3	84
v-taahdr.r18	-	100000000	1	187417088	3	180
v-taahdr.r19	-	100000000	1	287417088	3	276
v-taahdr.r20	-	100000000	1	387417088	3	372
v-taahdr.r21	-	100000000	1	487417088	3	468
v-taahdr.r22	-	100000000	1	49668352	4	48
v-taahdr.r23	-	100000000	1	149668352	4	144
v-taahdr.r24	-	100000000	1	249668352	4	240
v-taahdr.r25	-	100000000	1	349668352	4	336
v-taahdr.r26	-	100000000	1	449668352	4	432
v-taahdr.r27	-	100000000	1	11919616	5	12
v-taahdr.r28	-	100000000	1	111919616	5	108
v-taahdr.r29	-	100000000	1	211919616	5	204
v-taahdr.r30	-	100000000	1	311919616	5	300
v-taahdr.r31	-	100000000	1	411919616	5	396
v-taahdr.r32	-	100000000	1	511919616	5	492
v-taahdr.r33	-	100000000	1	74834176	6	72
v-taahdr.r34	-	100000000	1	174834176	6	168
v-taahdr.r35	-	100000000	1	274834176	6	264
v-taahdr.r36	-	100000000	1	374834176	6	360
v-taahdr.r37	-	100000000	1	474834176	6	456
v-taahdr.r38	-	100000000	1	37085440	7	36
v-taahdr.r39	-	100000000	1	137085440	7	132
v-taahdr.r40	-	100000000	1	237085440	7	228
v-taahdr.r41	-	100000000	1	337085440	7	324
v-taahdr.r42	-	100000000	1	437085440	7	420
v-taahdr.r43	-	100000000	1	0	8	0
v-taahdr.r44	-	100000000	1	100000000	8	96
v-taahdr.r45	-	100000000	1	200000000	8	192
v-taahdr.r46	-	100000000	1	300000000	8	288
v-taahdr.r47	-	100000000	1	400000000	8	384
v-taahdr.r48	-	100000000	1	500000000	8	480
v-taahdr.r49	-	100000000	1	62251264	9	60
v-taahdr.r50	-	100000000	1	162251264	9	156
v-taahdr.r51	-	100000000	1	262251264	9	252
v-taahdr.r52	-	100000000	1	362251264	9	348
v-taahdr.r53	-	100000000	1	462251264	9	444
v-taahdr.r54	-	100000000	1	24502528	10	24
v-taahdr.r55	-	100000000	1	124502528	10	120
v-taahdr.r56	-	29915831	1	224502528	10	216
v-taahdr.rar	-	100000000	1	254418359	10	245
v-taahdr.sfv	-	1334	1	354418359	10	341
