v-nba2kp2_v458752.nfo	-	4420	1	0	0	0
v-nba2kp2_v458752.r00	-	50000000	1	4420	0	1
v-nba2kp2_v458752.r01	-	50000000	1	50004420	0	49
v-nba2kp2_v458752.r02	-	50000000	1	100004420	0	97
v-nba2kp2_v458752.r03	-	50000000	1	150004420	0	145
v-nba2kp2_v458752.r04	-	50000000	1	200004420	0	193
v-nba2kp2_v458752.r05	-	50000000	1	250004420	0	241
v-nba2kp2_v458752.r06	-	50000000	1	300004420	0	289
v-nba2kp2_v458752.r07	-	50000000	1	350004420	0	337
v-nba2kp2_v458752.r08	-	50000000	1	400004420	0	385
v-nba2kp2_v458752.r09	-	50000000	1	450004420	0	433
v-nba2kp2_v458752.r10	-	50000000	1	500004420	0	481
v-nba2kp2_v458752.r11	-	50000000	1	12251264	1	12
v-nba2kp2_v458752.r12	-	50000000	1	62251264	1	60
v-nba2kp2_v458752.r13	-	50000000	1	112251264	1	108
v-nba2kp2_v458752.r14	-	50000000	1	162251264	1	156
v-nba2kp2_v458752.r15	-	50000000	1	212251264	1	204
v-nba2kp2_v458752.r16	-	50000000	1	262251264	1	252
v-nba2kp2_v458752.r17	-	50000000	1	312251264	1	300
v-nba2kp2_v458752.r18	-	50000000	1	362251264	1	348
v-nba2kp2_v458752.r19	-	50000000	1	412251264	1	396
v-nba2kp2_v458752.r20	-	50000000	1	462251264	1	444
v-nba2kp2_v458752.r21	-	50000000	1	512251264	1	492
v-nba2kp2_v458752.r22	-	50000000	1	24834176	2	24
v-nba2kp2_v458752.r23	-	50000000	1	74834176	2	72
v-nba2kp2_v458752.r24	-	50000000	1	124834176	2	120
v-nba2kp2_v458752.r25	-	50000000	1	174834176	2	168
v-nba2kp2_v458752.r26	-	50000000	1	224834176	2	216
v-nba2kp2_v458752.r27	-	50000000	1	274834176	2	264
v-nba2kp2_v458752.r28	-	50000000	1	324834176	2	312
v-nba2kp2_v458752.r29	-	50000000	1	374834176	2	360
v-nba2kp2_v458752.r30	-	50000000	1	424834176	2	408
v-nba2kp2_v458752.r31	-	14884397	1	474834176	2	456
v-nba2kp2_v458752.rar	-	50000000	1	489718573	2	471
v-nba2kp2_v458752.sfv	-	1056	1	2814080	3	3
