sxs-arcaea_v655360.nfo	-	6134	1	0	0	0
sxs-arcaea_v655360.r00	-	100000000	1	6134	0	1
sxs-arcaea_v655360.r01	-	100000000	1	100006134	0	97
sxs-arcaea_v655360.r02	-	100000000	1	200006134	0	193
sxs-arcaea_v655360.r03	-	100000000	1	300006134	0	289
sxs-arcaea_v655360.r04	-	100000000	1	400006134	0	385
sxs-arcaea_v655360.r05	-	100000000	1	500006134	0	481
sxs-arcaea_v655360.r06	-	100000000	1	62251264	1	60
sxs-arcaea_v655360.r07	-	100000000	1	162251264	1	156
sxs-arcaea_v655360.r08	-	100000000	1	262251264	1	252
sxs-arcaea_v655360.r09	-	100000000	1	362251264	1	348
sxs-arcaea_v655360.r10	-	100000000	1	462251264	1	444
sxs-arcaea_v655360.r11	-	18928073	1	24502528	2	24
sxs-arcaea_v655360.rar	-	100000000	1	43430601	2	43
sxs-arcaea_v655360.sfv	-	429	1	143430601	2	139
