hr-av9qav458752.nfo	-	11258	1	0	0	0
hr-av9qav458752.r00	-	50000000	1	11258	0	1
hr-av9qav458752.r01	-	50000000	1	50011258	0	49
hr-av9qav458752.r02	-	50000000	1	100011258	0	97
hr-av9qav458752.r03	-	50000000	1	150011258	0	145
hr-av9qav458752.r04	-	50000000	1	200011258	0	193
hr-av9qav458752.r05	-	50000000	1	250011258	0	241
hr-av9qav458752.r06	-	50000000	1	300011258	0	289
hr-av9qav458752.r07	-	50000000	1	350011258	0	337
hr-av9qav458752.r08	-	50000000	1	400011258	0	385
hr-av9qav458752.r09	-	50000000	1	450011258	0	433
hr-av9qav458752.r10	-	50000000	1	500011258	0	481
hr-av9qav458752.r11	-	50000000	1	12251264	1	12
hr-av9qav458752.r12	-	50000000	1	62251264	1	60
hr-av9qav458752.r13	-	50000000	1	112251264	1	108
hr-av9qav458752.r14	-	50000000	1	162251264	1	156
hr-av9qav458752.r15	-	50000000	1	212251264	1	204
hr-av9qav458752.r16	-	4203220	1	262251264	1	252
hr-av9qav458752.rar	-	50000000	1	266454484	1	257
hr-av9qav458752.sfv	-	540	1	316454484	1	305
