v-trialsrising_v458752.nfo	-	4732	1	0	0	0
v-trialsrising_v458752.r00	-	50000000	1	4732	0	1
v-trialsrising_v458752.r01	-	50000000	1	50004732	0	49
v-trialsrising_v458752.r02	-	50000000	1	100004732	0	97
v-trialsrising_v458752.r03	-	50000000	1	150004732	0	145
v-trialsrising_v458752.r04	-	50000000	1	200004732	0	193
v-trialsrising_v458752.r05	-	50000000	1	250004732	0	241
v-trialsrising_v458752.r06	-	50000000	1	300004732	0	289
v-trialsrising_v458752.r07	-	50000000	1	350004732	0	337
v-trialsrising_v458752.r08	-	50000000	1	400004732	0	385
v-trialsrising_v458752.r09	-	50000000	1	450004732	0	433
v-trialsrising_v458752.r10	-	50000000	1	500004732	0	481
v-trialsrising_v458752.r11	-	50000000	1	12251264	1	12
v-trialsrising_v458752.r12	-	50000000	1	62251264	1	60
v-trialsrising_v458752.r13	-	50000000	1	112251264	1	108
v-trialsrising_v458752.r14	-	50000000	1	162251264	1	156
v-trialsrising_v458752.r15	-	50000000	1	212251264	1	204
v-trialsrising_v458752.r16	-	50000000	1	262251264	1	252
v-trialsrising_v458752.r17	-	50000000	1	312251264	1	300
v-trialsrising_v458752.r18	-	50000000	1	362251264	1	348
v-trialsrising_v458752.r19	-	50000000	1	412251264	1	396
v-trialsrising_v458752.r20	-	50000000	1	462251264	1	444
v-trialsrising_v458752.r21	-	50000000	1	512251264	1	492
v-trialsrising_v458752.r22	-	50000000	1	24834176	2	24
v-trialsrising_v458752.r23	-	50000000	1	74834176	2	72
v-trialsrising_v458752.r24	-	50000000	1	124834176	2	120
v-trialsrising_v458752.r25	-	50000000	1	174834176	2	168
v-trialsrising_v458752.r26	-	50000000	1	224834176	2	216
v-trialsrising_v458752.r27	-	50000000	1	274834176	2	264
v-trialsrising_v458752.r28	-	50000000	1	324834176	2	312
v-trialsrising_v458752.r29	-	50000000	1	374834176	2	360
v-trialsrising_v458752.r30	-	50000000	1	424834176	2	408
v-trialsrising_v458752.r31	-	50000000	1	474834176	2	456
v-trialsrising_v458752.r32	-	50000000	1	524834176	2	504
v-trialsrising_v458752.r33	-	50000000	1	37417088	3	36
v-trialsrising_v458752.r34	-	50000000	1	87417088	3	84
v-trialsrising_v458752.r35	-	50000000	1	137417088	3	132
v-trialsrising_v458752.r36	-	50000000	1	187417088	3	180
v-trialsrising_v458752.r37	-	50000000	1	237417088	3	228
v-trialsrising_v458752.r38	-	50000000	1	287417088	3	276
v-trialsrising_v458752.r39	-	50000000	1	337417088	3	324
v-trialsrising_v458752.r40	-	50000000	1	387417088	3	372
v-trialsrising_v458752.r41	-	50000000	1	437417088	3	420
v-trialsrising_v458752.r42	-	50000000	1	487417088	3	468
v-trialsrising_v458752.r43	-	50000000	1	0	4	0
v-trialsrising_v458752.r44	-	50000000	1	50000000	4	48
v-trialsrising_v458752.r45	-	50000000	1	100000000	4	96
v-trialsrising_v458752.r46	-	50000000	1	150000000	4	144
v-trialsrising_v458752.r47	-	50000000	1	200000000	4	192
v-trialsrising_v458752.r48	-	50000000	1	250000000	4	240
v-trialsrising_v458752.r49	-	50000000	1	300000000	4	288
v-trialsrising_v458752.r50	-	39028298	1	350000000	4	336
v-trialsrising_v458752.rar	-	50000000	1	389028298	4	374
v-trialsrising_v458752.sfv	-	1924	1	439028298	4	422
