bbb-h-babka.nfo	-	6477	1	0	0	0
bbb-h-babka.part001.rar	-	250000000	1	6477	0	1
bbb-h-babka.part002.rar	-	250000000	1	250006477	0	240
bbb-h-babka.part003.rar	-	250000000	1	500006477	0	479
bbb-h-babka.part004.rar	-	250000000	1	212251264	1	203
bbb-h-babka.part005.rar	-	250000000	1	462251264	1	442
bbb-h-babka.part006.rar	-	250000000	1	174502528	2	167
bbb-h-babka.part007.rar	-	250000000	1	424502528	2	406
bbb-h-babka.part008.rar	-	250000000	1	136753792	3	131
bbb-h-babka.part009.rar	-	250000000	1	386753792	3	370
bbb-h-babka.part010.rar	-	250000000	1	99005056	4	95
bbb-h-babka.part011.rar	-	250000000	1	349005056	4	334
bbb-h-babka.part012.rar	-	250000000	1	61256320	5	59
bbb-h-babka.part013.rar	-	250000000	1	311256320	5	298
bbb-h-babka.part014.rar	-	250000000	1	23507584	6	23
bbb-h-babka.part015.rar	-	250000000	1	273507584	6	262
bbb-h-babka.part016.rar	-	250000000	1	523507584	6	501
bbb-h-babka.part017.rar	-	250000000	1	236368512	7	226
bbb-h-babka.part018.rar	-	250000000	1	486368512	7	465
bbb-h-babka.part019.rar	-	250000000	1	198619776	8	190
bbb-h-babka.part020.rar	-	250000000	1	448619776	8	429
bbb-h-babka.part021.rar	-	250000000	1	160871040	9	154
bbb-h-babka.part022.rar	-	250000000	1	410871040	9	393
bbb-h-babka.part023.rar	-	250000000	1	123122304	10	118
bbb-h-babka.part024.rar	-	250000000	1	373122304	10	357
bbb-h-babka.part025.rar	-	250000000	1	85373568	11	82
bbb-h-babka.part026.rar	-	250000000	1	335373568	11	321
bbb-h-babka.part027.rar	-	250000000	1	47624832	12	46
bbb-h-babka.part028.rar	-	250000000	1	297624832	12	285
bbb-h-babka.part029.rar	-	250000000	1	9876096	13	10
bbb-h-babka.part030.rar	-	250000000	1	259876096	13	249
bbb-h-babka.part031.rar	-	250000000	1	509876096	13	488
bbb-h-babka.part032.rar	-	250000000	1	222737024	14	213
bbb-h-babka.part033.rar	-	250000000	1	472737024	14	452
bbb-h-babka.part034.rar	-	250000000	1	184988288	15	177
bbb-h-babka.part035.rar	-	250000000	1	434988288	15	416
bbb-h-babka.part036.rar	-	250000000	1	147239552	16	141
bbb-h-babka.part037.rar	-	250000000	1	397239552	16	380
bbb-h-babka.part038.rar	-	250000000	1	109490816	17	105
bbb-h-babka.part039.rar	-	250000000	1	359490816	17	344
bbb-h-babka.part040.rar	-	250000000	1	71742080	18	69
bbb-h-babka.part041.rar	-	250000000	1	321742080	18	308
bbb-h-babka.part042.rar	-	250000000	1	33993344	19	33
bbb-h-babka.part043.rar	-	250000000	1	283993344	19	272
bbb-h-babka.part044.rar	-	250000000	1	533993344	19	511
bbb-h-babka.part045.rar	-	250000000	1	246854272	20	236
bbb-h-babka.part046.rar	-	250000000	1	496854272	20	475
bbb-h-babka.part047.rar	-	250000000	1	209105536	21	200
bbb-h-babka.part048.rar	-	250000000	1	459105536	21	439
bbb-h-babka.part049.rar	-	250000000	1	171356800	22	164
bbb-h-babka.part050.rar	-	250000000	1	421356800	22	403
bbb-h-babka.part051.rar	-	250000000	1	133608064	23	128
bbb-h-babka.part052.rar	-	250000000	1	383608064	23	367
bbb-h-babka.part053.rar	-	250000000	1	95859328	24	92
bbb-h-babka.part054.rar	-	250000000	1	345859328	24	331
bbb-h-babka.part055.rar	-	250000000	1	58110592	25	56
bbb-h-babka.part056.rar	-	250000000	1	308110592	25	295
bbb-h-babka.part057.rar	-	250000000	1	20361856	26	20
bbb-h-babka.part058.rar	-	250000000	1	270361856	26	259
bbb-h-babka.part059.rar	-	250000000	1	520361856	26	498
bbb-h-babka.part060.rar	-	250000000	1	233222784	27	223
bbb-h-babka.part061.rar	-	250000000	1	483222784	27	462
bbb-h-babka.part062.rar	-	250000000	1	195474048	28	187
bbb-h-babka.part063.rar	-	250000000	1	445474048	28	426
bbb-h-babka.part064.rar	-	250000000	1	157725312	29	151
bbb-h-babka.part065.rar	-	250000000	1	407725312	29	390
bbb-h-babka.part066.rar	-	250000000	1	119976576	30	115
bbb-h-babka.part067.rar	-	250000000	1	369976576	30	354
bbb-h-babka.part068.rar	-	250000000	1	82227840	31	79
bbb-h-babka.part069.rar	-	250000000	1	332227840	31	318
bbb-h-babka.part070.rar	-	250000000	1	44479104	32	43
bbb-h-babka.part071.rar	-	250000000	1	294479104	32	282
bbb-h-babka.part072.rar	-	250000000	1	6730368	33	7
bbb-h-babka.part073.rar	-	250000000	1	256730368	33	246
bbb-h-babka.part074.rar	-	250000000	1	506730368	33	485
bbb-h-babka.part075.rar	-	250000000	1	219591296	34	210
bbb-h-babka.part076.rar	-	250000000	1	469591296	34	449
bbb-h-babka.part077.rar	-	250000000	1	181842560	35	174
bbb-h-babka.part078.rar	-	250000000	1	431842560	35	413
bbb-h-babka.part079.rar	-	250000000	1	144093824	36	138
bbb-h-babka.part080.rar	-	250000000	1	394093824	36	377
bbb-h-babka.part081.rar	-	250000000	1	106345088	37	102
bbb-h-babka.part082.rar	-	250000000	1	356345088	37	341
bbb-h-babka.part083.rar	-	250000000	1	68596352	38	66
bbb-h-babka.part084.rar	-	250000000	1	318596352	38	305
bbb-h-babka.part085.rar	-	250000000	1	30847616	39	30
bbb-h-babka.part086.rar	-	250000000	1	280847616	39	269
bbb-h-babka.part087.rar	-	250000000	1	530847616	39	508
bbb-h-babka.part088.rar	-	250000000	1	243708544	40	233
bbb-h-babka.part089.rar	-	250000000	1	493708544	40	472
bbb-h-babka.part090.rar	-	250000000	1	205959808	41	197
bbb-h-babka.part091.rar	-	250000000	1	455959808	41	436
bbb-h-babka.part092.rar	-	250000000	1	168211072	42	161
bbb-h-babka.part093.rar	-	250000000	1	418211072	42	400
bbb-h-babka.part094.rar	-	250000000	1	130462336	43	125
bbb-h-babka.part095.rar	-	250000000	1	380462336	43	364
bbb-h-babka.part096.rar	-	250000000	1	92713600	44	89
bbb-h-babka.part097.rar	-	250000000	1	342713600	44	328
bbb-h-babka.part098.rar	-	250000000	1	54964864	45	53
bbb-h-babka.part099.rar	-	250000000	1	304964864	45	292
bbb-h-babka.part100.rar	-	250000000	1	17216128	46	17
bbb-h-babka.part101.rar	-	250000000	1	267216128	46	256
bbb-h-babka.part102.rar	-	250000000	1	517216128	46	495
bbb-h-babka.part103.rar	-	250000000	1	230077056	47	220
bbb-h-babka.part104.rar	-	250000000	1	480077056	47	459
bbb-h-babka.part105.rar	-	250000000	1	192328320	48	184
bbb-h-babka.part106.rar	-	250000000	1	442328320	48	423
bbb-h-babka.part107.rar	-	250000000	1	154579584	49	148
bbb-h-babka.part108.rar	-	250000000	1	404579584	49	387
bbb-h-babka.part109.rar	-	250000000	1	116830848	50	112
bbb-h-babka.part110.rar	-	250000000	1	366830848	50	351
bbb-h-babka.part111.rar	-	250000000	1	79082112	51	76
bbb-h-babka.part112.rar	-	250000000	1	329082112	51	315
bbb-h-babka.part113.rar	-	250000000	1	41333376	52	40
bbb-h-babka.part114.rar	-	250000000	1	291333376	52	279
bbb-h-babka.part115.rar	-	250000000	1	3584640	53	4
bbb-h-babka.part116.rar	-	250000000	1	253584640	53	243
bbb-h-babka.part117.rar	-	127077841	1	503584640	53	482
bbb-h-babka.sfv	-	3978	1	93523409	54	90
