v-horizc_v524288.nfo	-	8788	1	0	0	0
v-horizc_v524288.r00	-	50000000	1	8788	0	1
v-horizc_v524288.r01	-	50000000	1	50008788	0	49
v-horizc_v524288.r02	-	50000000	1	100008788	0	97
v-horizc_v524288.r03	-	50000000	1	150008788	0	145
v-horizc_v524288.r04	-	50000000	1	200008788	0	193
v-horizc_v524288.r05	-	50000000	1	250008788	0	241
v-horizc_v524288.r06	-	50000000	1	300008788	0	289
v-horizc_v524288.r07	-	25361239	1	350008788	0	337
v-horizc_v524288.rar	-	50000000	1	375370027	0	362
v-horizc_v524288.sfv	-	279	1	425370027	0	410
