n-subnauticabz_v131072.nfo	-	6071	1	0	0	0
n-subnauticabz_v131072.r00	-	50000000	1	6071	0	1
n-subnauticabz_v131072.r01	-	50000000	1	50006071	0	49
n-subnauticabz_v131072.r02	-	50000000	1	100006071	0	97
n-subnauticabz_v131072.r03	-	50000000	1	150006071	0	145
n-subnauticabz_v131072.r04	-	50000000	1	200006071	0	193
n-subnauticabz_v131072.r05	-	50000000	1	250006071	0	241
n-subnauticabz_v131072.r06	-	50000000	1	300006071	0	289
n-subnauticabz_v131072.r07	-	50000000	1	350006071	0	337
n-subnauticabz_v131072.r08	-	50000000	1	400006071	0	385
n-subnauticabz_v131072.r09	-	50000000	1	450006071	0	433
n-subnauticabz_v131072.r10	-	50000000	1	500006071	0	481
n-subnauticabz_v131072.r11	-	50000000	1	12251264	1	12
n-subnauticabz_v131072.r12	-	50000000	1	62251264	1	60
n-subnauticabz_v131072.r13	-	50000000	1	112251264	1	108
n-subnauticabz_v131072.r14	-	50000000	1	162251264	1	156
n-subnauticabz_v131072.r15	-	50000000	1	212251264	1	204
n-subnauticabz_v131072.r16	-	50000000	1	262251264	1	252
n-subnauticabz_v131072.r17	-	50000000	1	312251264	1	300
n-subnauticabz_v131072.r18	-	50000000	1	362251264	1	348
n-subnauticabz_v131072.r19	-	50000000	1	412251264	1	396
n-subnauticabz_v131072.r20	-	50000000	1	462251264	1	444
n-subnauticabz_v131072.r21	-	50000000	1	512251264	1	492
n-subnauticabz_v131072.r22	-	50000000	1	24834176	2	24
n-subnauticabz_v131072.r23	-	50000000	1	74834176	2	72
n-subnauticabz_v131072.r24	-	50000000	1	124834176	2	120
n-subnauticabz_v131072.r25	-	50000000	1	174834176	2	168
n-subnauticabz_v131072.r26	-	5521550	1	224834176	2	216
n-subnauticabz_v131072.rar	-	50000000	1	230355726	2	222
n-subnauticabz_v131072.sfv	-	1036	1	280355726	2	270
