bbb-h-aqa6a.nfo	-	5517	1	0	0	0
bbb-h-aqa6a.part01.rar	-	250000000	1	5517	0	1
bbb-h-aqa6a.part02.rar	-	250000000	1	250005517	0	240
bbb-h-aqa6a.part03.rar	-	250000000	1	500005517	0	479
bbb-h-aqa6a.part04.rar	-	250000000	1	212251264	1	203
bbb-h-aqa6a.part05.rar	-	250000000	1	462251264	1	442
bbb-h-aqa6a.part06.rar	-	250000000	1	174502528	2	167
bbb-h-aqa6a.part07.rar	-	250000000	1	424502528	2	406
bbb-h-aqa6a.part08.rar	-	250000000	1	136753792	3	131
bbb-h-aqa6a.part09.rar	-	250000000	1	386753792	3	370
bbb-h-aqa6a.part10.rar	-	250000000	1	99005056	4	95
bbb-h-aqa6a.part11.rar	-	250000000	1	349005056	4	334
bbb-h-aqa6a.part12.rar	-	32164532	1	61256320	5	59
bbb-h-aqa6a.sfv	-	396	1	93420852	5	90
