sxs-potion_permit_v458752.nfo	-	9488	1	0	0	0
sxs-potion_permit_v458752.r00	-	100000000	1	9488	0	1
sxs-potion_permit_v458752.r01	-	100000000	1	100009488	0	97
sxs-potion_permit_v458752.r02	-	100000000	1	200009488	0	193
sxs-potion_permit_v458752.r03	-	100000000	1	300009488	0	289
sxs-potion_permit_v458752.r04	-	100000000	1	400009488	0	385
sxs-potion_permit_v458752.r05	-	100000000	1	500009488	0	481
sxs-potion_permit_v458752.r06	-	100000000	1	62251264	1	60
sxs-potion_permit_v458752.r07	-	100000000	1	162251264	1	156
sxs-potion_permit_v458752.r08	-	100000000	1	262251264	1	252
sxs-potion_permit_v458752.r09	-	100000000	1	362251264	1	348
sxs-potion_permit_v458752.r10	-	100000000	1	462251264	1	444
sxs-potion_permit_v458752.r11	-	70775114	1	24502528	2	24
sxs-potion_permit_v458752.rar	-	100000000	1	95277642	2	92
sxs-potion_permit_v458752.sfv	-	520	1	195277642	2	188
