hr-az8rbv131072.nfo	-	11339	1	0	0	0
hr-az8rbv131072.r00	-	50000000	1	11339	0	1
hr-az8rbv131072.r01	-	50000000	1	50011339	0	49
hr-az8rbv131072.r02	-	50000000	1	100011339	0	97
hr-az8rbv131072.r03	-	50000000	1	150011339	0	145
hr-az8rbv131072.r04	-	50000000	1	200011339	0	193
hr-az8rbv131072.r05	-	50000000	1	250011339	0	241
hr-az8rbv131072.r06	-	50000000	1	300011339	0	289
hr-az8rbv131072.r07	-	50000000	1	350011339	0	337
hr-az8rbv131072.r08	-	50000000	1	400011339	0	385
hr-az8rbv131072.r09	-	50000000	1	450011339	0	433
hr-az8rbv131072.r10	-	50000000	1	500011339	0	481
hr-az8rbv131072.r11	-	50000000	1	12251264	1	12
hr-az8rbv131072.r12	-	50000000	1	62251264	1	60
hr-az8rbv131072.r13	-	50000000	1	112251264	1	108
hr-az8rbv131072.r14	-	50000000	1	162251264	1	156
hr-az8rbv131072.r15	-	2404502	1	212251264	1	204
hr-az8rbv131072.rar	-	50000000	1	214655766	1	207
hr-az8rbv131072.sfv	-	510	1	264655766	1	255
