sxs-voez_v458752.nfo	-	5277	1	0	0	0
sxs-voez_v458752.r00	-	50000000	1	5277	0	1
sxs-voez_v458752.r01	-	50000000	1	50005277	0	49
sxs-voez_v458752.r02	-	50000000	1	100005277	0	97
sxs-voez_v458752.r03	-	50000000	1	150005277	0	145
sxs-voez_v458752.r04	-	50000000	1	200005277	0	193
sxs-voez_v458752.r05	-	50000000	1	250005277	0	241
sxs-voez_v458752.r06	-	50000000	1	300005277	0	289
sxs-voez_v458752.r07	-	50000000	1	350005277	0	337
sxs-voez_v458752.r08	-	50000000	1	400005277	0	385
sxs-voez_v458752.r09	-	1490646	1	450005277	0	433
sxs-voez_v458752.rar	-	50000000	1	451495923	0	435
sxs-voez_v458752.sfv	-	341	1	501495923	0	483
