lfc-arpa_v524288.nfo	-	6057	1	0	0	0
lfc-arpa_v524288.r00	-	50000000	1	6057	0	1
lfc-arpa_v524288.r01	-	50000000	1	50006057	0	49
lfc-arpa_v524288.r02	-	50000000	1	100006057	0	97
lfc-arpa_v524288.r03	-	50000000	1	150006057	0	145
lfc-arpa_v524288.r04	-	50000000	1	200006057	0	193
lfc-arpa_v524288.r05	-	50000000	1	250006057	0	241
lfc-arpa_v524288.r06	-	50000000	1	300006057	0	289
lfc-arpa_v524288.r07	-	50000000	1	350006057	0	337
lfc-arpa_v524288.r08	-	50000000	1	400006057	0	385
lfc-arpa_v524288.r09	-	50000000	1	450006057	0	433
lfc-arpa_v524288.r10	-	50000000	1	500006057	0	481
lfc-arpa_v524288.r11	-	50000000	1	12251264	1	12
lfc-arpa_v524288.r12	-	50000000	1	62251264	1	60
lfc-arpa_v524288.r13	-	50000000	1	112251264	1	108
lfc-arpa_v524288.r14	-	50000000	1	162251264	1	156
lfc-arpa_v524288.r15	-	50000000	1	212251264	1	204
lfc-arpa_v524288.r16	-	50000000	1	262251264	1	252
lfc-arpa_v524288.r17	-	50000000	1	312251264	1	300
lfc-arpa_v524288.r18	-	50000000	1	362251264	1	348
lfc-arpa_v524288.r19	-	50000000	1	412251264	1	396
lfc-arpa_v524288.r20	-	49921047	1	462251264	1	444
lfc-arpa_v524288.rar	-	50000000	1	512172311	1	492
lfc-arpa_v524288.sfv	-	682	1	24834176	2	24
