Proof	d	0	1	0	0	0
Proof/sxs-anwo.jpg	-	119491	1	0	0	0
sxs-anwo.nfo	-	5745	1	119491	0	1
sxs-anwo.r00	-	50000000	1	125236	0	2
sxs-anwo.r01	-	50000000	1	50125236	0	50
sxs-anwo.r02	-	50000000	1	100125236	0	98
sxs-anwo.r03	-	50000000	1	150125236	0	146
sxs-anwo.r04	-	50000000	1	200125236	0	194
sxs-anwo.r05	-	50000000	1	250125236	0	242
sxs-anwo.r06	-	50000000	1	300125236	0	290
sxs-anwo.r07	-	50000000	1	350125236	0	338
sxs-anwo.r08	-	28891181	1	400125236	0	386
sxs-anwo.rar	-	50000000	1	429016417	0	414
sxs-anwo.sfv	-	230	1	479016417	0	462
