v-rad_v65536.nfo	-	4888	1	0	0	0
v-rad_v65536.r00	-	50000000	1	4888	0	1
v-rad_v65536.r01	-	50000000	1	50004888	0	49
v-rad_v65536.r02	-	50000000	1	100004888	0	97
v-rad_v65536.r03	-	50000000	1	150004888	0	145
v-rad_v65536.r04	-	50000000	1	200004888	0	193
v-rad_v65536.r05	-	50000000	1	250004888	0	241
v-rad_v65536.r06	-	50000000	1	300004888	0	289
v-rad_v65536.r07	-	50000000	1	350004888	0	337
v-rad_v65536.r08	-	43064098	1	400004888	0	385
v-rad_v65536.rar	-	50000000	1	443068986	0	427
v-rad_v65536.sfv	-	270	1	493068986	0	475
