v-muse_dash_v1769472.nfo	-	7476	1	0	0	0
v-muse_dash_v1769472.r00	-	50000000	1	7476	0	1
v-muse_dash_v1769472.r01	-	50000000	1	50007476	0	49
v-muse_dash_v1769472.r02	-	50000000	1	100007476	0	97
v-muse_dash_v1769472.r03	-	50000000	1	150007476	0	145
v-muse_dash_v1769472.r04	-	50000000	1	200007476	0	193
v-muse_dash_v1769472.r05	-	50000000	1	250007476	0	241
v-muse_dash_v1769472.r06	-	50000000	1	300007476	0	289
v-muse_dash_v1769472.r07	-	50000000	1	350007476	0	337
v-muse_dash_v1769472.r08	-	50000000	1	400007476	0	385
v-muse_dash_v1769472.r09	-	50000000	1	450007476	0	433
v-muse_dash_v1769472.r10	-	50000000	1	500007476	0	481
v-muse_dash_v1769472.r11	-	50000000	1	12251264	1	12
v-muse_dash_v1769472.r12	-	50000000	1	62251264	1	60
v-muse_dash_v1769472.r13	-	50000000	1	112251264	1	108
v-muse_dash_v1769472.r14	-	50000000	1	162251264	1	156
v-muse_dash_v1769472.r15	-	50000000	1	212251264	1	204
v-muse_dash_v1769472.r16	-	50000000	1	262251264	1	252
v-muse_dash_v1769472.r17	-	50000000	1	312251264	1	300
v-muse_dash_v1769472.r18	-	50000000	1	362251264	1	348
v-muse_dash_v1769472.r19	-	50000000	1	412251264	1	396
v-muse_dash_v1769472.r20	-	50000000	1	462251264	1	444
v-muse_dash_v1769472.r21	-	50000000	1	512251264	1	492
v-muse_dash_v1769472.r22	-	50000000	1	24834176	2	24
v-muse_dash_v1769472.r23	-	50000000	1	74834176	2	72
v-muse_dash_v1769472.r24	-	50000000	1	124834176	2	120
v-muse_dash_v1769472.r25	-	50000000	1	174834176	2	168
v-muse_dash_v1769472.r26	-	50000000	1	224834176	2	216
v-muse_dash_v1769472.r27	-	50000000	1	274834176	2	264
v-muse_dash_v1769472.r28	-	50000000	1	324834176	2	312
v-muse_dash_v1769472.r29	-	50000000	1	374834176	2	360
v-muse_dash_v1769472.r30	-	50000000	1	424834176	2	408
v-muse_dash_v1769472.r31	-	50000000	1	474834176	2	456
v-muse_dash_v1769472.r32	-	50000000	1	524834176	2	504
v-muse_dash_v1769472.r33	-	50000000	1	37417088	3	36
v-muse_dash_v1769472.r34	-	50000000	1	87417088	3	84
v-muse_dash_v1769472.r35	-	50000000	1	137417088	3	132
v-muse_dash_v1769472.r36	-	50000000	1	187417088	3	180
v-muse_dash_v1769472.r37	-	50000000	1	237417088	3	228
v-muse_dash_v1769472.r38	-	50000000	1	287417088	3	276
v-muse_dash_v1769472.r39	-	50000000	1	337417088	3	324
v-muse_dash_v1769472.r40	-	50000000	1	387417088	3	372
v-muse_dash_v1769472.r41	-	50000000	1	437417088	3	420
v-muse_dash_v1769472.r42	-	50000000	1	487417088	3	468
v-muse_dash_v1769472.r43	-	50000000	1	0	4	0
v-muse_dash_v1769472.r44	-	50000000	1	50000000	4	48
v-muse_dash_v1769472.r45	-	50000000	1	100000000	4	96
v-muse_dash_v1769472.r46	-	50000000	1	150000000	4	144
v-muse_dash_v1769472.r47	-	50000000	1	200000000	4	192
v-muse_dash_v1769472.r48	-	50000000	1	250000000	4	240
v-muse_dash_v1769472.r49	-	50000000	1	300000000	4	288
v-muse_dash_v1769472.r50	-	50000000	1	350000000	4	336
v-muse_dash_v1769472.r51	-	50000000	1	400000000	4	384
v-muse_dash_v1769472.r52	-	50000000	1	450000000	4	432
v-muse_dash_v1769472.r53	-	50000000	1	500000000	4	480
v-muse_dash_v1769472.r54	-	50000000	1	12251264	5	12
v-muse_dash_v1769472.r55	-	50000000	1	62251264	5	60
v-muse_dash_v1769472.r56	-	50000000	1	112251264	5	108
v-muse_dash_v1769472.r57	-	50000000	1	162251264	5	156
v-muse_dash_v1769472.r58	-	50000000	1	212251264	5	204
v-muse_dash_v1769472.r59	-	50000000	1	262251264	5	252
v-muse_dash_v1769472.r60	-	50000000	1	312251264	5	300
v-muse_dash_v1769472.r61	-	50000000	1	362251264	5	348
v-muse_dash_v1769472.r62	-	50000000	1	412251264	5	396
v-muse_dash_v1769472.r63	-	50000000	1	462251264	5	444
v-muse_dash_v1769472.r64	-	50000000	1	512251264	5	492
v-muse_dash_v1769472.r65	-	50000000	1	24834176	6	24
v-muse_dash_v1769472.r66	-	11425767	1	74834176	6	72
v-muse_dash_v1769472.rar	-	50000000	1	86259943	6	83
v-muse_dash_v1769472.sfv	-	2380	1	136259943	6	131
