w-devilmaycry2.nfo	-	9338	1	0	0	0
w-devilmaycry2.r00	-	50000000	1	9338	0	1
w-devilmaycry2.r01	-	50000000	1	50009338	0	49
w-devilmaycry2.r02	-	50000000	1	100009338	0	97
w-devilmaycry2.r03	-	50000000	1	150009338	0	145
w-devilmaycry2.r04	-	50000000	1	200009338	0	193
w-devilmaycry2.r05	-	50000000	1	250009338	0	241
w-devilmaycry2.r06	-	50000000	1	300009338	0	289
w-devilmaycry2.r07	-	50000000	1	350009338	0	337
w-devilmaycry2.r08	-	50000000	1	400009338	0	385
w-devilmaycry2.r09	-	50000000	1	450009338	0	433
w-devilmaycry2.r10	-	50000000	1	500009338	0	481
w-devilmaycry2.r11	-	50000000	1	12251264	1	12
w-devilmaycry2.r12	-	50000000	1	62251264	1	60
w-devilmaycry2.r13	-	50000000	1	112251264	1	108
w-devilmaycry2.r14	-	50000000	1	162251264	1	156
w-devilmaycry2.r15	-	50000000	1	212251264	1	204
w-devilmaycry2.r16	-	50000000	1	262251264	1	252
w-devilmaycry2.r17	-	50000000	1	312251264	1	300
w-devilmaycry2.r18	-	50000000	1	362251264	1	348
w-devilmaycry2.r19	-	50000000	1	412251264	1	396
w-devilmaycry2.r20	-	50000000	1	462251264	1	444
w-devilmaycry2.r21	-	50000000	1	512251264	1	492
w-devilmaycry2.r22	-	50000000	1	24834176	2	24
w-devilmaycry2.r23	-	50000000	1	74834176	2	72
w-devilmaycry2.r24	-	50000000	1	124834176	2	120
w-devilmaycry2.r25	-	50000000	1	174834176	2	168
w-devilmaycry2.r26	-	50000000	1	224834176	2	216
w-devilmaycry2.r27	-	50000000	1	274834176	2	264
w-devilmaycry2.r28	-	50000000	1	324834176	2	312
w-devilmaycry2.r29	-	50000000	1	374834176	2	360
w-devilmaycry2.r30	-	50000000	1	424834176	2	408
w-devilmaycry2.r31	-	50000000	1	474834176	2	456
w-devilmaycry2.r32	-	50000000	1	524834176	2	504
w-devilmaycry2.r33	-	50000000	1	37417088	3	36
w-devilmaycry2.r34	-	50000000	1	87417088	3	84
w-devilmaycry2.r35	-	50000000	1	137417088	3	132
w-devilmaycry2.r36	-	50000000	1	187417088	3	180
w-devilmaycry2.r37	-	10777807	1	237417088	3	228
w-devilmaycry2.rar	-	50000000	1	248194895	3	239
w-devilmaycry2.sfv	-	1131	1	298194895	3	287
