i-usj2k20_v65536.nfo	-	1190	1	0	0	0
i-usj2k20_v65536.r00	-	50000000	1	1190	0	1
i-usj2k20_v65536.r01	-	50000000	1	50001190	0	49
i-usj2k20_v65536.r02	-	50000000	1	100001190	0	97
i-usj2k20_v65536.r03	-	50000000	1	150001190	0	145
i-usj2k20_v65536.r04	-	50000000	1	200001190	0	193
i-usj2k20_v65536.r05	-	50000000	1	250001190	0	241
i-usj2k20_v65536.r06	-	50000000	1	300001190	0	289
i-usj2k20_v65536.r07	-	50000000	1	350001190	0	337
i-usj2k20_v65536.r08	-	50000000	1	400001190	0	385
i-usj2k20_v65536.r09	-	50000000	1	450001190	0	433
i-usj2k20_v65536.r10	-	50000000	1	500001190	0	481
i-usj2k20_v65536.r11	-	50000000	1	12251264	1	12
i-usj2k20_v65536.r12	-	50000000	1	62251264	1	60
i-usj2k20_v65536.r13	-	50000000	1	112251264	1	108
i-usj2k20_v65536.r14	-	50000000	1	162251264	1	156
i-usj2k20_v65536.r15	-	50000000	1	212251264	1	204
i-usj2k20_v65536.r16	-	50000000	1	262251264	1	252
i-usj2k20_v65536.r17	-	50000000	1	312251264	1	300
i-usj2k20_v65536.r18	-	50000000	1	362251264	1	348
i-usj2k20_v65536.r19	-	50000000	1	412251264	1	396
i-usj2k20_v65536.r20	-	50000000	1	462251264	1	444
i-usj2k20_v65536.r21	-	50000000	1	512251264	1	492
i-usj2k20_v65536.r22	-	50000000	1	24834176	2	24
i-usj2k20_v65536.r23	-	17151093	1	74834176	2	72
i-usj2k20_v65536.rar	-	50000000	1	91985269	2	89
i-usj2k20_v65536.sfv	-	775	1	141985269	2	137
