sxs-fallout_shelter_v131072.nfo	-	6291	1	0	0	0
sxs-fallout_shelter_v131072.r00	-	50000000	1	6291	0	1
sxs-fallout_shelter_v131072.r01	-	50000000	1	50006291	0	49
sxs-fallout_shelter_v131072.r02	-	50000000	1	100006291	0	97
sxs-fallout_shelter_v131072.r03	-	50000000	1	150006291	0	145
sxs-fallout_shelter_v131072.r04	-	50000000	1	200006291	0	193
sxs-fallout_shelter_v131072.r05	-	50000000	1	250006291	0	241
sxs-fallout_shelter_v131072.r06	-	50000000	1	300006291	0	289
sxs-fallout_shelter_v131072.r07	-	50000000	1	350006291	0	337
sxs-fallout_shelter_v131072.r08	-	50000000	1	400006291	0	385
sxs-fallout_shelter_v131072.r09	-	12110487	1	450006291	0	433
sxs-fallout_shelter_v131072.rar	-	50000000	1	462116778	0	445
sxs-fallout_shelter_v131072.sfv	-	462	1	512116778	0	493
