hr-at8aav104.nfo	-	20150	1	0	0	0
hr-at8aav104.r00	-	50000000	1	20150	0	1
hr-at8aav104.r01	-	50000000	1	50020150	0	49
hr-at8aav104.r02	-	50000000	1	100020150	0	97
hr-at8aav104.r03	-	50000000	1	150020150	0	145
hr-at8aav104.r04	-	50000000	1	200020150	0	193
hr-at8aav104.r05	-	50000000	1	250020150	0	241
hr-at8aav104.r06	-	50000000	1	300020150	0	289
hr-at8aav104.r07	-	50000000	1	350020150	0	337
hr-at8aav104.r08	-	10176803	1	400020150	0	385
hr-at8aav104.rar	-	50000000	1	410196953	0	395
hr-at8aav104.sfv	-	270	1	460196953	0	443
