sxs-farm_together_v917504.nfo	-	7460	1	0	0	0
sxs-farm_together_v917504.r00	-	50000000	1	7460	0	1
sxs-farm_together_v917504.r01	-	50000000	1	50007460	0	49
sxs-farm_together_v917504.r02	-	50000000	1	100007460	0	97
sxs-farm_together_v917504.r03	-	50000000	1	150007460	0	145
sxs-farm_together_v917504.r04	-	50000000	1	200007460	0	193
sxs-farm_together_v917504.r05	-	50000000	1	250007460	0	241
sxs-farm_together_v917504.r06	-	50000000	1	300007460	0	289
sxs-farm_together_v917504.r07	-	50000000	1	350007460	0	337
sxs-farm_together_v917504.r08	-	50000000	1	400007460	0	385
sxs-farm_together_v917504.r09	-	50000000	1	450007460	0	433
sxs-farm_together_v917504.r10	-	50000000	1	500007460	0	481
sxs-farm_together_v917504.r11	-	50000000	1	12251264	1	12
sxs-farm_together_v917504.r12	-	49690375	1	62251264	1	60
sxs-farm_together_v917504.rar	-	50000000	1	111941639	1	108
sxs-farm_together_v917504.sfv	-	560	1	161941639	1	156
