sxs-kingdom_two_crowns_v1376256.nfo	-	6836	1	0	0	0
sxs-kingdom_two_crowns_v1376256.r00	-	50000000	1	6836	0	1
sxs-kingdom_two_crowns_v1376256.r01	-	50000000	1	50006836	0	49
sxs-kingdom_two_crowns_v1376256.r02	-	50000000	1	100006836	0	97
sxs-kingdom_two_crowns_v1376256.r03	-	50000000	1	150006836	0	145
sxs-kingdom_two_crowns_v1376256.r04	-	50000000	1	200006836	0	193
sxs-kingdom_two_crowns_v1376256.r05	-	50000000	1	250006836	0	241
sxs-kingdom_two_crowns_v1376256.r06	-	50000000	1	300006836	0	289
sxs-kingdom_two_crowns_v1376256.r07	-	50000000	1	350006836	0	337
sxs-kingdom_two_crowns_v1376256.r08	-	50000000	1	400006836	0	385
sxs-kingdom_two_crowns_v1376256.r09	-	50000000	1	450006836	0	433
sxs-kingdom_two_crowns_v1376256.r10	-	50000000	1	500006836	0	481
sxs-kingdom_two_crowns_v1376256.r11	-	50000000	1	12251264	1	12
sxs-kingdom_two_crowns_v1376256.r12	-	50000000	1	62251264	1	60
sxs-kingdom_two_crowns_v1376256.r13	-	50000000	1	112251264	1	108
sxs-kingdom_two_crowns_v1376256.r14	-	50000000	1	162251264	1	156
sxs-kingdom_two_crowns_v1376256.r15	-	50000000	1	212251264	1	204
sxs-kingdom_two_crowns_v1376256.r16	-	50000000	1	262251264	1	252
sxs-kingdom_two_crowns_v1376256.r17	-	50000000	1	312251264	1	300
sxs-kingdom_two_crowns_v1376256.r18	-	50000000	1	362251264	1	348
sxs-kingdom_two_crowns_v1376256.r19	-	50000000	1	412251264	1	396
sxs-kingdom_two_crowns_v1376256.r20	-	50000000	1	462251264	1	444
sxs-kingdom_two_crowns_v1376256.r21	-	50000000	1	512251264	1	492
sxs-kingdom_two_crowns_v1376256.r22	-	50000000	1	24834176	2	24
sxs-kingdom_two_crowns_v1376256.r23	-	50000000	1	74834176	2	72
sxs-kingdom_two_crowns_v1376256.r24	-	50000000	1	124834176	2	120
sxs-kingdom_two_crowns_v1376256.r25	-	50000000	1	174834176	2	168
sxs-kingdom_two_crowns_v1376256.r26	-	50000000	1	224834176	2	216
sxs-kingdom_two_crowns_v1376256.r27	-	50000000	1	274834176	2	264
sxs-kingdom_two_crowns_v1376256.r28	-	50000000	1	324834176	2	312
sxs-kingdom_two_crowns_v1376256.r29	-	50000000	1	374834176	2	360
sxs-kingdom_two_crowns_v1376256.r30	-	50000000	1	424834176	2	408
sxs-kingdom_two_crowns_v1376256.r31	-	50000000	1	474834176	2	456
sxs-kingdom_two_crowns_v1376256.r32	-	7690313	1	524834176	2	504
sxs-kingdom_two_crowns_v1376256.rar	-	50000000	1	532524489	2	512
sxs-kingdom_two_crowns_v1376256.sfv	-	1564	1	44757120	3	43
