jrp-h-aaaca1-back.jpg	-	2050771	1	0	0	0
jrp-h-aaaca1-front.jpg	-	1990601	1	2050771	0	2
jrp-h-aaaca1.nfo	-	6009	1	4041372	0	4
jrp-h-aaaca1.part01.rar	-	250000000	1	4047381	0	5
jrp-h-aaaca1.part02.rar	-	250000000	1	254047381	0	244
jrp-h-aaaca1.part03.rar	-	250000000	1	504047381	0	483
jrp-h-aaaca1.part04.rar	-	250000000	1	216445568	1	207
jrp-h-aaaca1.part05.rar	-	250000000	1	466445568	1	446
jrp-h-aaaca1.part06.rar	-	250000000	1	178696832	2	171
jrp-h-aaaca1.part07.rar	-	250000000	1	428696832	2	410
jrp-h-aaaca1.part08.rar	-	250000000	1	140948096	3	135
jrp-h-aaaca1.part09.rar	-	250000000	1	390948096	3	374
jrp-h-aaaca1.part10.rar	-	250000000	1	103199360	4	99
jrp-h-aaaca1.part11.rar	-	250000000	1	353199360	4	338
jrp-h-aaaca1.part12.rar	-	250000000	1	65450624	5	63
jrp-h-aaaca1.part13.rar	-	250000000	1	315450624	5	302
jrp-h-aaaca1.part14.rar	-	250000000	1	27701888	6	27
jrp-h-aaaca1.part15.rar	-	250000000	1	277701888	6	266
jrp-h-aaaca1.part16.rar	-	250000000	1	527701888	6	505
jrp-h-aaaca1.part17.rar	-	250000000	1	240562816	7	230
jrp-h-aaaca1.part18.rar	-	250000000	1	490562816	7	469
jrp-h-aaaca1.part19.rar	-	250000000	1	202814080	8	194
jrp-h-aaaca1.part20.rar	-	250000000	1	452814080	8	433
jrp-h-aaaca1.part21.rar	-	250000000	1	165065344	9	158
jrp-h-aaaca1.part22.rar	-	250000000	1	415065344	9	397
jrp-h-aaaca1.part23.rar	-	250000000	1	127316608	10	122
jrp-h-aaaca1.part24.rar	-	250000000	1	377316608	10	361
jrp-h-aaaca1.part25.rar	-	589554	1	89567872	11	86
jrp-h-aaaca1.sfv	-	850	1	90157426	11	87
