Proof	d	0	1	0	0	0
Proof/v-orochi.jpg	-	69615	1	0	0	0
v-orochi.nfo	-	3874	1	69615	0	1
v-orochi.r00	-	200000000	1	73489	0	2
v-orochi.r01	-	200000000	1	200073489	0	193
v-orochi.r02	-	200000000	1	400073489	0	384
v-orochi.r03	-	200000000	1	62636544	1	60
v-orochi.r04	-	200000000	1	262636544	1	251
v-orochi.r05	-	200000000	1	462636544	1	442
v-orochi.r06	-	200000000	1	125551104	2	120
v-orochi.r07	-	200000000	1	325551104	2	311
v-orochi.r08	-	200000000	1	525551104	2	502
v-orochi.r09	-	200000000	1	188465664	3	180
v-orochi.r10	-	200000000	1	388465664	3	371
v-orochi.r11	-	200000000	1	51102208	4	49
v-orochi.r12	-	200000000	1	251102208	4	240
v-orochi.r13	-	200000000	1	451102208	4	431
v-orochi.r14	-	200000000	1	114016768	5	109
v-orochi.r15	-	200000000	1	314016768	5	300
v-orochi.r16	-	200000000	1	514016768	5	491
v-orochi.r17	-	200000000	1	176931328	6	169
v-orochi.r18	-	200000000	1	376931328	6	360
v-orochi.r19	-	200000000	1	39567872	7	38
v-orochi.r20	-	200000000	1	239567872	7	229
v-orochi.r21	-	200000000	1	439567872	7	420
v-orochi.r22	-	200000000	1	102482432	8	98
v-orochi.r23	-	200000000	1	302482432	8	289
v-orochi.r24	-	200000000	1	502482432	8	480
v-orochi.r25	-	200000000	1	165396992	9	158
v-orochi.r26	-	200000000	1	365396992	9	349
v-orochi.r27	-	200000000	1	28033536	10	27
v-orochi.r28	-	200000000	1	228033536	10	218
v-orochi.r29	-	200000000	1	428033536	10	409
v-orochi.r30	-	200000000	1	90948096	11	87
v-orochi.r31	-	200000000	1	290948096	11	278
v-orochi.r32	-	200000000	1	490948096	11	469
v-orochi.r33	-	200000000	1	153862656	12	147
v-orochi.r34	-	200000000	1	353862656	12	338
v-orochi.r35	-	200000000	1	16499200	13	16
v-orochi.r36	-	200000000	1	216499200	13	207
v-orochi.r37	-	200000000	1	416499200	13	398
v-orochi.r38	-	200000000	1	79413760	14	76
v-orochi.r39	-	200000000	1	279413760	14	267
v-orochi.r40	-	200000000	1	479413760	14	458
v-orochi.r41	-	200000000	1	142328320	15	136
v-orochi.r42	-	200000000	1	342328320	15	327
v-orochi.r43	-	200000000	1	4964864	16	5
v-orochi.r44	-	200000000	1	204964864	16	196
v-orochi.r45	-	200000000	1	404964864	16	387
v-orochi.r46	-	200000000	1	67879424	17	65
v-orochi.r47	-	200000000	1	267879424	17	256
v-orochi.r48	-	200000000	1	467879424	17	447
v-orochi.r49	-	200000000	1	130793984	18	125
v-orochi.r50	-	200000000	1	330793984	18	316
v-orochi.r51	-	200000000	1	530793984	18	507
v-orochi.r52	-	200000000	1	193708544	19	185
v-orochi.r53	-	200000000	1	393708544	19	376
v-orochi.r54	-	200000000	1	56345088	20	54
v-orochi.r55	-	200000000	1	256345088	20	245
v-orochi.r56	-	200000000	1	456345088	20	436
v-orochi.r57	-	200000000	1	119259648	21	114
v-orochi.r58	-	200000000	1	319259648	21	305
v-orochi.r59	-	200000000	1	519259648	21	496
v-orochi.r60	-	200000000	1	182174208	22	174
v-orochi.r61	-	200000000	1	382174208	22	365
v-orochi.r62	-	200000000	1	44810752	23	43
v-orochi.r63	-	200000000	1	244810752	23	234
v-orochi.r64	-	150813840	1	444810752	23	425
v-orochi.rar	-	200000000	1	58539152	24	56
v-orochi.sfv	-	1518	1	258539152	24	247
