sxs-minecraft_dungeons_v720896.nfo	-	5588	1	0	0	0
sxs-minecraft_dungeons_v720896.r00	-	50000000	1	5588	0	1
sxs-minecraft_dungeons_v720896.r01	-	50000000	1	50005588	0	49
sxs-minecraft_dungeons_v720896.r02	-	50000000	1	100005588	0	97
sxs-minecraft_dungeons_v720896.r03	-	50000000	1	150005588	0	145
sxs-minecraft_dungeons_v720896.r04	-	50000000	1	200005588	0	193
sxs-minecraft_dungeons_v720896.r05	-	50000000	1	250005588	0	241
sxs-minecraft_dungeons_v720896.r06	-	50000000	1	300005588	0	289
sxs-minecraft_dungeons_v720896.r07	-	50000000	1	350005588	0	337
sxs-minecraft_dungeons_v720896.r08	-	50000000	1	400005588	0	385
sxs-minecraft_dungeons_v720896.r09	-	50000000	1	450005588	0	433
sxs-minecraft_dungeons_v720896.r10	-	50000000	1	500005588	0	481
sxs-minecraft_dungeons_v720896.r11	-	50000000	1	12251264	1	12
sxs-minecraft_dungeons_v720896.r12	-	50000000	1	62251264	1	60
sxs-minecraft_dungeons_v720896.r13	-	50000000	1	112251264	1	108
sxs-minecraft_dungeons_v720896.r14	-	50000000	1	162251264	1	156
sxs-minecraft_dungeons_v720896.r15	-	50000000	1	212251264	1	204
sxs-minecraft_dungeons_v720896.r16	-	50000000	1	262251264	1	252
sxs-minecraft_dungeons_v720896.r17	-	50000000	1	312251264	1	300
sxs-minecraft_dungeons_v720896.r18	-	50000000	1	362251264	1	348
sxs-minecraft_dungeons_v720896.r19	-	50000000	1	412251264	1	396
sxs-minecraft_dungeons_v720896.r20	-	50000000	1	462251264	1	444
sxs-minecraft_dungeons_v720896.r21	-	50000000	1	512251264	1	492
sxs-minecraft_dungeons_v720896.r22	-	50000000	1	24834176	2	24
sxs-minecraft_dungeons_v720896.r23	-	50000000	1	74834176	2	72
sxs-minecraft_dungeons_v720896.r24	-	50000000	1	124834176	2	120
sxs-minecraft_dungeons_v720896.r25	-	50000000	1	174834176	2	168
sxs-minecraft_dungeons_v720896.r26	-	50000000	1	224834176	2	216
sxs-minecraft_dungeons_v720896.r27	-	50000000	1	274834176	2	264
sxs-minecraft_dungeons_v720896.r28	-	50000000	1	324834176	2	312
sxs-minecraft_dungeons_v720896.r29	-	50000000	1	374834176	2	360
sxs-minecraft_dungeons_v720896.r30	-	50000000	1	424834176	2	408
sxs-minecraft_dungeons_v720896.r31	-	50000000	1	474834176	2	456
sxs-minecraft_dungeons_v720896.r32	-	50000000	1	524834176	2	504
sxs-minecraft_dungeons_v720896.r33	-	50000000	1	37417088	3	36
sxs-minecraft_dungeons_v720896.r34	-	50000000	1	87417088	3	84
sxs-minecraft_dungeons_v720896.r35	-	50000000	1	137417088	3	132
sxs-minecraft_dungeons_v720896.r36	-	50000000	1	187417088	3	180
sxs-minecraft_dungeons_v720896.r37	-	50000000	1	237417088	3	228
sxs-minecraft_dungeons_v720896.r38	-	50000000	1	287417088	3	276
sxs-minecraft_dungeons_v720896.r39	-	50000000	1	337417088	3	324
sxs-minecraft_dungeons_v720896.r40	-	50000000	1	387417088	3	372
sxs-minecraft_dungeons_v720896.r41	-	50000000	1	437417088	3	420
sxs-minecraft_dungeons_v720896.r42	-	50000000	1	487417088	3	468
sxs-minecraft_dungeons_v720896.r43	-	50000000	1	0	4	0
sxs-minecraft_dungeons_v720896.r44	-	50000000	1	50000000	4	48
sxs-minecraft_dungeons_v720896.r45	-	50000000	1	100000000	4	96
sxs-minecraft_dungeons_v720896.r46	-	50000000	1	150000000	4	144
sxs-minecraft_dungeons_v720896.r47	-	50000000	1	200000000	4	192
sxs-minecraft_dungeons_v720896.r48	-	50000000	1	250000000	4	240
sxs-minecraft_dungeons_v720896.r49	-	50000000	1	300000000	4	288
sxs-minecraft_dungeons_v720896.r50	-	50000000	1	350000000	4	336
sxs-minecraft_dungeons_v720896.r51	-	50000000	1	400000000	4	384
sxs-minecraft_dungeons_v720896.r52	-	50000000	1	450000000	4	432
sxs-minecraft_dungeons_v720896.r53	-	50000000	1	500000000	4	480
sxs-minecraft_dungeons_v720896.r54	-	50000000	1	12251264	5	12
sxs-minecraft_dungeons_v720896.r55	-	15616575	1	62251264	5	60
sxs-minecraft_dungeons_v720896.rar	-	50000000	1	77867839	5	75
sxs-minecraft_dungeons_v720896.sfv	-	2565	1	127867839	5	123
