v-youtubers_life_2_v327680.nfo	-	8476	1	0	0	0
v-youtubers_life_2_v327680.r00	-	50000000	1	8476	0	1
v-youtubers_life_2_v327680.r01	-	50000000	1	50008476	0	49
v-youtubers_life_2_v327680.r02	-	50000000	1	100008476	0	97
v-youtubers_life_2_v327680.r03	-	50000000	1	150008476	0	145
v-youtubers_life_2_v327680.r04	-	50000000	1	200008476	0	193
v-youtubers_life_2_v327680.r05	-	50000000	1	250008476	0	241
v-youtubers_life_2_v327680.r06	-	50000000	1	300008476	0	289
v-youtubers_life_2_v327680.r07	-	50000000	1	350008476	0	337
v-youtubers_life_2_v327680.r08	-	50000000	1	400008476	0	385
v-youtubers_life_2_v327680.r09	-	50000000	1	450008476	0	433
v-youtubers_life_2_v327680.r10	-	50000000	1	500008476	0	481
v-youtubers_life_2_v327680.r11	-	50000000	1	12251264	1	12
v-youtubers_life_2_v327680.r12	-	50000000	1	62251264	1	60
v-youtubers_life_2_v327680.r13	-	50000000	1	112251264	1	108
v-youtubers_life_2_v327680.r14	-	50000000	1	162251264	1	156
v-youtubers_life_2_v327680.r15	-	50000000	1	212251264	1	204
v-youtubers_life_2_v327680.r16	-	50000000	1	262251264	1	252
v-youtubers_life_2_v327680.r17	-	50000000	1	312251264	1	300
v-youtubers_life_2_v327680.r18	-	50000000	1	362251264	1	348
v-youtubers_life_2_v327680.r19	-	50000000	1	412251264	1	396
v-youtubers_life_2_v327680.r20	-	50000000	1	462251264	1	444
v-youtubers_life_2_v327680.r21	-	50000000	1	512251264	1	492
v-youtubers_life_2_v327680.r22	-	50000000	1	24834176	2	24
v-youtubers_life_2_v327680.r23	-	50000000	1	74834176	2	72
v-youtubers_life_2_v327680.r24	-	50000000	1	124834176	2	120
v-youtubers_life_2_v327680.r25	-	50000000	1	174834176	2	168
v-youtubers_life_2_v327680.r26	-	50000000	1	224834176	2	216
v-youtubers_life_2_v327680.r27	-	50000000	1	274834176	2	264
v-youtubers_life_2_v327680.r28	-	50000000	1	324834176	2	312
v-youtubers_life_2_v327680.r29	-	50000000	1	374834176	2	360
v-youtubers_life_2_v327680.r30	-	50000000	1	424834176	2	408
v-youtubers_life_2_v327680.r31	-	50000000	1	474834176	2	456
v-youtubers_life_2_v327680.r32	-	50000000	1	524834176	2	504
v-youtubers_life_2_v327680.r33	-	50000000	1	37417088	3	36
v-youtubers_life_2_v327680.r34	-	50000000	1	87417088	3	84
v-youtubers_life_2_v327680.r35	-	50000000	1	137417088	3	132
v-youtubers_life_2_v327680.r36	-	50000000	1	187417088	3	180
v-youtubers_life_2_v327680.r37	-	50000000	1	237417088	3	228
v-youtubers_life_2_v327680.r38	-	50000000	1	287417088	3	276
v-youtubers_life_2_v327680.r39	-	50000000	1	337417088	3	324
v-youtubers_life_2_v327680.r40	-	50000000	1	387417088	3	372
v-youtubers_life_2_v327680.r41	-	50000000	1	437417088	3	420
v-youtubers_life_2_v327680.r42	-	50000000	1	487417088	3	468
v-youtubers_life_2_v327680.r43	-	50000000	1	0	4	0
v-youtubers_life_2_v327680.r44	-	50000000	1	50000000	4	48
v-youtubers_life_2_v327680.r45	-	50000000	1	100000000	4	96
v-youtubers_life_2_v327680.r46	-	50000000	1	150000000	4	144
v-youtubers_life_2_v327680.r47	-	50000000	1	200000000	4	192
v-youtubers_life_2_v327680.r48	-	50000000	1	250000000	4	240
v-youtubers_life_2_v327680.r49	-	50000000	1	300000000	4	288
v-youtubers_life_2_v327680.r50	-	50000000	1	350000000	4	336
v-youtubers_life_2_v327680.r51	-	37449079	1	400000000	4	384
v-youtubers_life_2_v327680.rar	-	50000000	1	437449079	4	420
v-youtubers_life_2_v327680.sfv	-	2173	1	487449079	4	468
