sxs-deadly_days.nfo	-	6056	1	0	0	0
sxs-deadly_days.r00	-	50000000	1	6056	0	1
sxs-deadly_days.r01	-	50000000	1	50006056	0	49
sxs-deadly_days.r02	-	50000000	1	100006056	0	97
sxs-deadly_days.r03	-	50000000	1	150006056	0	145
sxs-deadly_days.r04	-	50000000	1	200006056	0	193
sxs-deadly_days.r05	-	50000000	1	250006056	0	241
sxs-deadly_days.r06	-	50000000	1	300006056	0	289
sxs-deadly_days.r07	-	50000000	1	350006056	0	337
sxs-deadly_days.r08	-	50000000	1	400006056	0	385
sxs-deadly_days.r09	-	50000000	1	450006056	0	433
sxs-deadly_days.r10	-	50000000	1	500006056	0	481
sxs-deadly_days.r11	-	50000000	1	12251264	1	12
sxs-deadly_days.r12	-	50000000	1	62251264	1	60
sxs-deadly_days.r13	-	50000000	1	112251264	1	108
sxs-deadly_days.r14	-	50000000	1	162251264	1	156
sxs-deadly_days.r15	-	50000000	1	212251264	1	204
sxs-deadly_days.r16	-	50000000	1	262251264	1	252
sxs-deadly_days.r17	-	2305342	1	312251264	1	300
sxs-deadly_days.rar	-	50000000	1	314556606	1	303
sxs-deadly_days.sfv	-	570	1	364556606	1	351
