sxs-itadaki_smash.nfo	-	4730	1	0	0	0
sxs-itadaki_smash.r00	-	50000000	1	4730	0	1
sxs-itadaki_smash.r01	-	50000000	1	50004730	0	49
sxs-itadaki_smash.r02	-	50000000	1	100004730	0	97
sxs-itadaki_smash.r03	-	50000000	1	150004730	0	145
sxs-itadaki_smash.r04	-	50000000	1	200004730	0	193
sxs-itadaki_smash.r05	-	50000000	1	250004730	0	241
sxs-itadaki_smash.r06	-	50000000	1	300004730	0	289
sxs-itadaki_smash.r07	-	50000000	1	350004730	0	337
sxs-itadaki_smash.r08	-	50000000	1	400004730	0	385
sxs-itadaki_smash.r09	-	50000000	1	450004730	0	433
sxs-itadaki_smash.r10	-	50000000	1	500004730	0	481
sxs-itadaki_smash.r11	-	50000000	1	12251264	1	12
sxs-itadaki_smash.r12	-	50000000	1	62251264	1	60
sxs-itadaki_smash.r13	-	50000000	1	112251264	1	108
sxs-itadaki_smash.r14	-	50000000	1	162251264	1	156
sxs-itadaki_smash.r15	-	50000000	1	212251264	1	204
sxs-itadaki_smash.r16	-	50000000	1	262251264	1	252
sxs-itadaki_smash.r17	-	50000000	1	312251264	1	300
sxs-itadaki_smash.r18	-	50000000	1	362251264	1	348
sxs-itadaki_smash.r19	-	50000000	1	412251264	1	396
sxs-itadaki_smash.r20	-	50000000	1	462251264	1	444
sxs-itadaki_smash.r21	-	50000000	1	512251264	1	492
sxs-itadaki_smash.r22	-	50000000	1	24834176	2	24
sxs-itadaki_smash.r23	-	50000000	1	74834176	2	72
sxs-itadaki_smash.r24	-	50000000	1	124834176	2	120
sxs-itadaki_smash.r25	-	50000000	1	174834176	2	168
sxs-itadaki_smash.r26	-	50000000	1	224834176	2	216
sxs-itadaki_smash.r27	-	50000000	1	274834176	2	264
sxs-itadaki_smash.r28	-	50000000	1	324834176	2	312
sxs-itadaki_smash.r29	-	50000000	1	374834176	2	360
sxs-itadaki_smash.r30	-	50000000	1	424834176	2	408
sxs-itadaki_smash.r31	-	50000000	1	474834176	2	456
sxs-itadaki_smash.r32	-	50000000	1	524834176	2	504
sxs-itadaki_smash.r33	-	50000000	1	37417088	3	36
sxs-itadaki_smash.r34	-	50000000	1	87417088	3	84
sxs-itadaki_smash.r35	-	50000000	1	137417088	3	132
sxs-itadaki_smash.r36	-	50000000	1	187417088	3	180
sxs-itadaki_smash.r37	-	50000000	1	237417088	3	228
sxs-itadaki_smash.r38	-	50000000	1	287417088	3	276
sxs-itadaki_smash.r39	-	50000000	1	337417088	3	324
sxs-itadaki_smash.r40	-	13249099	1	387417088	3	372
sxs-itadaki_smash.rar	-	50000000	1	400666187	3	385
sxs-itadaki_smash.sfv	-	1344	1	450666187	3	433
