n-tlhon.nfo	-	6072	1	0	0	0
n-tlhon.r00	-	100000000	1	6072	0	1
n-tlhon.r01	-	100000000	1	100006072	0	97
n-tlhon.r02	-	100000000	1	200006072	0	193
n-tlhon.r03	-	100000000	1	300006072	0	289
n-tlhon.r04	-	100000000	1	400006072	0	385
n-tlhon.r05	-	100000000	1	500006072	0	481
n-tlhon.r06	-	100000000	1	62251264	1	60
n-tlhon.r07	-	100000000	1	162251264	1	156
n-tlhon.r08	-	100000000	1	262251264	1	252
n-tlhon.r09	-	100000000	1	362251264	1	348
n-tlhon.r10	-	100000000	1	462251264	1	444
n-tlhon.r11	-	100000000	1	24502528	2	24
n-tlhon.r12	-	100000000	1	124502528	2	120
n-tlhon.r13	-	100000000	1	224502528	2	216
n-tlhon.r14	-	100000000	1	324502528	2	312
n-tlhon.r15	-	100000000	1	424502528	2	408
n-tlhon.r16	-	100000000	1	524502528	2	504
n-tlhon.r17	-	100000000	1	87417088	3	84
n-tlhon.r18	-	100000000	1	187417088	3	180
n-tlhon.r19	-	100000000	1	287417088	3	276
n-tlhon.r20	-	100000000	1	387417088	3	372
n-tlhon.r21	-	100000000	1	487417088	3	468
n-tlhon.r22	-	100000000	1	49668352	4	48
n-tlhon.r23	-	100000000	1	149668352	4	144
n-tlhon.r24	-	100000000	1	249668352	4	240
n-tlhon.r25	-	100000000	1	349668352	4	336
n-tlhon.r26	-	100000000	1	449668352	4	432
n-tlhon.r27	-	100000000	1	11919616	5	12
n-tlhon.r28	-	100000000	1	111919616	5	108
n-tlhon.r29	-	100000000	1	211919616	5	204
n-tlhon.r30	-	100000000	1	311919616	5	300
n-tlhon.r31	-	100000000	1	411919616	5	396
n-tlhon.r32	-	100000000	1	511919616	5	492
n-tlhon.r33	-	100000000	1	74834176	6	72
n-tlhon.r34	-	100000000	1	174834176	6	168
n-tlhon.r35	-	100000000	1	274834176	6	264
n-tlhon.r36	-	100000000	1	374834176	6	360
n-tlhon.r37	-	100000000	1	474834176	6	456
n-tlhon.r38	-	100000000	1	37085440	7	36
n-tlhon.r39	-	100000000	1	137085440	7	132
n-tlhon.r40	-	100000000	1	237085440	7	228
n-tlhon.r41	-	100000000	1	337085440	7	324
n-tlhon.r42	-	100000000	1	437085440	7	420
n-tlhon.r43	-	100000000	1	0	8	0
n-tlhon.r44	-	100000000	1	100000000	8	96
n-tlhon.r45	-	100000000	1	200000000	8	192
n-tlhon.r46	-	100000000	1	300000000	8	288
n-tlhon.r47	-	100000000	1	400000000	8	384
n-tlhon.r48	-	100000000	1	500000000	8	480
n-tlhon.r49	-	34939556	1	62251264	9	60
n-tlhon.rar	-	100000000	1	97190820	9	94
n-tlhon.sfv	-	1122	1	197190820	9	190
