sxs-megalan_11.nfo	-	4340	1	0	0	0
sxs-megalan_11.r00	-	50000000	1	4340	0	1
sxs-megalan_11.r01	-	50000000	1	50004340	0	49
sxs-megalan_11.r02	-	50000000	1	100004340	0	97
sxs-megalan_11.r03	-	50000000	1	150004340	0	145
sxs-megalan_11.r04	-	50000000	1	200004340	0	193
sxs-megalan_11.r05	-	50000000	1	250004340	0	241
sxs-megalan_11.r06	-	50000000	1	300004340	0	289
sxs-megalan_11.r07	-	50000000	1	350004340	0	337
sxs-megalan_11.r08	-	50000000	1	400004340	0	385
sxs-megalan_11.r09	-	50000000	1	450004340	0	433
sxs-megalan_11.r10	-	50000000	1	500004340	0	481
sxs-megalan_11.r11	-	39717721	1	12251264	1	12
sxs-megalan_11.rar	-	50000000	1	51968985	1	50
sxs-megalan_11.sfv	-	377	1	101968985	1	98
