sxs-kill_la_kill_if_v131072.nfo	-	3794	1	0	0	0
sxs-kill_la_kill_if_v131072.r00	-	50000000	1	3794	0	1
sxs-kill_la_kill_if_v131072.r01	-	50000000	1	50003794	0	49
sxs-kill_la_kill_if_v131072.r02	-	50000000	1	100003794	0	97
sxs-kill_la_kill_if_v131072.r03	-	50000000	1	150003794	0	145
sxs-kill_la_kill_if_v131072.r04	-	50000000	1	200003794	0	193
sxs-kill_la_kill_if_v131072.r05	-	50000000	1	250003794	0	241
sxs-kill_la_kill_if_v131072.r06	-	50000000	1	300003794	0	289
sxs-kill_la_kill_if_v131072.r07	-	50000000	1	350003794	0	337
sxs-kill_la_kill_if_v131072.r08	-	50000000	1	400003794	0	385
sxs-kill_la_kill_if_v131072.r09	-	50000000	1	450003794	0	433
sxs-kill_la_kill_if_v131072.r10	-	50000000	1	500003794	0	481
sxs-kill_la_kill_if_v131072.r11	-	50000000	1	12251264	1	12
sxs-kill_la_kill_if_v131072.r12	-	50000000	1	62251264	1	60
sxs-kill_la_kill_if_v131072.r13	-	50000000	1	112251264	1	108
sxs-kill_la_kill_if_v131072.r14	-	50000000	1	162251264	1	156
sxs-kill_la_kill_if_v131072.r15	-	50000000	1	212251264	1	204
sxs-kill_la_kill_if_v131072.r16	-	50000000	1	262251264	1	252
sxs-kill_la_kill_if_v131072.r17	-	50000000	1	312251264	1	300
sxs-kill_la_kill_if_v131072.r18	-	50000000	1	362251264	1	348
sxs-kill_la_kill_if_v131072.r19	-	26757967	1	412251264	1	396
sxs-kill_la_kill_if_v131072.rar	-	50000000	1	439009231	1	422
sxs-kill_la_kill_if_v131072.sfv	-	882	1	489009231	1	470
