sxs-oninaki_v131072.nfo	-	3638	1	0	0	0
sxs-oninaki_v131072.r00	-	50000000	1	3638	0	1
sxs-oninaki_v131072.r01	-	50000000	1	50003638	0	49
sxs-oninaki_v131072.r02	-	50000000	1	100003638	0	97
sxs-oninaki_v131072.r03	-	50000000	1	150003638	0	145
sxs-oninaki_v131072.r04	-	50000000	1	200003638	0	193
sxs-oninaki_v131072.r05	-	50000000	1	250003638	0	241
sxs-oninaki_v131072.r06	-	50000000	1	300003638	0	289
sxs-oninaki_v131072.r07	-	50000000	1	350003638	0	337
sxs-oninaki_v131072.r08	-	29317774	1	400003638	0	385
sxs-oninaki_v131072.rar	-	50000000	1	429321412	0	413
sxs-oninaki_v131072.sfv	-	340	1	479321412	0	461
