sxs-bonfire_peaks_v393216.nfo	-	5588	1	0	0	0
sxs-bonfire_peaks_v393216.r00	-	50000000	1	5588	0	1
sxs-bonfire_peaks_v393216.r01	-	50000000	1	50005588	0	49
sxs-bonfire_peaks_v393216.r02	-	50000000	1	100005588	0	97
sxs-bonfire_peaks_v393216.r03	-	50000000	1	150005588	0	145
sxs-bonfire_peaks_v393216.r04	-	50000000	1	200005588	0	193
sxs-bonfire_peaks_v393216.r05	-	50000000	1	250005588	0	241
sxs-bonfire_peaks_v393216.r06	-	50000000	1	300005588	0	289
sxs-bonfire_peaks_v393216.r07	-	50000000	1	350005588	0	337
sxs-bonfire_peaks_v393216.r08	-	50000000	1	400005588	0	385
sxs-bonfire_peaks_v393216.r09	-	50000000	1	450005588	0	433
sxs-bonfire_peaks_v393216.r10	-	50000000	1	500005588	0	481
sxs-bonfire_peaks_v393216.r11	-	43808741	1	12251264	1	12
sxs-bonfire_peaks_v393216.rar	-	50000000	1	56060005	1	54
sxs-bonfire_peaks_v393216.sfv	-	520	1	106060005	1	102
