sxs-mutant_football_v196608.nfo	-	7772	1	0	0	0
sxs-mutant_football_v196608.r00	-	50000000	1	7772	0	1
sxs-mutant_football_v196608.r01	-	50000000	1	50007772	0	49
sxs-mutant_football_v196608.r02	-	50000000	1	100007772	0	97
sxs-mutant_football_v196608.r03	-	50000000	1	150007772	0	145
sxs-mutant_football_v196608.r04	-	50000000	1	200007772	0	193
sxs-mutant_football_v196608.r05	-	50000000	1	250007772	0	241
sxs-mutant_football_v196608.r06	-	50000000	1	300007772	0	289
sxs-mutant_football_v196608.r07	-	50000000	1	350007772	0	337
sxs-mutant_football_v196608.r08	-	50000000	1	400007772	0	385
sxs-mutant_football_v196608.r09	-	50000000	1	450007772	0	433
sxs-mutant_football_v196608.r10	-	50000000	1	500007772	0	481
sxs-mutant_football_v196608.r11	-	50000000	1	12251264	1	12
sxs-mutant_football_v196608.r12	-	50000000	1	62251264	1	60
sxs-mutant_football_v196608.r13	-	50000000	1	112251264	1	108
sxs-mutant_football_v196608.r14	-	50000000	1	162251264	1	156
sxs-mutant_football_v196608.r15	-	50000000	1	212251264	1	204
sxs-mutant_football_v196608.r16	-	21566106	1	262251264	1	252
sxs-mutant_football_v196608.rar	-	50000000	1	283817370	1	273
sxs-mutant_football_v196608.sfv	-	756	1	333817370	1	321
