sxs-zaccaria_pinball_v131072.nfo	-	9489	1	0	0	0
sxs-zaccaria_pinball_v131072.r00	-	50000000	1	9489	0	1
sxs-zaccaria_pinball_v131072.r01	-	50000000	1	50009489	0	49
sxs-zaccaria_pinball_v131072.r02	-	50000000	1	100009489	0	97
sxs-zaccaria_pinball_v131072.r03	-	50000000	1	150009489	0	145
sxs-zaccaria_pinball_v131072.r04	-	50000000	1	200009489	0	193
sxs-zaccaria_pinball_v131072.r05	-	50000000	1	250009489	0	241
sxs-zaccaria_pinball_v131072.r06	-	50000000	1	300009489	0	289
sxs-zaccaria_pinball_v131072.r07	-	50000000	1	350009489	0	337
sxs-zaccaria_pinball_v131072.r08	-	50000000	1	400009489	0	385
sxs-zaccaria_pinball_v131072.r09	-	50000000	1	450009489	0	433
sxs-zaccaria_pinball_v131072.r10	-	50000000	1	500009489	0	481
sxs-zaccaria_pinball_v131072.r11	-	50000000	1	12251264	1	12
sxs-zaccaria_pinball_v131072.r12	-	50000000	1	62251264	1	60
sxs-zaccaria_pinball_v131072.r13	-	50000000	1	112251264	1	108
sxs-zaccaria_pinball_v131072.r14	-	50000000	1	162251264	1	156
sxs-zaccaria_pinball_v131072.r15	-	50000000	1	212251264	1	204
sxs-zaccaria_pinball_v131072.r16	-	50000000	1	262251264	1	252
sxs-zaccaria_pinball_v131072.r17	-	50000000	1	312251264	1	300
sxs-zaccaria_pinball_v131072.r18	-	50000000	1	362251264	1	348
sxs-zaccaria_pinball_v131072.r19	-	50000000	1	412251264	1	396
sxs-zaccaria_pinball_v131072.r20	-	38338755	1	462251264	1	444
sxs-zaccaria_pinball_v131072.rar	-	50000000	1	500590019	1	481
sxs-zaccaria_pinball_v131072.sfv	-	946	1	13299840	2	13
