v-portia_v196608.nfo	-	6058	1	0	0	0
v-portia_v196608.r00	-	50000000	1	6058	0	1
v-portia_v196608.r01	-	50000000	1	50006058	0	49
v-portia_v196608.r02	-	50000000	1	100006058	0	97
v-portia_v196608.r03	-	50000000	1	150006058	0	145
v-portia_v196608.r04	-	50000000	1	200006058	0	193
v-portia_v196608.r05	-	50000000	1	250006058	0	241
v-portia_v196608.r06	-	50000000	1	300006058	0	289
v-portia_v196608.r07	-	50000000	1	350006058	0	337
v-portia_v196608.r08	-	18914263	1	400006058	0	385
v-portia_v196608.rar	-	50000000	1	418920321	0	404
v-portia_v196608.sfv	-	310	1	468920321	0	452
