sxs-football_manager_2021_touch_v131072.nfo	-	8630	1	0	0	0
sxs-football_manager_2021_touch_v131072.r00	-	50000000	1	8630	0	1
sxs-football_manager_2021_touch_v131072.r01	-	50000000	1	50008630	0	49
sxs-football_manager_2021_touch_v131072.r02	-	50000000	1	100008630	0	97
sxs-football_manager_2021_touch_v131072.r03	-	50000000	1	150008630	0	145
sxs-football_manager_2021_touch_v131072.r04	-	50000000	1	200008630	0	193
sxs-football_manager_2021_touch_v131072.r05	-	50000000	1	250008630	0	241
sxs-football_manager_2021_touch_v131072.r06	-	50000000	1	300008630	0	289
sxs-football_manager_2021_touch_v131072.r07	-	50000000	1	350008630	0	337
sxs-football_manager_2021_touch_v131072.r08	-	50000000	1	400008630	0	385
sxs-football_manager_2021_touch_v131072.r09	-	50000000	1	450008630	0	433
sxs-football_manager_2021_touch_v131072.r10	-	50000000	1	500008630	0	481
sxs-football_manager_2021_touch_v131072.r11	-	50000000	1	12251264	1	12
sxs-football_manager_2021_touch_v131072.r12	-	50000000	1	62251264	1	60
sxs-football_manager_2021_touch_v131072.r13	-	50000000	1	112251264	1	108
sxs-football_manager_2021_touch_v131072.r14	-	50000000	1	162251264	1	156
sxs-football_manager_2021_touch_v131072.r15	-	50000000	1	212251264	1	204
sxs-football_manager_2021_touch_v131072.r16	-	50000000	1	262251264	1	252
sxs-football_manager_2021_touch_v131072.r17	-	50000000	1	312251264	1	300
sxs-football_manager_2021_touch_v131072.r18	-	50000000	1	362251264	1	348
sxs-football_manager_2021_touch_v131072.r19	-	50000000	1	412251264	1	396
sxs-football_manager_2021_touch_v131072.r20	-	50000000	1	462251264	1	444
sxs-football_manager_2021_touch_v131072.r21	-	50000000	1	512251264	1	492
sxs-football_manager_2021_touch_v131072.r22	-	50000000	1	24834176	2	24
sxs-football_manager_2021_touch_v131072.r23	-	50000000	1	74834176	2	72
sxs-football_manager_2021_touch_v131072.r24	-	50000000	1	124834176	2	120
sxs-football_manager_2021_touch_v131072.r25	-	50000000	1	174834176	2	168
sxs-football_manager_2021_touch_v131072.r26	-	50000000	1	224834176	2	216
sxs-football_manager_2021_touch_v131072.r27	-	50000000	1	274834176	2	264
sxs-football_manager_2021_touch_v131072.r28	-	50000000	1	324834176	2	312
sxs-football_manager_2021_touch_v131072.r29	-	50000000	1	374834176	2	360
sxs-football_manager_2021_touch_v131072.r30	-	50000000	1	424834176	2	408
sxs-football_manager_2021_touch_v131072.r31	-	50000000	1	474834176	2	456
sxs-football_manager_2021_touch_v131072.r32	-	50000000	1	524834176	2	504
sxs-football_manager_2021_touch_v131072.r33	-	50000000	1	37417088	3	36
sxs-football_manager_2021_touch_v131072.r34	-	50000000	1	87417088	3	84
sxs-football_manager_2021_touch_v131072.r35	-	8283706	1	137417088	3	132
sxs-football_manager_2021_touch_v131072.rar	-	50000000	1	145700794	3	140
sxs-football_manager_2021_touch_v131072.sfv	-	1998	1	195700794	3	188
