v-oppw4_v655360.nfo	-	4576	1	0	0	0
v-oppw4_v655360.r00	-	100000000	1	4576	0	1
v-oppw4_v655360.r01	-	100000000	1	100004576	0	97
v-oppw4_v655360.r02	-	100000000	1	200004576	0	193
v-oppw4_v655360.r03	-	100000000	1	300004576	0	289
v-oppw4_v655360.r04	-	100000000	1	400004576	0	385
v-oppw4_v655360.r05	-	100000000	1	500004576	0	481
v-oppw4_v655360.r06	-	100000000	1	62251264	1	60
v-oppw4_v655360.r07	-	100000000	1	162251264	1	156
v-oppw4_v655360.r08	-	95707247	1	262251264	1	252
v-oppw4_v655360.rar	-	100000000	1	357958511	1	344
v-oppw4_v655360.sfv	-	300	1	457958511	1	440
