l-apyja.jpg	-	2242459	1	0	0	0
l-apyja.nfo	-	3064	1	2242459	0	3
l-apyja.sfv	-	450	1	2245523	0	4
l-apyjab.part01.rar	-	250000000	1	2245973	0	5
l-apyjab.part02.rar	-	250000000	1	252245973	0	244
l-apyjab.part03.rar	-	250000000	1	502245973	0	483
l-apyjab.part04.rar	-	250000000	1	214348416	1	205
l-apyjab.part05.rar	-	250000000	1	464348416	1	444
l-apyjab.part06.rar	-	250000000	1	176599680	2	169
l-apyjab.part07.rar	-	250000000	1	426599680	2	408
l-apyjab.part08.rar	-	250000000	1	138850944	3	133
l-apyjab.part09.rar	-	250000000	1	388850944	3	372
l-apyjab.part10.rar	-	250000000	1	101102208	4	97
l-apyjab.part11.rar	-	250000000	1	351102208	4	336
l-apyjab.part12.rar	-	250000000	1	63353472	5	61
l-apyjab.part13.rar	-	250000000	1	313353472	5	300
l-apyjab.part14.rar	-	250000000	1	25604736	6	25
l-apyjab.part15.rar	-	248142814	1	275604736	6	264
