bbb-n-acxwa.nfo	-	5517	1	0	0	0
bbb-n-acxwa.part01.rar	-	250000000	1	5517	0	1
bbb-n-acxwa.part02.rar	-	250000000	1	250005517	0	240
bbb-n-acxwa.part03.rar	-	250000000	1	500005517	0	479
bbb-n-acxwa.part04.rar	-	250000000	1	212251264	1	203
bbb-n-acxwa.part05.rar	-	250000000	1	462251264	1	442
bbb-n-acxwa.part06.rar	-	250000000	1	174502528	2	167
bbb-n-acxwa.part07.rar	-	250000000	1	424502528	2	406
bbb-n-acxwa.part08.rar	-	250000000	1	136753792	3	131
bbb-n-acxwa.part09.rar	-	250000000	1	386753792	3	370
bbb-n-acxwa.part10.rar	-	250000000	1	99005056	4	95
bbb-n-acxwa.part11.rar	-	250000000	1	349005056	4	334
bbb-n-acxwa.part12.rar	-	250000000	1	61256320	5	59
bbb-n-acxwa.part13.rar	-	250000000	1	311256320	5	298
bbb-n-acxwa.part14.rar	-	250000000	1	23507584	6	23
bbb-n-acxwa.part15.rar	-	250000000	1	273507584	6	262
bbb-n-acxwa.part16.rar	-	20672372	1	523507584	6	501
bbb-n-acxwa.sfv	-	528	1	7040884	7	7
