Proof	d	0	1	0	0	0
Proof/sxs-billion_road.jpg	-	171328	1	0	0	0
sxs-billion_road.nfo	-	6368	1	171328	0	1
sxs-billion_road.r00	-	50000000	1	177696	0	2
sxs-billion_road.r01	-	50000000	1	50177696	0	50
sxs-billion_road.r02	-	50000000	1	100177696	0	98
sxs-billion_road.r03	-	50000000	1	150177696	0	146
sxs-billion_road.r04	-	50000000	1	200177696	0	194
sxs-billion_road.r05	-	50000000	1	250177696	0	242
sxs-billion_road.r06	-	50000000	1	300177696	0	290
sxs-billion_road.r07	-	50000000	1	350177696	0	338
sxs-billion_road.r08	-	50000000	1	400177696	0	386
sxs-billion_road.r09	-	50000000	1	450177696	0	434
sxs-billion_road.r10	-	50000000	1	500177696	0	482
sxs-billion_road.r11	-	50000000	1	13299840	1	13
sxs-billion_road.r12	-	50000000	1	63299840	1	61
sxs-billion_road.r13	-	50000000	1	113299840	1	109
sxs-billion_road.r14	-	50000000	1	163299840	1	157
sxs-billion_road.r15	-	50000000	1	213299840	1	205
sxs-billion_road.r16	-	50000000	1	263299840	1	253
sxs-billion_road.r17	-	50000000	1	313299840	1	301
sxs-billion_road.r18	-	50000000	1	363299840	1	349
sxs-billion_road.r19	-	50000000	1	413299840	1	397
sxs-billion_road.r20	-	50000000	1	463299840	1	445
sxs-billion_road.r21	-	50000000	1	513299840	1	493
sxs-billion_road.r22	-	50000000	1	25882752	2	25
sxs-billion_road.r23	-	50000000	1	75882752	2	73
sxs-billion_road.r24	-	50000000	1	125882752	2	121
sxs-billion_road.r25	-	50000000	1	175882752	2	169
sxs-billion_road.r26	-	50000000	1	225882752	2	217
sxs-billion_road.r27	-	50000000	1	275882752	2	265
sxs-billion_road.r28	-	50000000	1	325882752	2	313
sxs-billion_road.r29	-	50000000	1	375882752	2	361
sxs-billion_road.r30	-	50000000	1	425882752	2	409
sxs-billion_road.r31	-	50000000	1	475882752	2	457
sxs-billion_road.r32	-	50000000	1	525882752	2	505
sxs-billion_road.r33	-	48453662	1	38465664	3	37
sxs-billion_road.rar	-	50000000	1	86919326	3	84
sxs-billion_road.sfv	-	1085	1	136919326	3	132
