v-moto_rush_gt_v458752.nfo	-	6760	1	0	0	0
v-moto_rush_gt_v458752.r00	-	100000000	1	6760	0	1
v-moto_rush_gt_v458752.r01	-	100000000	1	100006760	0	97
v-moto_rush_gt_v458752.r02	-	100000000	1	200006760	0	193
v-moto_rush_gt_v458752.r03	-	100000000	1	300006760	0	289
v-moto_rush_gt_v458752.r04	-	100000000	1	400006760	0	385
v-moto_rush_gt_v458752.r05	-	100000000	1	500006760	0	481
v-moto_rush_gt_v458752.r06	-	100000000	1	62251264	1	60
v-moto_rush_gt_v458752.r07	-	100000000	1	162251264	1	156
v-moto_rush_gt_v458752.r08	-	100000000	1	262251264	1	252
v-moto_rush_gt_v458752.r09	-	100000000	1	362251264	1	348
v-moto_rush_gt_v458752.r10	-	100000000	1	462251264	1	444
v-moto_rush_gt_v458752.r11	-	100000000	1	24502528	2	24
v-moto_rush_gt_v458752.r12	-	100000000	1	124502528	2	120
v-moto_rush_gt_v458752.r13	-	100000000	1	224502528	2	216
v-moto_rush_gt_v458752.r14	-	100000000	1	324502528	2	312
v-moto_rush_gt_v458752.r15	-	100000000	1	424502528	2	408
v-moto_rush_gt_v458752.r16	-	100000000	1	524502528	2	504
v-moto_rush_gt_v458752.r17	-	100000000	1	87417088	3	84
v-moto_rush_gt_v458752.r18	-	100000000	1	187417088	3	180
v-moto_rush_gt_v458752.r19	-	100000000	1	287417088	3	276
v-moto_rush_gt_v458752.r20	-	100000000	1	387417088	3	372
v-moto_rush_gt_v458752.r21	-	100000000	1	487417088	3	468
v-moto_rush_gt_v458752.r22	-	100000000	1	49668352	4	48
v-moto_rush_gt_v458752.r23	-	100000000	1	149668352	4	144
v-moto_rush_gt_v458752.r24	-	100000000	1	249668352	4	240
v-moto_rush_gt_v458752.r25	-	100000000	1	349668352	4	336
v-moto_rush_gt_v458752.r26	-	86511943	1	449668352	4	432
v-moto_rush_gt_v458752.rar	-	100000000	1	536180295	4	515
v-moto_rush_gt_v458752.sfv	-	1036	1	98951424	5	95
