hr-ayayav327680.nfo	-	11258	1	0	0	0
hr-ayayav327680.r00	-	50000000	1	11258	0	1
hr-ayayav327680.r01	-	50000000	1	50011258	0	49
hr-ayayav327680.r02	-	50000000	1	100011258	0	97
hr-ayayav327680.r03	-	50000000	1	150011258	0	145
hr-ayayav327680.r04	-	50000000	1	200011258	0	193
hr-ayayav327680.r05	-	50000000	1	250011258	0	241
hr-ayayav327680.r06	-	50000000	1	300011258	0	289
hr-ayayav327680.r07	-	50000000	1	350011258	0	337
hr-ayayav327680.r08	-	50000000	1	400011258	0	385
hr-ayayav327680.r09	-	26835561	1	450011258	0	433
hr-ayayav327680.rar	-	50000000	1	476846819	0	459
hr-ayayav327680.sfv	-	330	1	526846819	0	507
