cat-anbda.nfo	-	13041	1	0	0	0
cat-anbda.r00	-	50000000	1	13041	0	1
cat-anbda.r01	-	50000000	1	50013041	0	49
cat-anbda.r02	-	50000000	1	100013041	0	97
cat-anbda.r03	-	50000000	1	150013041	0	145
cat-anbda.r04	-	50000000	1	200013041	0	193
cat-anbda.r05	-	50000000	1	250013041	0	241
cat-anbda.r06	-	50000000	1	300013041	0	289
cat-anbda.r07	-	50000000	1	350013041	0	337
cat-anbda.r08	-	50000000	1	400013041	0	385
cat-anbda.r09	-	50000000	1	450013041	0	433
cat-anbda.r10	-	50000000	1	500013041	0	481
cat-anbda.r11	-	50000000	1	12251264	1	12
cat-anbda.r12	-	50000000	1	62251264	1	60
cat-anbda.r13	-	50000000	1	112251264	1	108
cat-anbda.r14	-	50000000	1	162251264	1	156
cat-anbda.r15	-	50000000	1	212251264	1	204
cat-anbda.r16	-	50000000	1	262251264	1	252
cat-anbda.r17	-	50000000	1	312251264	1	300
cat-anbda.r18	-	50000000	1	362251264	1	348
cat-anbda.r19	-	50000000	1	412251264	1	396
cat-anbda.r20	-	50000000	1	462251264	1	444
cat-anbda.r21	-	50000000	1	512251264	1	492
cat-anbda.r22	-	50000000	1	24834176	2	24
cat-anbda.r23	-	50000000	1	74834176	2	72
cat-anbda.r24	-	50000000	1	124834176	2	120
cat-anbda.r25	-	50000000	1	174834176	2	168
cat-anbda.r26	-	50000000	1	224834176	2	216
cat-anbda.r27	-	2468596	1	274834176	2	264
cat-anbda.rar	-	50000000	1	277302772	2	267
cat-anbda.sfv	-	696	1	327302772	2	315
