v-steamworld.nfo	-	4264	1	0	0	0
v-steamworld.r00	-	50000000	1	4264	0	1
v-steamworld.r01	-	50000000	1	50004264	0	49
v-steamworld.r02	-	50000000	1	100004264	0	97
v-steamworld.r03	-	50000000	1	150004264	0	145
v-steamworld.r04	-	50000000	1	200004264	0	193
v-steamworld.r05	-	50000000	1	250004264	0	241
v-steamworld.r06	-	50000000	1	300004264	0	289
v-steamworld.r07	-	50000000	1	350004264	0	337
v-steamworld.r08	-	50000000	1	400004264	0	385
v-steamworld.r09	-	50000000	1	450004264	0	433
v-steamworld.r10	-	50000000	1	500004264	0	481
v-steamworld.r11	-	50000000	1	12251264	1	12
v-steamworld.r12	-	50000000	1	62251264	1	60
v-steamworld.r13	-	50000000	1	112251264	1	108
v-steamworld.r14	-	50000000	1	162251264	1	156
v-steamworld.r15	-	50000000	1	212251264	1	204
v-steamworld.r16	-	50000000	1	262251264	1	252
v-steamworld.r17	-	50000000	1	312251264	1	300
v-steamworld.r18	-	37550068	1	362251264	1	348
v-steamworld.rar	-	50000000	1	399801332	1	384
v-steamworld.sfv	-	540	1	449801332	1	432
