sxs-aeternoblade_ii_v458752.nfo	-	5822	1	0	0	0
sxs-aeternoblade_ii_v458752.r00	-	100000000	1	5822	0	1
sxs-aeternoblade_ii_v458752.r01	-	100000000	1	100005822	0	97
sxs-aeternoblade_ii_v458752.r02	-	100000000	1	200005822	0	193
sxs-aeternoblade_ii_v458752.r03	-	100000000	1	300005822	0	289
sxs-aeternoblade_ii_v458752.r04	-	100000000	1	400005822	0	385
sxs-aeternoblade_ii_v458752.r05	-	100000000	1	500005822	0	481
sxs-aeternoblade_ii_v458752.r06	-	100000000	1	62251264	1	60
sxs-aeternoblade_ii_v458752.r07	-	100000000	1	162251264	1	156
sxs-aeternoblade_ii_v458752.r08	-	100000000	1	262251264	1	252
sxs-aeternoblade_ii_v458752.r09	-	100000000	1	362251264	1	348
sxs-aeternoblade_ii_v458752.r10	-	100000000	1	462251264	1	444
sxs-aeternoblade_ii_v458752.r11	-	100000000	1	24502528	2	24
sxs-aeternoblade_ii_v458752.r12	-	100000000	1	124502528	2	120
sxs-aeternoblade_ii_v458752.r13	-	100000000	1	224502528	2	216
sxs-aeternoblade_ii_v458752.r14	-	100000000	1	324502528	2	312
sxs-aeternoblade_ii_v458752.r15	-	100000000	1	424502528	2	408
sxs-aeternoblade_ii_v458752.r16	-	100000000	1	524502528	2	504
sxs-aeternoblade_ii_v458752.r17	-	100000000	1	87417088	3	84
sxs-aeternoblade_ii_v458752.r18	-	100000000	1	187417088	3	180
sxs-aeternoblade_ii_v458752.r19	-	100000000	1	287417088	3	276
sxs-aeternoblade_ii_v458752.r20	-	100000000	1	387417088	3	372
sxs-aeternoblade_ii_v458752.r21	-	100000000	1	487417088	3	468
sxs-aeternoblade_ii_v458752.r22	-	100000000	1	49668352	4	48
sxs-aeternoblade_ii_v458752.r23	-	100000000	1	149668352	4	144
sxs-aeternoblade_ii_v458752.r24	-	100000000	1	249668352	4	240
sxs-aeternoblade_ii_v458752.r25	-	100000000	1	349668352	4	336
sxs-aeternoblade_ii_v458752.r26	-	100000000	1	449668352	4	432
sxs-aeternoblade_ii_v458752.r27	-	100000000	1	11919616	5	12
sxs-aeternoblade_ii_v458752.r28	-	100000000	1	111919616	5	108
sxs-aeternoblade_ii_v458752.r29	-	100000000	1	211919616	5	204
sxs-aeternoblade_ii_v458752.r30	-	100000000	1	311919616	5	300
sxs-aeternoblade_ii_v458752.r31	-	30504284	1	411919616	5	396
sxs-aeternoblade_ii_v458752.rar	-	100000000	1	442423900	5	426
sxs-aeternoblade_ii_v458752.sfv	-	1386	1	4579584	6	5
