i-grimshade.nfo	-	1113	1	0	0	0
i-grimshade.r00	-	100000000	1	1113	0	1
i-grimshade.r01	-	100000000	1	100001113	0	97
i-grimshade.r02	-	100000000	1	200001113	0	193
i-grimshade.r03	-	100000000	1	300001113	0	289
i-grimshade.r04	-	100000000	1	400001113	0	385
i-grimshade.r05	-	100000000	1	500001113	0	481
i-grimshade.r06	-	100000000	1	62251264	1	60
i-grimshade.r07	-	100000000	1	162251264	1	156
i-grimshade.r08	-	100000000	1	262251264	1	252
i-grimshade.r09	-	100000000	1	362251264	1	348
i-grimshade.r10	-	100000000	1	462251264	1	444
i-grimshade.r11	-	100000000	1	24502528	2	24
i-grimshade.r12	-	100000000	1	124502528	2	120
i-grimshade.r13	-	100000000	1	224502528	2	216
i-grimshade.r14	-	100000000	1	324502528	2	312
i-grimshade.r15	-	100000000	1	424502528	2	408
i-grimshade.r16	-	100000000	1	524502528	2	504
i-grimshade.r17	-	100000000	1	87417088	3	84
i-grimshade.r18	-	100000000	1	187417088	3	180
i-grimshade.r19	-	100000000	1	287417088	3	276
i-grimshade.r20	-	100000000	1	387417088	3	372
i-grimshade.r21	-	100000000	1	487417088	3	468
i-grimshade.r22	-	100000000	1	49668352	4	48
i-grimshade.r23	-	100000000	1	149668352	4	144
i-grimshade.r24	-	100000000	1	249668352	4	240
i-grimshade.r25	-	100000000	1	349668352	4	336
i-grimshade.r26	-	100000000	1	449668352	4	432
i-grimshade.r27	-	100000000	1	11919616	5	12
i-grimshade.r28	-	100000000	1	111919616	5	108
i-grimshade.r29	-	100000000	1	211919616	5	204
i-grimshade.r30	-	100000000	1	311919616	5	300
i-grimshade.r31	-	100000000	1	411919616	5	396
i-grimshade.r32	-	100000000	1	511919616	5	492
i-grimshade.r33	-	100000000	1	74834176	6	72
i-grimshade.r34	-	58776864	1	174834176	6	168
i-grimshade.rar	-	100000000	1	233611040	6	225
i-grimshade.sfv	-	936	1	333611040	6	321
