bbb-h-af3ba.nfo	-	5517	1	0	0	0
bbb-h-af3ba.part01.rar	-	250000000	1	5517	0	1
bbb-h-af3ba.part02.rar	-	250000000	1	250005517	0	240
bbb-h-af3ba.part03.rar	-	250000000	1	500005517	0	479
bbb-h-af3ba.part04.rar	-	250000000	1	212251264	1	203
bbb-h-af3ba.part05.rar	-	250000000	1	462251264	1	442
bbb-h-af3ba.part06.rar	-	250000000	1	174502528	2	167
bbb-h-af3ba.part07.rar	-	250000000	1	424502528	2	406
bbb-h-af3ba.part08.rar	-	250000000	1	136753792	3	131
bbb-h-af3ba.part09.rar	-	250000000	1	386753792	3	370
bbb-h-af3ba.part10.rar	-	250000000	1	99005056	4	95
bbb-h-af3ba.part11.rar	-	250000000	1	349005056	4	334
bbb-h-af3ba.part12.rar	-	250000000	1	61256320	5	59
bbb-h-af3ba.part13.rar	-	250000000	1	311256320	5	298
bbb-h-af3ba.part14.rar	-	250000000	1	23507584	6	23
bbb-h-af3ba.part15.rar	-	250000000	1	273507584	6	262
bbb-h-af3ba.part16.rar	-	250000000	1	523507584	6	501
bbb-h-af3ba.part17.rar	-	250000000	1	236368512	7	226
bbb-h-af3ba.part18.rar	-	250000000	1	486368512	7	465
bbb-h-af3ba.part19.rar	-	250000000	1	198619776	8	190
bbb-h-af3ba.part20.rar	-	250000000	1	448619776	8	429
bbb-h-af3ba.part21.rar	-	250000000	1	160871040	9	154
bbb-h-af3ba.part22.rar	-	250000000	1	410871040	9	393
bbb-h-af3ba.part23.rar	-	250000000	1	123122304	10	118
bbb-h-af3ba.part24.rar	-	250000000	1	373122304	10	357
bbb-h-af3ba.part25.rar	-	250000000	1	85373568	11	82
bbb-h-af3ba.part26.rar	-	250000000	1	335373568	11	321
bbb-h-af3ba.part27.rar	-	250000000	1	47624832	12	46
bbb-h-af3ba.part28.rar	-	250000000	1	297624832	12	285
bbb-h-af3ba.part29.rar	-	250000000	1	9876096	13	10
bbb-h-af3ba.part30.rar	-	250000000	1	259876096	13	249
bbb-h-af3ba.part31.rar	-	250000000	1	509876096	13	488
bbb-h-af3ba.part32.rar	-	250000000	1	222737024	14	213
bbb-h-af3ba.part33.rar	-	250000000	1	472737024	14	452
bbb-h-af3ba.part34.rar	-	250000000	1	184988288	15	177
bbb-h-af3ba.part35.rar	-	250000000	1	434988288	15	416
bbb-h-af3ba.part36.rar	-	250000000	1	147239552	16	141
bbb-h-af3ba.part37.rar	-	250000000	1	397239552	16	380
bbb-h-af3ba.part38.rar	-	250000000	1	109490816	17	105
bbb-h-af3ba.part39.rar	-	250000000	1	359490816	17	344
bbb-h-af3ba.part40.rar	-	250000000	1	71742080	18	69
bbb-h-af3ba.part41.rar	-	250000000	1	321742080	18	308
bbb-h-af3ba.part42.rar	-	250000000	1	33993344	19	33
bbb-h-af3ba.part43.rar	-	250000000	1	283993344	19	272
bbb-h-af3ba.part44.rar	-	250000000	1	533993344	19	511
bbb-h-af3ba.part45.rar	-	250000000	1	246854272	20	236
bbb-h-af3ba.part46.rar	-	250000000	1	496854272	20	475
bbb-h-af3ba.part47.rar	-	250000000	1	209105536	21	200
bbb-h-af3ba.part48.rar	-	250000000	1	459105536	21	439
bbb-h-af3ba.part49.rar	-	250000000	1	171356800	22	164
bbb-h-af3ba.part50.rar	-	250000000	1	421356800	22	403
bbb-h-af3ba.part51.rar	-	250000000	1	133608064	23	128
bbb-h-af3ba.part52.rar	-	250000000	1	383608064	23	367
bbb-h-af3ba.part53.rar	-	250000000	1	95859328	24	92
bbb-h-af3ba.part54.rar	-	250000000	1	345859328	24	331
bbb-h-af3ba.part55.rar	-	250000000	1	58110592	25	56
bbb-h-af3ba.part56.rar	-	250000000	1	308110592	25	295
bbb-h-af3ba.part57.rar	-	250000000	1	20361856	26	20
bbb-h-af3ba.part58.rar	-	250000000	1	270361856	26	259
bbb-h-af3ba.part59.rar	-	250000000	1	520361856	26	498
bbb-h-af3ba.part60.rar	-	217858458	1	233222784	27	223
bbb-h-af3ba.sfv	-	1980	1	451081242	27	431
