sxs-musou_orochi3_v655360.nfo	-	6212	1	0	0	0
sxs-musou_orochi3_v655360.r00	-	50000000	1	6212	0	1
sxs-musou_orochi3_v655360.r01	-	50000000	1	50006212	0	49
sxs-musou_orochi3_v655360.r02	-	50000000	1	100006212	0	97
sxs-musou_orochi3_v655360.r03	-	50000000	1	150006212	0	145
sxs-musou_orochi3_v655360.r04	-	50000000	1	200006212	0	193
sxs-musou_orochi3_v655360.r05	-	50000000	1	250006212	0	241
sxs-musou_orochi3_v655360.r06	-	50000000	1	300006212	0	289
sxs-musou_orochi3_v655360.r07	-	50000000	1	350006212	0	337
sxs-musou_orochi3_v655360.r08	-	50000000	1	400006212	0	385
sxs-musou_orochi3_v655360.r09	-	50000000	1	450006212	0	433
sxs-musou_orochi3_v655360.r10	-	50000000	1	500006212	0	481
sxs-musou_orochi3_v655360.r11	-	50000000	1	12251264	1	12
sxs-musou_orochi3_v655360.r12	-	50000000	1	62251264	1	60
sxs-musou_orochi3_v655360.r13	-	50000000	1	112251264	1	108
sxs-musou_orochi3_v655360.r14	-	50000000	1	162251264	1	156
sxs-musou_orochi3_v655360.r15	-	14183103	1	212251264	1	204
sxs-musou_orochi3_v655360.rar	-	50000000	1	226434367	1	218
sxs-musou_orochi3_v655360.sfv	-	680	1	276434367	1	266
