lfc-horace.nfo	-	5158	1	0	0	0
lfc-horace.r00	-	100000000	1	5158	0	1
lfc-horace.r01	-	100000000	1	100005158	0	97
lfc-horace.r02	-	100000000	1	200005158	0	193
lfc-horace.r03	-	100000000	1	300005158	0	289
lfc-horace.r04	-	100000000	1	400005158	0	385
lfc-horace.r05	-	100000000	1	500005158	0	481
lfc-horace.r06	-	100000000	1	62251264	1	60
lfc-horace.r07	-	100000000	1	162251264	1	156
lfc-horace.r08	-	100000000	1	262251264	1	252
lfc-horace.r09	-	100000000	1	362251264	1	348
lfc-horace.r10	-	100000000	1	462251264	1	444
lfc-horace.r11	-	100000000	1	24502528	2	24
lfc-horace.r12	-	100000000	1	124502528	2	120
lfc-horace.r13	-	100000000	1	224502528	2	216
lfc-horace.r14	-	100000000	1	324502528	2	312
lfc-horace.r15	-	100000000	1	424502528	2	408
lfc-horace.r16	-	100000000	1	524502528	2	504
lfc-horace.r17	-	100000000	1	87417088	3	84
lfc-horace.r18	-	100000000	1	187417088	3	180
lfc-horace.r19	-	100000000	1	287417088	3	276
lfc-horace.r20	-	100000000	1	387417088	3	372
lfc-horace.r21	-	100000000	1	487417088	3	468
lfc-horace.r22	-	100000000	1	49668352	4	48
lfc-horace.r23	-	100000000	1	149668352	4	144
lfc-horace.r24	-	100000000	1	249668352	4	240
lfc-horace.r25	-	100000000	1	349668352	4	336
lfc-horace.r26	-	100000000	1	449668352	4	432
lfc-horace.r27	-	100000000	1	11919616	5	12
lfc-horace.r28	-	100000000	1	111919616	5	108
lfc-horace.r29	-	100000000	1	211919616	5	204
lfc-horace.r30	-	100000000	1	311919616	5	300
lfc-horace.r31	-	100000000	1	411919616	5	396
lfc-horace.r32	-	100000000	1	511919616	5	492
lfc-horace.r33	-	100000000	1	74834176	6	72
lfc-horace.r34	-	100000000	1	174834176	6	168
lfc-horace.r35	-	100000000	1	274834176	6	264
lfc-horace.r36	-	100000000	1	374834176	6	360
lfc-horace.r37	-	100000000	1	474834176	6	456
lfc-horace.r38	-	100000000	1	37085440	7	36
lfc-horace.r39	-	100000000	1	137085440	7	132
lfc-horace.r40	-	100000000	1	237085440	7	228
lfc-horace.r41	-	100000000	1	337085440	7	324
lfc-horace.r42	-	100000000	1	437085440	7	420
lfc-horace.r43	-	100000000	1	0	8	0
lfc-horace.r44	-	100000000	1	100000000	8	96
lfc-horace.r45	-	100000000	1	200000000	8	192
lfc-horace.r46	-	100000000	1	300000000	8	288
lfc-horace.r47	-	100000000	1	400000000	8	384
lfc-horace.r48	-	100000000	1	500000000	8	480
lfc-horace.r49	-	100000000	1	62251264	9	60
lfc-horace.r50	-	100000000	1	162251264	9	156
lfc-horace.r51	-	100000000	1	262251264	9	252
lfc-horace.r52	-	100000000	1	362251264	9	348
lfc-horace.r53	-	100000000	1	462251264	9	444
lfc-horace.r54	-	100000000	1	24502528	10	24
lfc-horace.r55	-	100000000	1	124502528	10	120
lfc-horace.r56	-	100000000	1	224502528	10	216
lfc-horace.r57	-	100000000	1	324502528	10	312
lfc-horace.r58	-	100000000	1	424502528	10	408
lfc-horace.r59	-	100000000	1	524502528	10	504
lfc-horace.r60	-	83824843	1	87417088	11	84
lfc-horace.rar	-	100000000	1	171241931	11	164
lfc-horace.sfv	-	1550	1	271241931	11	260
