sxs-cuphead_v524288.nfo	-	4340	1	0	0	0
sxs-cuphead_v524288.r00	-	50000000	1	4340	0	1
sxs-cuphead_v524288.r01	-	50000000	1	50004340	0	49
sxs-cuphead_v524288.r02	-	50000000	1	100004340	0	97
sxs-cuphead_v524288.r03	-	50000000	1	150004340	0	145
sxs-cuphead_v524288.r04	-	50000000	1	200004340	0	193
sxs-cuphead_v524288.r05	-	50000000	1	250004340	0	241
sxs-cuphead_v524288.r06	-	50000000	1	300004340	0	289
sxs-cuphead_v524288.r07	-	29870835	1	350004340	0	337
sxs-cuphead_v524288.rar	-	50000000	1	379875175	0	366
sxs-cuphead_v524288.sfv	-	306	1	429875175	0	414
