sxs-60_parsecs_v458752.nfo	-	7070	1	0	0	0
sxs-60_parsecs_v458752.r00	-	50000000	1	7070	0	1
sxs-60_parsecs_v458752.r01	-	50000000	1	50007070	0	49
sxs-60_parsecs_v458752.r02	-	50000000	1	100007070	0	97
sxs-60_parsecs_v458752.r03	-	50000000	1	150007070	0	145
sxs-60_parsecs_v458752.r04	-	50000000	1	200007070	0	193
sxs-60_parsecs_v458752.r05	-	50000000	1	250007070	0	241
sxs-60_parsecs_v458752.r06	-	50000000	1	300007070	0	289
sxs-60_parsecs_v458752.r07	-	50000000	1	350007070	0	337
sxs-60_parsecs_v458752.r08	-	50000000	1	400007070	0	385
sxs-60_parsecs_v458752.r09	-	50000000	1	450007070	0	433
sxs-60_parsecs_v458752.r10	-	50000000	1	500007070	0	481
sxs-60_parsecs_v458752.r11	-	50000000	1	12251264	1	12
sxs-60_parsecs_v458752.r12	-	50000000	1	62251264	1	60
sxs-60_parsecs_v458752.r13	-	50000000	1	112251264	1	108
sxs-60_parsecs_v458752.r14	-	50000000	1	162251264	1	156
sxs-60_parsecs_v458752.r15	-	50000000	1	212251264	1	204
sxs-60_parsecs_v458752.r16	-	50000000	1	262251264	1	252
sxs-60_parsecs_v458752.r17	-	50000000	1	312251264	1	300
sxs-60_parsecs_v458752.r18	-	50000000	1	362251264	1	348
sxs-60_parsecs_v458752.r19	-	50000000	1	412251264	1	396
sxs-60_parsecs_v458752.r20	-	50000000	1	462251264	1	444
sxs-60_parsecs_v458752.r21	-	50000000	1	512251264	1	492
sxs-60_parsecs_v458752.r22	-	50000000	1	24834176	2	24
sxs-60_parsecs_v458752.r23	-	42679620	1	74834176	2	72
sxs-60_parsecs_v458752.rar	-	50000000	1	117513796	2	113
sxs-60_parsecs_v458752.sfv	-	925	1	167513796	2	161
