w-hu.nfo	-	9338	1	0	0	0
w-hu.r00	-	100000000	1	9338	0	1
w-hu.r01	-	100000000	1	100009338	0	97
w-hu.r02	-	100000000	1	200009338	0	193
w-hu.r03	-	100000000	1	300009338	0	289
w-hu.r04	-	100000000	1	400009338	0	385
w-hu.r05	-	100000000	1	500009338	0	481
w-hu.r06	-	100000000	1	62251264	1	60
w-hu.r07	-	100000000	1	162251264	1	156
w-hu.r08	-	100000000	1	262251264	1	252
w-hu.r09	-	100000000	1	362251264	1	348
w-hu.r10	-	100000000	1	462251264	1	444
w-hu.r11	-	100000000	1	24502528	2	24
w-hu.r12	-	100000000	1	124502528	2	120
w-hu.r13	-	100000000	1	224502528	2	216
w-hu.r14	-	100000000	1	324502528	2	312
w-hu.r15	-	100000000	1	424502528	2	408
w-hu.r16	-	100000000	1	524502528	2	504
w-hu.r17	-	100000000	1	87417088	3	84
w-hu.r18	-	100000000	1	187417088	3	180
w-hu.r19	-	100000000	1	287417088	3	276
w-hu.r20	-	100000000	1	387417088	3	372
w-hu.r21	-	100000000	1	487417088	3	468
w-hu.r22	-	100000000	1	49668352	4	48
w-hu.r23	-	100000000	1	149668352	4	144
w-hu.r24	-	100000000	1	249668352	4	240
w-hu.r25	-	100000000	1	349668352	4	336
w-hu.r26	-	100000000	1	449668352	4	432
w-hu.r27	-	100000000	1	11919616	5	12
w-hu.r28	-	100000000	1	111919616	5	108
w-hu.r29	-	100000000	1	211919616	5	204
w-hu.r30	-	100000000	1	311919616	5	300
w-hu.r31	-	100000000	1	411919616	5	396
w-hu.r32	-	100000000	1	511919616	5	492
w-hu.r33	-	100000000	1	74834176	6	72
w-hu.r34	-	100000000	1	174834176	6	168
w-hu.r35	-	100000000	1	274834176	6	264
w-hu.r36	-	100000000	1	374834176	6	360
w-hu.r37	-	100000000	1	474834176	6	456
w-hu.r38	-	100000000	1	37085440	7	36
w-hu.r39	-	100000000	1	137085440	7	132
w-hu.r40	-	100000000	1	237085440	7	228
w-hu.r41	-	100000000	1	337085440	7	324
w-hu.r42	-	100000000	1	437085440	7	420
w-hu.r43	-	97122190	1	0	8	0
w-hu.rar	-	100000000	1	97122190	8	93
w-hu.sfv	-	855	1	197122190	8	189
