sxs-pokemon_sword_v262144.nfo	-	5370	1	0	0	0
sxs-pokemon_sword_v262144.r00	-	50000000	1	5370	0	1
sxs-pokemon_sword_v262144.r01	-	50000000	1	50005370	0	49
sxs-pokemon_sword_v262144.r02	-	50000000	1	100005370	0	97
sxs-pokemon_sword_v262144.r03	-	50000000	1	150005370	0	145
sxs-pokemon_sword_v262144.r04	-	50000000	1	200005370	0	193
sxs-pokemon_sword_v262144.r05	-	50000000	1	250005370	0	241
sxs-pokemon_sword_v262144.r06	-	50000000	1	300005370	0	289
sxs-pokemon_sword_v262144.r07	-	50000000	1	350005370	0	337
sxs-pokemon_sword_v262144.r08	-	50000000	1	400005370	0	385
sxs-pokemon_sword_v262144.r09	-	50000000	1	450005370	0	433
sxs-pokemon_sword_v262144.r10	-	50000000	1	500005370	0	481
sxs-pokemon_sword_v262144.r11	-	50000000	1	12251264	1	12
sxs-pokemon_sword_v262144.r12	-	50000000	1	62251264	1	60
sxs-pokemon_sword_v262144.r13	-	50000000	1	112251264	1	108
sxs-pokemon_sword_v262144.r14	-	50000000	1	162251264	1	156
sxs-pokemon_sword_v262144.r15	-	50000000	1	212251264	1	204
sxs-pokemon_sword_v262144.r16	-	50000000	1	262251264	1	252
sxs-pokemon_sword_v262144.r17	-	50000000	1	312251264	1	300
sxs-pokemon_sword_v262144.r18	-	50000000	1	362251264	1	348
sxs-pokemon_sword_v262144.r19	-	50000000	1	412251264	1	396
sxs-pokemon_sword_v262144.r20	-	50000000	1	462251264	1	444
sxs-pokemon_sword_v262144.r21	-	50000000	1	512251264	1	492
sxs-pokemon_sword_v262144.r22	-	50000000	1	24834176	2	24
sxs-pokemon_sword_v262144.r23	-	50000000	1	74834176	2	72
sxs-pokemon_sword_v262144.r24	-	50000000	1	124834176	2	120
sxs-pokemon_sword_v262144.r25	-	50000000	1	174834176	2	168
sxs-pokemon_sword_v262144.r26	-	50000000	1	224834176	2	216
sxs-pokemon_sword_v262144.r27	-	50000000	1	274834176	2	264
sxs-pokemon_sword_v262144.r28	-	50000000	1	324834176	2	312
sxs-pokemon_sword_v262144.r29	-	50000000	1	374834176	2	360
sxs-pokemon_sword_v262144.r30	-	50000000	1	424834176	2	408
sxs-pokemon_sword_v262144.r31	-	50000000	1	474834176	2	456
sxs-pokemon_sword_v262144.r32	-	50000000	1	524834176	2	504
sxs-pokemon_sword_v262144.r33	-	50000000	1	37417088	3	36
sxs-pokemon_sword_v262144.r34	-	50000000	1	87417088	3	84
sxs-pokemon_sword_v262144.r35	-	50000000	1	137417088	3	132
sxs-pokemon_sword_v262144.r36	-	50000000	1	187417088	3	180
sxs-pokemon_sword_v262144.r37	-	50000000	1	237417088	3	228
sxs-pokemon_sword_v262144.r38	-	2636746	1	287417088	3	276
sxs-pokemon_sword_v262144.rar	-	50000000	1	290053834	3	279
sxs-pokemon_sword_v262144.sfv	-	1600	1	340053834	3	327
