v-x-force_genesis_v131072.nfo	-	4030	1	0	0	0
v-x-force_genesis_v131072.r00	-	50000000	1	4030	0	1
v-x-force_genesis_v131072.r01	-	50000000	1	50004030	0	49
v-x-force_genesis_v131072.r02	-	50000000	1	100004030	0	97
v-x-force_genesis_v131072.r03	-	50000000	1	150004030	0	145
v-x-force_genesis_v131072.r04	-	50000000	1	200004030	0	193
v-x-force_genesis_v131072.r05	-	50000000	1	250004030	0	241
v-x-force_genesis_v131072.r06	-	50000000	1	300004030	0	289
v-x-force_genesis_v131072.r07	-	50000000	1	350004030	0	337
v-x-force_genesis_v131072.r08	-	50000000	1	400004030	0	385
v-x-force_genesis_v131072.r09	-	50000000	1	450004030	0	433
v-x-force_genesis_v131072.r10	-	50000000	1	500004030	0	481
v-x-force_genesis_v131072.r11	-	50000000	1	12251264	1	12
v-x-force_genesis_v131072.r12	-	50000000	1	62251264	1	60
v-x-force_genesis_v131072.r13	-	50000000	1	112251264	1	108
v-x-force_genesis_v131072.r14	-	50000000	1	162251264	1	156
v-x-force_genesis_v131072.r15	-	50000000	1	212251264	1	204
v-x-force_genesis_v131072.r16	-	36646687	1	262251264	1	252
v-x-force_genesis_v131072.rar	-	50000000	1	298897951	1	287
v-x-force_genesis_v131072.sfv	-	720	1	348897951	1	335
