sxs-shady_part_of_me_v131072.nfo	-	5042	1	0	0	0
sxs-shady_part_of_me_v131072.r00	-	50000000	1	5042	0	1
sxs-shady_part_of_me_v131072.r01	-	50000000	1	50005042	0	49
sxs-shady_part_of_me_v131072.r02	-	50000000	1	100005042	0	97
sxs-shady_part_of_me_v131072.r03	-	50000000	1	150005042	0	145
sxs-shady_part_of_me_v131072.r04	-	50000000	1	200005042	0	193
sxs-shady_part_of_me_v131072.r05	-	50000000	1	250005042	0	241
sxs-shady_part_of_me_v131072.r06	-	50000000	1	300005042	0	289
sxs-shady_part_of_me_v131072.r07	-	50000000	1	350005042	0	337
sxs-shady_part_of_me_v131072.r08	-	50000000	1	400005042	0	385
sxs-shady_part_of_me_v131072.r09	-	50000000	1	450005042	0	433
sxs-shady_part_of_me_v131072.r10	-	50000000	1	500005042	0	481
sxs-shady_part_of_me_v131072.r11	-	50000000	1	12251264	1	12
sxs-shady_part_of_me_v131072.r12	-	2177911	1	62251264	1	60
sxs-shady_part_of_me_v131072.rar	-	50000000	1	64429175	1	63
sxs-shady_part_of_me_v131072.sfv	-	602	1	114429175	1	111
