v-doom_1993_v393216.nfo	-	4732	1	0	0	0
v-doom_1993_v393216.r00	-	50000000	1	4732	0	1
v-doom_1993_v393216.r01	-	50000000	1	50004732	0	49
v-doom_1993_v393216.r02	-	50000000	1	100004732	0	97
v-doom_1993_v393216.r03	-	50000000	1	150004732	0	145
v-doom_1993_v393216.r04	-	50000000	1	200004732	0	193
v-doom_1993_v393216.r05	-	50000000	1	250004732	0	241
v-doom_1993_v393216.r06	-	50000000	1	300004732	0	289
v-doom_1993_v393216.r07	-	32910473	1	350004732	0	337
v-doom_1993_v393216.rar	-	50000000	1	382915205	0	369
v-doom_1993_v393216.sfv	-	306	1	432915205	0	417
