sxs-minecraft_v3473408.nfo	-	7006	1	0	0	0
sxs-minecraft_v3473408.r00	-	50000000	1	7006	0	1
sxs-minecraft_v3473408.r01	-	50000000	1	50007006	0	49
sxs-minecraft_v3473408.r02	-	50000000	1	100007006	0	97
sxs-minecraft_v3473408.r03	-	50000000	1	150007006	0	145
sxs-minecraft_v3473408.r04	-	50000000	1	200007006	0	193
sxs-minecraft_v3473408.r05	-	50000000	1	250007006	0	241
sxs-minecraft_v3473408.r06	-	50000000	1	300007006	0	289
sxs-minecraft_v3473408.r07	-	50000000	1	350007006	0	337
sxs-minecraft_v3473408.r08	-	50000000	1	400007006	0	385
sxs-minecraft_v3473408.r09	-	50000000	1	450007006	0	433
sxs-minecraft_v3473408.r10	-	50000000	1	500007006	0	481
sxs-minecraft_v3473408.r11	-	50000000	1	12251264	1	12
sxs-minecraft_v3473408.r12	-	50000000	1	62251264	1	60
sxs-minecraft_v3473408.r13	-	50000000	1	112251264	1	108
sxs-minecraft_v3473408.r14	-	50000000	1	162251264	1	156
sxs-minecraft_v3473408.r15	-	50000000	1	212251264	1	204
sxs-minecraft_v3473408.r16	-	50000000	1	262251264	1	252
sxs-minecraft_v3473408.r17	-	23494647	1	312251264	1	300
sxs-minecraft_v3473408.rar	-	50000000	1	335745911	1	323
sxs-minecraft_v3473408.sfv	-	703	1	385745911	1	371
