v-mhoj2_v65536.nfo	-	3874	1	0	0	0
v-mhoj2_v65536.r00	-	50000000	1	3874	0	1
v-mhoj2_v65536.r01	-	50000000	1	50003874	0	49
v-mhoj2_v65536.r02	-	50000000	1	100003874	0	97
v-mhoj2_v65536.r03	-	50000000	1	150003874	0	145
v-mhoj2_v65536.r04	-	50000000	1	200003874	0	193
v-mhoj2_v65536.r05	-	50000000	1	250003874	0	241
v-mhoj2_v65536.r06	-	50000000	1	300003874	0	289
v-mhoj2_v65536.r07	-	50000000	1	350003874	0	337
v-mhoj2_v65536.r08	-	50000000	1	400003874	0	385
v-mhoj2_v65536.r09	-	50000000	1	450003874	0	433
v-mhoj2_v65536.r10	-	50000000	1	500003874	0	481
v-mhoj2_v65536.r11	-	50000000	1	12251264	1	12
v-mhoj2_v65536.r12	-	50000000	1	62251264	1	60
v-mhoj2_v65536.r13	-	50000000	1	112251264	1	108
v-mhoj2_v65536.r14	-	50000000	1	162251264	1	156
v-mhoj2_v65536.r15	-	50000000	1	212251264	1	204
v-mhoj2_v65536.r16	-	50000000	1	262251264	1	252
v-mhoj2_v65536.r17	-	50000000	1	312251264	1	300
v-mhoj2_v65536.r18	-	50000000	1	362251264	1	348
v-mhoj2_v65536.r19	-	50000000	1	412251264	1	396
v-mhoj2_v65536.r20	-	50000000	1	462251264	1	444
v-mhoj2_v65536.r21	-	50000000	1	512251264	1	492
v-mhoj2_v65536.r22	-	50000000	1	24834176	2	24
v-mhoj2_v65536.r23	-	50000000	1	74834176	2	72
v-mhoj2_v65536.r24	-	50000000	1	124834176	2	120
v-mhoj2_v65536.r25	-	50000000	1	174834176	2	168
v-mhoj2_v65536.r26	-	50000000	1	224834176	2	216
v-mhoj2_v65536.r27	-	50000000	1	274834176	2	264
v-mhoj2_v65536.r28	-	50000000	1	324834176	2	312
v-mhoj2_v65536.r29	-	50000000	1	374834176	2	360
v-mhoj2_v65536.r30	-	50000000	1	424834176	2	408
v-mhoj2_v65536.r31	-	50000000	1	474834176	2	456
v-mhoj2_v65536.r32	-	32417528	1	524834176	2	504
v-mhoj2_v65536.rar	-	50000000	1	19834616	3	19
v-mhoj2_v65536.sfv	-	986	1	69834616	3	67
