cat-aq4xa.jpg	-	735623	1	0	0	0
cat-aq4xa.nfo	-	12960	1	735623	0	1
cat-aq4xa.r00	-	50000000	1	748583	0	2
cat-aq4xa.r01	-	50000000	1	50748583	0	50
cat-aq4xa.r02	-	50000000	1	100748583	0	98
cat-aq4xa.r03	-	50000000	1	150748583	0	146
cat-aq4xa.r04	-	50000000	1	200748583	0	194
cat-aq4xa.r05	-	50000000	1	250748583	0	242
cat-aq4xa.r06	-	50000000	1	300748583	0	290
cat-aq4xa.r07	-	50000000	1	350748583	0	338
cat-aq4xa.r08	-	50000000	1	400748583	0	386
cat-aq4xa.r09	-	50000000	1	450748583	0	434
cat-aq4xa.r10	-	50000000	1	500748583	0	482
cat-aq4xa.r11	-	50000000	1	13299840	1	13
cat-aq4xa.r12	-	50000000	1	63299840	1	61
cat-aq4xa.r13	-	50000000	1	113299840	1	109
cat-aq4xa.r14	-	50000000	1	163299840	1	157
cat-aq4xa.r15	-	50000000	1	213299840	1	205
cat-aq4xa.r16	-	50000000	1	263299840	1	253
cat-aq4xa.r17	-	50000000	1	313299840	1	301
cat-aq4xa.r18	-	50000000	1	363299840	1	349
cat-aq4xa.r19	-	50000000	1	413299840	1	397
cat-aq4xa.r20	-	50000000	1	463299840	1	445
cat-aq4xa.r21	-	50000000	1	513299840	1	493
cat-aq4xa.r22	-	50000000	1	25882752	2	25
cat-aq4xa.r23	-	39849893	1	75882752	2	73
cat-aq4xa.rar	-	50000000	1	115732645	2	112
cat-aq4xa.sfv	-	600	1	165732645	2	160
