v-digimonscs.nfo	-	5356	1	0	0	0
v-digimonscs.r00	-	100000000	1	5356	0	1
v-digimonscs.r01	-	100000000	1	100005356	0	97
v-digimonscs.r02	-	100000000	1	200005356	0	193
v-digimonscs.r03	-	100000000	1	300005356	0	289
v-digimonscs.r04	-	100000000	1	400005356	0	385
v-digimonscs.r05	-	100000000	1	500005356	0	481
v-digimonscs.r06	-	100000000	1	62251264	1	60
v-digimonscs.r07	-	100000000	1	162251264	1	156
v-digimonscs.r08	-	100000000	1	262251264	1	252
v-digimonscs.r09	-	100000000	1	362251264	1	348
v-digimonscs.r10	-	100000000	1	462251264	1	444
v-digimonscs.r11	-	100000000	1	24502528	2	24
v-digimonscs.r12	-	100000000	1	124502528	2	120
v-digimonscs.r13	-	100000000	1	224502528	2	216
v-digimonscs.r14	-	100000000	1	324502528	2	312
v-digimonscs.r15	-	100000000	1	424502528	2	408
v-digimonscs.r16	-	100000000	1	524502528	2	504
v-digimonscs.r17	-	100000000	1	87417088	3	84
v-digimonscs.r18	-	100000000	1	187417088	3	180
v-digimonscs.r19	-	100000000	1	287417088	3	276
v-digimonscs.r20	-	100000000	1	387417088	3	372
v-digimonscs.r21	-	100000000	1	487417088	3	468
v-digimonscs.r22	-	100000000	1	49668352	4	48
v-digimonscs.r23	-	100000000	1	149668352	4	144
v-digimonscs.r24	-	100000000	1	249668352	4	240
v-digimonscs.r25	-	100000000	1	349668352	4	336
v-digimonscs.r26	-	100000000	1	449668352	4	432
v-digimonscs.r27	-	100000000	1	11919616	5	12
v-digimonscs.r28	-	100000000	1	111919616	5	108
v-digimonscs.r29	-	100000000	1	211919616	5	204
v-digimonscs.r30	-	100000000	1	311919616	5	300
v-digimonscs.r31	-	100000000	1	411919616	5	396
v-digimonscs.r32	-	100000000	1	511919616	5	492
v-digimonscs.r33	-	100000000	1	74834176	6	72
v-digimonscs.r34	-	100000000	1	174834176	6	168
v-digimonscs.r35	-	100000000	1	274834176	6	264
v-digimonscs.r36	-	100000000	1	374834176	6	360
v-digimonscs.r37	-	100000000	1	474834176	6	456
v-digimonscs.r38	-	100000000	1	37085440	7	36
v-digimonscs.r39	-	100000000	1	137085440	7	132
v-digimonscs.r40	-	100000000	1	237085440	7	228
v-digimonscs.r41	-	100000000	1	337085440	7	324
v-digimonscs.r42	-	100000000	1	437085440	7	420
v-digimonscs.r43	-	100000000	1	0	8	0
v-digimonscs.r44	-	100000000	1	100000000	8	96
v-digimonscs.r45	-	100000000	1	200000000	8	192
v-digimonscs.r46	-	100000000	1	300000000	8	288
v-digimonscs.r47	-	100000000	1	400000000	8	384
v-digimonscs.r48	-	100000000	1	500000000	8	480
v-digimonscs.r49	-	100000000	1	62251264	9	60
v-digimonscs.r50	-	100000000	1	162251264	9	156
v-digimonscs.r51	-	100000000	1	262251264	9	252
v-digimonscs.r52	-	47291103	1	362251264	9	348
v-digimonscs.rar	-	100000000	1	409542367	9	394
v-digimonscs.sfv	-	1458	1	509542367	9	490
