v-okunoka_v196608.nfo	-	4966	1	0	0	0
v-okunoka_v196608.r00	-	50000000	1	4966	0	1
v-okunoka_v196608.r01	-	50000000	1	50004966	0	49
v-okunoka_v196608.r02	-	50000000	1	100004966	0	97
v-okunoka_v196608.r03	-	50000000	1	150004966	0	145
v-okunoka_v196608.r04	-	50000000	1	200004966	0	193
v-okunoka_v196608.r05	-	50000000	1	250004966	0	241
v-okunoka_v196608.r06	-	50000000	1	300004966	0	289
v-okunoka_v196608.r07	-	50000000	1	350004966	0	337
v-okunoka_v196608.r08	-	50000000	1	400004966	0	385
v-okunoka_v196608.r09	-	50000000	1	450004966	0	433
v-okunoka_v196608.r10	-	50000000	1	500004966	0	481
v-okunoka_v196608.r11	-	50000000	1	12251264	1	12
v-okunoka_v196608.r12	-	50000000	1	62251264	1	60
v-okunoka_v196608.r13	-	50000000	1	112251264	1	108
v-okunoka_v196608.r14	-	50000000	1	162251264	1	156
v-okunoka_v196608.r15	-	50000000	1	212251264	1	204
v-okunoka_v196608.r16	-	50000000	1	262251264	1	252
v-okunoka_v196608.r17	-	50000000	1	312251264	1	300
v-okunoka_v196608.r18	-	50000000	1	362251264	1	348
v-okunoka_v196608.r19	-	50000000	1	412251264	1	396
v-okunoka_v196608.r20	-	34921167	1	462251264	1	444
v-okunoka_v196608.rar	-	50000000	1	497172431	1	478
v-okunoka_v196608.sfv	-	704	1	10154112	2	10
