l-cookingsim_v65536.nfo	-	1270	1	0	0	0
l-cookingsim_v65536.r00	-	50000000	1	1270	0	1
l-cookingsim_v65536.r01	-	50000000	1	50001270	0	49
l-cookingsim_v65536.r02	-	50000000	1	100001270	0	97
l-cookingsim_v65536.r03	-	50000000	1	150001270	0	145
l-cookingsim_v65536.r04	-	50000000	1	200001270	0	193
l-cookingsim_v65536.r05	-	50000000	1	250001270	0	241
l-cookingsim_v65536.r06	-	50000000	1	300001270	0	289
l-cookingsim_v65536.r07	-	50000000	1	350001270	0	337
l-cookingsim_v65536.r08	-	50000000	1	400001270	0	385
l-cookingsim_v65536.r09	-	50000000	1	450001270	0	433
l-cookingsim_v65536.r10	-	50000000	1	500001270	0	481
l-cookingsim_v65536.r11	-	50000000	1	12251264	1	12
l-cookingsim_v65536.r12	-	50000000	1	62251264	1	60
l-cookingsim_v65536.r13	-	50000000	1	112251264	1	108
l-cookingsim_v65536.r14	-	50000000	1	162251264	1	156
l-cookingsim_v65536.r15	-	50000000	1	212251264	1	204
l-cookingsim_v65536.r16	-	14321820	1	262251264	1	252
l-cookingsim_v65536.rar	-	50000000	1	276573084	1	266
l-cookingsim_v65536.sfv	-	612	1	326573084	1	314
