sxs-rugby_challenge_4_v327680.nfo	-	6212	1	0	0	0
sxs-rugby_challenge_4_v327680.r00	-	50000000	1	6212	0	1
sxs-rugby_challenge_4_v327680.r01	-	50000000	1	50006212	0	49
sxs-rugby_challenge_4_v327680.r02	-	50000000	1	100006212	0	97
sxs-rugby_challenge_4_v327680.r03	-	50000000	1	150006212	0	145
sxs-rugby_challenge_4_v327680.r04	-	50000000	1	200006212	0	193
sxs-rugby_challenge_4_v327680.r05	-	50000000	1	250006212	0	241
sxs-rugby_challenge_4_v327680.r06	-	50000000	1	300006212	0	289
sxs-rugby_challenge_4_v327680.r07	-	50000000	1	350006212	0	337
sxs-rugby_challenge_4_v327680.r08	-	50000000	1	400006212	0	385
sxs-rugby_challenge_4_v327680.r09	-	50000000	1	450006212	0	433
sxs-rugby_challenge_4_v327680.r10	-	50000000	1	500006212	0	481
sxs-rugby_challenge_4_v327680.r11	-	50000000	1	12251264	1	12
sxs-rugby_challenge_4_v327680.r12	-	50000000	1	62251264	1	60
sxs-rugby_challenge_4_v327680.r13	-	50000000	1	112251264	1	108
sxs-rugby_challenge_4_v327680.r14	-	50000000	1	162251264	1	156
sxs-rugby_challenge_4_v327680.r15	-	50000000	1	212251264	1	204
sxs-rugby_challenge_4_v327680.r16	-	50000000	1	262251264	1	252
sxs-rugby_challenge_4_v327680.r17	-	50000000	1	312251264	1	300
sxs-rugby_challenge_4_v327680.r18	-	50000000	1	362251264	1	348
sxs-rugby_challenge_4_v327680.r19	-	50000000	1	412251264	1	396
sxs-rugby_challenge_4_v327680.r20	-	50000000	1	462251264	1	444
sxs-rugby_challenge_4_v327680.r21	-	50000000	1	512251264	1	492
sxs-rugby_challenge_4_v327680.r22	-	50000000	1	24834176	2	24
sxs-rugby_challenge_4_v327680.r23	-	50000000	1	74834176	2	72
sxs-rugby_challenge_4_v327680.r24	-	50000000	1	124834176	2	120
sxs-rugby_challenge_4_v327680.r25	-	7140858	1	174834176	2	168
sxs-rugby_challenge_4_v327680.rar	-	50000000	1	181975034	2	175
sxs-rugby_challenge_4_v327680.sfv	-	1188	1	231975034	2	223
