hr-a6sza.nfo	-	11744	1	0	0	0
hr-a6sza.r00	-	50000000	1	11744	0	1
hr-a6sza.r01	-	50000000	1	50011744	0	49
hr-a6sza.r02	-	50000000	1	100011744	0	97
hr-a6sza.r03	-	50000000	1	150011744	0	145
hr-a6sza.r04	-	50000000	1	200011744	0	193
hr-a6sza.r05	-	50000000	1	250011744	0	241
hr-a6sza.r06	-	50000000	1	300011744	0	289
hr-a6sza.r07	-	50000000	1	350011744	0	337
hr-a6sza.r08	-	50000000	1	400011744	0	385
hr-a6sza.r09	-	50000000	1	450011744	0	433
hr-a6sza.r10	-	50000000	1	500011744	0	481
hr-a6sza.r11	-	50000000	1	12251264	1	12
hr-a6sza.r12	-	50000000	1	62251264	1	60
hr-a6sza.r13	-	50000000	1	112251264	1	108
hr-a6sza.r14	-	50000000	1	162251264	1	156
hr-a6sza.r15	-	50000000	1	212251264	1	204
hr-a6sza.r16	-	50000000	1	262251264	1	252
hr-a6sza.r17	-	50000000	1	312251264	1	300
hr-a6sza.r18	-	50000000	1	362251264	1	348
hr-a6sza.r19	-	50000000	1	412251264	1	396
hr-a6sza.r20	-	50000000	1	462251264	1	444
hr-a6sza.r21	-	50000000	1	512251264	1	492
hr-a6sza.r22	-	50000000	1	24834176	2	24
hr-a6sza.r23	-	50000000	1	74834176	2	72
hr-a6sza.r24	-	50000000	1	124834176	2	120
hr-a6sza.r25	-	50000000	1	174834176	2	168
hr-a6sza.r26	-	50000000	1	224834176	2	216
hr-a6sza.r27	-	50000000	1	274834176	2	264
hr-a6sza.r28	-	50000000	1	324834176	2	312
hr-a6sza.r29	-	50000000	1	374834176	2	360
hr-a6sza.r30	-	50000000	1	424834176	2	408
hr-a6sza.r31	-	50000000	1	474834176	2	456
hr-a6sza.r32	-	50000000	1	524834176	2	504
hr-a6sza.r33	-	50000000	1	37417088	3	36
hr-a6sza.r34	-	50000000	1	87417088	3	84
hr-a6sza.r35	-	50000000	1	137417088	3	132
hr-a6sza.r36	-	50000000	1	187417088	3	180
hr-a6sza.r37	-	50000000	1	237417088	3	228
hr-a6sza.r38	-	50000000	1	287417088	3	276
hr-a6sza.r39	-	50000000	1	337417088	3	324
hr-a6sza.r40	-	50000000	1	387417088	3	372
hr-a6sza.r41	-	50000000	1	437417088	3	420
hr-a6sza.r42	-	50000000	1	487417088	3	468
hr-a6sza.r43	-	50000000	1	0	4	0
hr-a6sza.r44	-	50000000	1	50000000	4	48
hr-a6sza.r45	-	50000000	1	100000000	4	96
hr-a6sza.r46	-	50000000	1	150000000	4	144
hr-a6sza.r47	-	50000000	1	200000000	4	192
hr-a6sza.r48	-	3381075	1	250000000	4	240
hr-a6sza.rar	-	50000000	1	253381075	4	244
hr-a6sza.sfv	-	1150	1	303381075	4	292
Proof	d	0	1	303382225	4	293
Proof/hr-a6sza.jpg	-	3083639	1	303382225	4	293
