bbb-n-amyka.nfo	-	5517	1	0	0	0
bbb-n-amyka.part01.rar	-	250000000	1	5517	0	1
bbb-n-amyka.part02.rar	-	250000000	1	250005517	0	240
bbb-n-amyka.part03.rar	-	250000000	1	500005517	0	479
bbb-n-amyka.part04.rar	-	250000000	1	212251264	1	203
bbb-n-amyka.part05.rar	-	250000000	1	462251264	1	442
bbb-n-amyka.part06.rar	-	250000000	1	174502528	2	167
bbb-n-amyka.part07.rar	-	250000000	1	424502528	2	406
bbb-n-amyka.part08.rar	-	250000000	1	136753792	3	131
bbb-n-amyka.part09.rar	-	250000000	1	386753792	3	370
bbb-n-amyka.part10.rar	-	250000000	1	99005056	4	95
bbb-n-amyka.part11.rar	-	250000000	1	349005056	4	334
bbb-n-amyka.part12.rar	-	115690528	1	61256320	5	59
bbb-n-amyka.sfv	-	396	1	176946848	5	170
