sxs-ponpu.nfo	-	5510	1	0	0	0
sxs-ponpu.r00	-	50000000	1	5510	0	1
sxs-ponpu.r01	-	50000000	1	50005510	0	49
sxs-ponpu.r02	-	50000000	1	100005510	0	97
sxs-ponpu.r03	-	50000000	1	150005510	0	145
sxs-ponpu.r04	-	50000000	1	200005510	0	193
sxs-ponpu.r05	-	50000000	1	250005510	0	241
sxs-ponpu.r06	-	50000000	1	300005510	0	289
sxs-ponpu.r07	-	50000000	1	350005510	0	337
sxs-ponpu.r08	-	50000000	1	400005510	0	385
sxs-ponpu.r09	-	50000000	1	450005510	0	433
sxs-ponpu.r10	-	50000000	1	500005510	0	481
sxs-ponpu.r11	-	50000000	1	12251264	1	12
sxs-ponpu.r12	-	50000000	1	62251264	1	60
sxs-ponpu.r13	-	50000000	1	112251264	1	108
sxs-ponpu.r14	-	50000000	1	162251264	1	156
sxs-ponpu.r15	-	50000000	1	212251264	1	204
sxs-ponpu.r16	-	50000000	1	262251264	1	252
sxs-ponpu.r17	-	50000000	1	312251264	1	300
sxs-ponpu.r18	-	50000000	1	362251264	1	348
sxs-ponpu.r19	-	50000000	1	412251264	1	396
sxs-ponpu.r20	-	50000000	1	462251264	1	444
sxs-ponpu.r21	-	50000000	1	512251264	1	492
sxs-ponpu.r22	-	50000000	1	24834176	2	24
sxs-ponpu.r23	-	50000000	1	74834176	2	72
sxs-ponpu.r24	-	50000000	1	124834176	2	120
sxs-ponpu.r25	-	50000000	1	174834176	2	168
sxs-ponpu.r26	-	50000000	1	224834176	2	216
sxs-ponpu.r27	-	50000000	1	274834176	2	264
sxs-ponpu.r28	-	50000000	1	324834176	2	312
sxs-ponpu.r29	-	50000000	1	374834176	2	360
sxs-ponpu.r30	-	50000000	1	424834176	2	408
sxs-ponpu.r31	-	50000000	1	474834176	2	456
sxs-ponpu.r32	-	50000000	1	524834176	2	504
sxs-ponpu.r33	-	50000000	1	37417088	3	36
sxs-ponpu.r34	-	50000000	1	87417088	3	84
sxs-ponpu.r35	-	41896008	1	137417088	3	132
sxs-ponpu.rar	-	50000000	1	179313096	3	172
sxs-ponpu.sfv	-	888	1	229313096	3	220
