sxs-minecraft_v1114112.nfo	-	8396	1	0	0	0
sxs-minecraft_v1114112.r00	-	50000000	1	8396	0	1
sxs-minecraft_v1114112.r01	-	50000000	1	50008396	0	49
sxs-minecraft_v1114112.r02	-	50000000	1	100008396	0	97
sxs-minecraft_v1114112.r03	-	50000000	1	150008396	0	145
sxs-minecraft_v1114112.r04	-	50000000	1	200008396	0	193
sxs-minecraft_v1114112.r05	-	50000000	1	250008396	0	241
sxs-minecraft_v1114112.r06	-	50000000	1	300008396	0	289
sxs-minecraft_v1114112.r07	-	50000000	1	350008396	0	337
sxs-minecraft_v1114112.r08	-	50000000	1	400008396	0	385
sxs-minecraft_v1114112.r09	-	50000000	1	450008396	0	433
sxs-minecraft_v1114112.r10	-	22011425	1	500008396	0	481
sxs-minecraft_v1114112.rar	-	50000000	1	522019821	0	502
sxs-minecraft_v1114112.sfv	-	444	1	34271360	1	33
