v-svlts_v458752.nfo	-	6838	1	0	0	0
v-svlts_v458752.r00	-	50000000	1	6838	0	1
v-svlts_v458752.r01	-	50000000	1	50006838	0	49
v-svlts_v458752.r02	-	50000000	1	100006838	0	97
v-svlts_v458752.r03	-	50000000	1	150006838	0	145
v-svlts_v458752.r04	-	50000000	1	200006838	0	193
v-svlts_v458752.r05	-	50000000	1	250006838	0	241
v-svlts_v458752.r06	-	50000000	1	300006838	0	289
v-svlts_v458752.r07	-	50000000	1	350006838	0	337
v-svlts_v458752.r08	-	50000000	1	400006838	0	385
v-svlts_v458752.r09	-	50000000	1	450006838	0	433
v-svlts_v458752.r10	-	50000000	1	500006838	0	481
v-svlts_v458752.r11	-	50000000	1	12251264	1	12
v-svlts_v458752.r12	-	50000000	1	62251264	1	60
v-svlts_v458752.r13	-	50000000	1	112251264	1	108
v-svlts_v458752.r14	-	50000000	1	162251264	1	156
v-svlts_v458752.r15	-	50000000	1	212251264	1	204
v-svlts_v458752.r16	-	9418955	1	262251264	1	252
v-svlts_v458752.rar	-	50000000	1	271670219	1	261
v-svlts_v458752.sfv	-	540	1	321670219	1	309
