Proof	d	0	1	0	0	0
Proof/v-yomawari.jpg	-	667212	1	0	0	0
v-yomawari.nfo	-	3562	1	667212	0	1
v-yomawari.r00	-	50000000	1	670774	0	2
v-yomawari.r01	-	50000000	1	50670774	0	50
v-yomawari.r02	-	50000000	1	100670774	0	98
v-yomawari.r03	-	50000000	1	150670774	0	146
v-yomawari.r04	-	50000000	1	200670774	0	194
v-yomawari.r05	-	50000000	1	250670774	0	242
v-yomawari.r06	-	50000000	1	300670774	0	290
v-yomawari.r07	-	50000000	1	350670774	0	338
v-yomawari.r08	-	50000000	1	400670774	0	386
v-yomawari.r09	-	50000000	1	450670774	0	434
v-yomawari.r10	-	50000000	1	500670774	0	482
v-yomawari.r11	-	50000000	1	13299840	1	13
v-yomawari.r12	-	50000000	1	63299840	1	61
v-yomawari.r13	-	50000000	1	113299840	1	109
v-yomawari.r14	-	50000000	1	163299840	1	157
v-yomawari.r15	-	50000000	1	213299840	1	205
v-yomawari.r16	-	50000000	1	263299840	1	253
v-yomawari.r17	-	50000000	1	313299840	1	301
v-yomawari.r18	-	50000000	1	363299840	1	349
v-yomawari.r19	-	50000000	1	413299840	1	397
v-yomawari.r20	-	50000000	1	463299840	1	445
v-yomawari.r21	-	50000000	1	513299840	1	493
v-yomawari.r22	-	50000000	1	25882752	2	25
v-yomawari.r23	-	50000000	1	75882752	2	73
v-yomawari.r24	-	50000000	1	125882752	2	121
v-yomawari.r25	-	50000000	1	175882752	2	169
v-yomawari.r26	-	50000000	1	225882752	2	217
v-yomawari.r27	-	50000000	1	275882752	2	265
v-yomawari.r28	-	50000000	1	325882752	2	313
v-yomawari.r29	-	50000000	1	375882752	2	361
v-yomawari.r30	-	50000000	1	425882752	2	409
v-yomawari.r31	-	50000000	1	475882752	2	457
v-yomawari.r32	-	50000000	1	525882752	2	505
v-yomawari.r33	-	50000000	1	38465664	3	37
v-yomawari.r34	-	50000000	1	88465664	3	85
v-yomawari.r35	-	6235909	1	138465664	3	133
v-yomawari.rar	-	50000000	1	144701573	3	139
v-yomawari.sfv	-	925	1	194701573	3	187
