sxs-dusk_diver_v196608.nfo	-	3872	1	0	0	0
sxs-dusk_diver_v196608.r00	-	50000000	1	3872	0	1
sxs-dusk_diver_v196608.r01	-	50000000	1	50003872	0	49
sxs-dusk_diver_v196608.r02	-	50000000	1	100003872	0	97
sxs-dusk_diver_v196608.r03	-	50000000	1	150003872	0	145
sxs-dusk_diver_v196608.r04	-	50000000	1	200003872	0	193
sxs-dusk_diver_v196608.r05	-	50000000	1	250003872	0	241
sxs-dusk_diver_v196608.r06	-	13082129	1	300003872	0	289
sxs-dusk_diver_v196608.rar	-	50000000	1	313086001	0	302
sxs-dusk_diver_v196608.sfv	-	296	1	363086001	0	350
