sxs-legodcsv_v262144.nfo	-	4418	1	0	0	0
sxs-legodcsv_v262144.r00	-	50000000	1	4418	0	1
sxs-legodcsv_v262144.r01	-	50000000	1	50004418	0	49
sxs-legodcsv_v262144.r02	-	50000000	1	100004418	0	97
sxs-legodcsv_v262144.r03	-	50000000	1	150004418	0	145
sxs-legodcsv_v262144.r04	-	50000000	1	200004418	0	193
sxs-legodcsv_v262144.r05	-	50000000	1	250004418	0	241
sxs-legodcsv_v262144.r06	-	50000000	1	300004418	0	289
sxs-legodcsv_v262144.r07	-	50000000	1	350004418	0	337
sxs-legodcsv_v262144.r08	-	50000000	1	400004418	0	385
sxs-legodcsv_v262144.r09	-	50000000	1	450004418	0	433
sxs-legodcsv_v262144.r10	-	50000000	1	500004418	0	481
sxs-legodcsv_v262144.r11	-	50000000	1	12251264	1	12
sxs-legodcsv_v262144.r12	-	50000000	1	62251264	1	60
sxs-legodcsv_v262144.r13	-	50000000	1	112251264	1	108
sxs-legodcsv_v262144.r14	-	50000000	1	162251264	1	156
sxs-legodcsv_v262144.r15	-	50000000	1	212251264	1	204
sxs-legodcsv_v262144.r16	-	50000000	1	262251264	1	252
sxs-legodcsv_v262144.r17	-	50000000	1	312251264	1	300
sxs-legodcsv_v262144.r18	-	14178685	1	362251264	1	348
sxs-legodcsv_v262144.rar	-	50000000	1	376429949	1	362
sxs-legodcsv_v262144.sfv	-	700	1	426429949	1	410
