Proof	d	0	1	0	0	0
Proof/v-snrpg.jpg	-	112250	1	0	0	0
v-snrpg.nfo	-	3952	1	112250	0	1
v-snrpg.r00	-	50000000	1	116202	0	2
v-snrpg.r01	-	50000000	1	50116202	0	50
v-snrpg.r02	-	50000000	1	100116202	0	98
v-snrpg.r03	-	50000000	1	150116202	0	146
v-snrpg.r04	-	50000000	1	200116202	0	194
v-snrpg.r05	-	50000000	1	250116202	0	242
v-snrpg.r06	-	50000000	1	300116202	0	290
v-snrpg.r07	-	50000000	1	350116202	0	338
v-snrpg.r08	-	50000000	1	400116202	0	386
v-snrpg.r09	-	50000000	1	450116202	0	434
v-snrpg.r10	-	50000000	1	500116202	0	482
v-snrpg.r11	-	50000000	1	12251264	1	12
v-snrpg.r12	-	50000000	1	62251264	1	60
v-snrpg.r13	-	50000000	1	112251264	1	108
v-snrpg.r14	-	50000000	1	162251264	1	156
v-snrpg.r15	-	50000000	1	212251264	1	204
v-snrpg.r16	-	50000000	1	262251264	1	252
v-snrpg.r17	-	50000000	1	312251264	1	300
v-snrpg.r18	-	50000000	1	362251264	1	348
v-snrpg.r19	-	50000000	1	412251264	1	396
v-snrpg.r20	-	50000000	1	462251264	1	444
v-snrpg.r21	-	50000000	1	512251264	1	492
v-snrpg.r22	-	50000000	1	24834176	2	24
v-snrpg.r23	-	50000000	1	74834176	2	72
v-snrpg.r24	-	50000000	1	124834176	2	120
v-snrpg.r25	-	50000000	1	174834176	2	168
v-snrpg.r26	-	50000000	1	224834176	2	216
v-snrpg.r27	-	50000000	1	274834176	2	264
v-snrpg.r28	-	50000000	1	324834176	2	312
v-snrpg.r29	-	50000000	1	374834176	2	360
v-snrpg.r30	-	50000000	1	424834176	2	408
v-snrpg.r31	-	50000000	1	474834176	2	456
v-snrpg.r32	-	50000000	1	524834176	2	504
v-snrpg.r33	-	50000000	1	37417088	3	36
v-snrpg.r34	-	50000000	1	87417088	3	84
v-snrpg.r35	-	50000000	1	137417088	3	132
v-snrpg.r36	-	50000000	1	187417088	3	180
v-snrpg.r37	-	50000000	1	237417088	3	228
v-snrpg.r38	-	50000000	1	287417088	3	276
v-snrpg.r39	-	50000000	1	337417088	3	324
v-snrpg.r40	-	50000000	1	387417088	3	372
v-snrpg.r41	-	50000000	1	437417088	3	420
v-snrpg.r42	-	50000000	1	487417088	3	468
v-snrpg.r43	-	50000000	1	0	4	0
v-snrpg.r44	-	50000000	1	50000000	4	48
v-snrpg.r45	-	50000000	1	100000000	4	96
v-snrpg.r46	-	50000000	1	150000000	4	144
v-snrpg.r47	-	50000000	1	200000000	4	192
v-snrpg.r48	-	50000000	1	250000000	4	240
v-snrpg.r49	-	50000000	1	300000000	4	288
v-snrpg.r50	-	50000000	1	350000000	4	336
v-snrpg.r51	-	50000000	1	400000000	4	384
v-snrpg.r52	-	50000000	1	450000000	4	432
v-snrpg.r53	-	50000000	1	500000000	4	480
v-snrpg.r54	-	50000000	1	12251264	5	12
v-snrpg.r55	-	50000000	1	62251264	5	60
v-snrpg.r56	-	50000000	1	112251264	5	108
v-snrpg.r57	-	50000000	1	162251264	5	156
v-snrpg.r58	-	50000000	1	212251264	5	204
v-snrpg.r59	-	50000000	1	262251264	5	252
v-snrpg.r60	-	50000000	1	312251264	5	300
v-snrpg.r61	-	50000000	1	362251264	5	348
v-snrpg.r62	-	50000000	1	412251264	5	396
v-snrpg.r63	-	50000000	1	462251264	5	444
v-snrpg.r64	-	50000000	1	512251264	5	492
v-snrpg.r65	-	50000000	1	24834176	6	24
v-snrpg.r66	-	50000000	1	74834176	6	72
v-snrpg.r67	-	50000000	1	124834176	6	120
v-snrpg.r68	-	50000000	1	174834176	6	168
v-snrpg.r69	-	50000000	1	224834176	6	216
v-snrpg.r70	-	50000000	1	274834176	6	264
v-snrpg.r71	-	50000000	1	324834176	6	312
v-snrpg.r72	-	50000000	1	374834176	6	360
v-snrpg.r73	-	50000000	1	424834176	6	408
v-snrpg.r74	-	494903	1	474834176	6	456
v-snrpg.rar	-	50000000	1	475329079	6	457
v-snrpg.sfv	-	1672	1	525329079	6	505
