sxs-samshom_v1376256.nfo	-	5822	1	0	0	0
sxs-samshom_v1376256.r00	-	100000000	1	5822	0	1
sxs-samshom_v1376256.r01	-	100000000	1	100005822	0	97
sxs-samshom_v1376256.r02	-	100000000	1	200005822	0	193
sxs-samshom_v1376256.r03	-	100000000	1	300005822	0	289
sxs-samshom_v1376256.r04	-	100000000	1	400005822	0	385
sxs-samshom_v1376256.r05	-	100000000	1	500005822	0	481
sxs-samshom_v1376256.r06	-	100000000	1	62251264	1	60
sxs-samshom_v1376256.r07	-	100000000	1	162251264	1	156
sxs-samshom_v1376256.r08	-	100000000	1	262251264	1	252
sxs-samshom_v1376256.r09	-	100000000	1	362251264	1	348
sxs-samshom_v1376256.r10	-	100000000	1	462251264	1	444
sxs-samshom_v1376256.r11	-	100000000	1	24502528	2	24
sxs-samshom_v1376256.r12	-	100000000	1	124502528	2	120
sxs-samshom_v1376256.r13	-	100000000	1	224502528	2	216
sxs-samshom_v1376256.r14	-	100000000	1	324502528	2	312
sxs-samshom_v1376256.r15	-	100000000	1	424502528	2	408
sxs-samshom_v1376256.r16	-	100000000	1	524502528	2	504
sxs-samshom_v1376256.r17	-	100000000	1	87417088	3	84
sxs-samshom_v1376256.r18	-	100000000	1	187417088	3	180
sxs-samshom_v1376256.r19	-	100000000	1	287417088	3	276
sxs-samshom_v1376256.r20	-	100000000	1	387417088	3	372
sxs-samshom_v1376256.r21	-	100000000	1	487417088	3	468
sxs-samshom_v1376256.r22	-	100000000	1	49668352	4	48
sxs-samshom_v1376256.r23	-	100000000	1	149668352	4	144
sxs-samshom_v1376256.r24	-	100000000	1	249668352	4	240
sxs-samshom_v1376256.r25	-	100000000	1	349668352	4	336
sxs-samshom_v1376256.r26	-	100000000	1	449668352	4	432
sxs-samshom_v1376256.r27	-	100000000	1	11919616	5	12
sxs-samshom_v1376256.r28	-	100000000	1	111919616	5	108
sxs-samshom_v1376256.r29	-	100000000	1	211919616	5	204
sxs-samshom_v1376256.r30	-	100000000	1	311919616	5	300
sxs-samshom_v1376256.r31	-	100000000	1	411919616	5	396
sxs-samshom_v1376256.r32	-	100000000	1	511919616	5	492
sxs-samshom_v1376256.r33	-	100000000	1	74834176	6	72
sxs-samshom_v1376256.r34	-	100000000	1	174834176	6	168
sxs-samshom_v1376256.r35	-	100000000	1	274834176	6	264
sxs-samshom_v1376256.r36	-	100000000	1	374834176	6	360
sxs-samshom_v1376256.r37	-	100000000	1	474834176	6	456
sxs-samshom_v1376256.r38	-	100000000	1	37085440	7	36
sxs-samshom_v1376256.r39	-	100000000	1	137085440	7	132
sxs-samshom_v1376256.r40	-	100000000	1	237085440	7	228
sxs-samshom_v1376256.r41	-	100000000	1	337085440	7	324
sxs-samshom_v1376256.r42	-	100000000	1	437085440	7	420
sxs-samshom_v1376256.r43	-	100000000	1	0	8	0
sxs-samshom_v1376256.r44	-	100000000	1	100000000	8	96
sxs-samshom_v1376256.r45	-	100000000	1	200000000	8	192
sxs-samshom_v1376256.r46	-	100000000	1	300000000	8	288
sxs-samshom_v1376256.r47	-	100000000	1	400000000	8	384
sxs-samshom_v1376256.r48	-	100000000	1	500000000	8	480
sxs-samshom_v1376256.r49	-	100000000	1	62251264	9	60
sxs-samshom_v1376256.r50	-	100000000	1	162251264	9	156
sxs-samshom_v1376256.r51	-	100000000	1	262251264	9	252
sxs-samshom_v1376256.r52	-	100000000	1	362251264	9	348
sxs-samshom_v1376256.r53	-	100000000	1	462251264	9	444
sxs-samshom_v1376256.r54	-	100000000	1	24502528	10	24
sxs-samshom_v1376256.r55	-	100000000	1	124502528	10	120
sxs-samshom_v1376256.r56	-	100000000	1	224502528	10	216
sxs-samshom_v1376256.r57	-	100000000	1	324502528	10	312
sxs-samshom_v1376256.r58	-	100000000	1	424502528	10	408
sxs-samshom_v1376256.r59	-	100000000	1	524502528	10	504
sxs-samshom_v1376256.r60	-	100000000	1	87417088	11	84
sxs-samshom_v1376256.r61	-	100000000	1	187417088	11	180
sxs-samshom_v1376256.r62	-	58876165	1	287417088	11	276
sxs-samshom_v1376256.rar	-	100000000	1	346293253	11	333
sxs-samshom_v1376256.sfv	-	2240	1	446293253	11	429
