n-overcookedayce.nfo	-	6072	1	0	0	0
n-overcookedayce.r00	-	300000000	1	6072	0	1
n-overcookedayce.r01	-	300000000	1	300006072	0	288
n-overcookedayce.r02	-	300000000	1	63021824	1	61
n-overcookedayce.r03	-	300000000	1	363021824	1	348
n-overcookedayce.r04	-	300000000	1	125936384	2	121
n-overcookedayce.r05	-	300000000	1	425936384	2	408
n-overcookedayce.r06	-	300000000	1	188850944	3	181
n-overcookedayce.r07	-	300000000	1	488850944	3	468
n-overcookedayce.r08	-	300000000	1	251765504	4	241
n-overcookedayce.r09	-	300000000	1	14787328	5	15
n-overcookedayce.r10	-	300000000	1	314787328	5	302
n-overcookedayce.r11	-	300000000	1	77701888	6	75
n-overcookedayce.r12	-	300000000	1	377701888	6	362
n-overcookedayce.r13	-	300000000	1	140616448	7	135
n-overcookedayce.r14	-	300000000	1	440616448	7	422
n-overcookedayce.r15	-	300000000	1	203531008	8	195
n-overcookedayce.r16	-	300000000	1	503531008	8	482
n-overcookedayce.r17	-	300000000	1	266445568	9	255
n-overcookedayce.r18	-	300000000	1	29467392	10	29
n-overcookedayce.r19	-	300000000	1	329467392	10	316
n-overcookedayce.r20	-	300000000	1	92381952	11	89
n-overcookedayce.r21	-	300000000	1	392381952	11	376
n-overcookedayce.r22	-	300000000	1	155296512	12	149
n-overcookedayce.r23	-	300000000	1	455296512	12	436
n-overcookedayce.r24	-	300000000	1	218211072	13	209
n-overcookedayce.r25	-	300000000	1	518211072	13	496
n-overcookedayce.r26	-	300000000	1	281125632	14	269
n-overcookedayce.r27	-	300000000	1	44147456	15	43
n-overcookedayce.r28	-	300000000	1	344147456	15	330
n-overcookedayce.r29	-	300000000	1	107062016	16	103
n-overcookedayce.r30	-	300000000	1	407062016	16	390
n-overcookedayce.r31	-	300000000	1	169976576	17	163
n-overcookedayce.r32	-	300000000	1	469976576	17	450
n-overcookedayce.r33	-	300000000	1	232891136	18	223
n-overcookedayce.r34	-	300000000	1	532891136	18	510
n-overcookedayce.r35	-	300000000	1	295805696	19	283
n-overcookedayce.r36	-	276533965	1	58827520	20	57
n-overcookedayce.rar	-	300000000	1	335361485	20	321
n-overcookedayce.sfv	-	1178	1	97624832	21	94
