v-quake_v458752_dlc.nfo	-	12688	1	0	0	0
v-quake_v458752_dlc.r00	-	50000000	1	12688	0	1
v-quake_v458752_dlc.r01	-	50000000	1	50012688	0	49
v-quake_v458752_dlc.r02	-	50000000	1	100012688	0	97
v-quake_v458752_dlc.r03	-	50000000	1	150012688	0	145
v-quake_v458752_dlc.r04	-	50000000	1	200012688	0	193
v-quake_v458752_dlc.r05	-	50000000	1	250012688	0	241
v-quake_v458752_dlc.r06	-	50000000	1	300012688	0	289
v-quake_v458752_dlc.r07	-	50000000	1	350012688	0	337
v-quake_v458752_dlc.r08	-	17488115	1	400012688	0	385
v-quake_v458752_dlc.rar	-	50000000	1	417500803	0	402
v-quake_v458752_dlc.sfv	-	340	1	467500803	0	450
