sxs-beasties.nfo	-	7616	1	0	0	0
sxs-beasties.r00	-	50000000	1	7616	0	1
sxs-beasties.r01	-	50000000	1	50007616	0	49
sxs-beasties.r02	-	50000000	1	100007616	0	97
sxs-beasties.r03	-	50000000	1	150007616	0	145
sxs-beasties.r04	-	50000000	1	200007616	0	193
sxs-beasties.r05	-	50000000	1	250007616	0	241
sxs-beasties.r06	-	50000000	1	300007616	0	289
sxs-beasties.r07	-	50000000	1	350007616	0	337
sxs-beasties.r08	-	50000000	1	400007616	0	385
sxs-beasties.r09	-	50000000	1	450007616	0	433
sxs-beasties.r10	-	50000000	1	500007616	0	481
sxs-beasties.r11	-	50000000	1	12251264	1	12
sxs-beasties.r12	-	18748474	1	62251264	1	60
sxs-beasties.rar	-	50000000	1	80999738	1	78
sxs-beasties.sfv	-	378	1	130999738	1	126
