v-shadowgate.nfo	-	7306	1	0	0	0
v-shadowgate.r00	-	50000000	1	7306	0	1
v-shadowgate.r01	-	50000000	1	50007306	0	49
v-shadowgate.r02	-	50000000	1	100007306	0	97
v-shadowgate.r03	-	50000000	1	150007306	0	145
v-shadowgate.r04	-	50000000	1	200007306	0	193
v-shadowgate.r05	-	50000000	1	250007306	0	241
v-shadowgate.r06	-	50000000	1	300007306	0	289
v-shadowgate.r07	-	50000000	1	350007306	0	337
v-shadowgate.r08	-	50000000	1	400007306	0	385
v-shadowgate.r09	-	50000000	1	450007306	0	433
v-shadowgate.r10	-	50000000	1	500007306	0	481
v-shadowgate.r11	-	50000000	1	12251264	1	12
v-shadowgate.r12	-	50000000	1	62251264	1	60
v-shadowgate.r13	-	50000000	1	112251264	1	108
v-shadowgate.r14	-	50000000	1	162251264	1	156
v-shadowgate.r15	-	50000000	1	212251264	1	204
v-shadowgate.r16	-	50000000	1	262251264	1	252
v-shadowgate.r17	-	50000000	1	312251264	1	300
v-shadowgate.r18	-	50000000	1	362251264	1	348
v-shadowgate.r19	-	50000000	1	412251264	1	396
v-shadowgate.r20	-	50000000	1	462251264	1	444
v-shadowgate.r21	-	41149551	1	512251264	1	492
v-shadowgate.rar	-	50000000	1	15983727	2	16
v-shadowgate.sfv	-	621	1	65983727	2	64
