sxs-paleo_pines_v131072.nfo	-	9878	1	0	0	0
sxs-paleo_pines_v131072.r00	-	100000000	1	9878	0	1
sxs-paleo_pines_v131072.r01	-	100000000	1	100009878	0	97
sxs-paleo_pines_v131072.r02	-	100000000	1	200009878	0	193
sxs-paleo_pines_v131072.r03	-	100000000	1	300009878	0	289
sxs-paleo_pines_v131072.r04	-	100000000	1	400009878	0	385
sxs-paleo_pines_v131072.r05	-	100000000	1	500009878	0	481
sxs-paleo_pines_v131072.r06	-	100000000	1	62251264	1	60
sxs-paleo_pines_v131072.r07	-	100000000	1	162251264	1	156
sxs-paleo_pines_v131072.r08	-	100000000	1	262251264	1	252
sxs-paleo_pines_v131072.r09	-	100000000	1	362251264	1	348
sxs-paleo_pines_v131072.r10	-	92210224	1	462251264	1	444
sxs-paleo_pines_v131072.rar	-	100000000	1	16712752	2	16
sxs-paleo_pines_v131072.sfv	-	456	1	116712752	2	112
