sxs-stardew_valley_v262144.nfo	-	5277	1	0	0	0
sxs-stardew_valley_v262144.r00	-	50000000	1	5277	0	1
sxs-stardew_valley_v262144.r01	-	50000000	1	50005277	0	49
sxs-stardew_valley_v262144.r02	-	50000000	1	100005277	0	97
sxs-stardew_valley_v262144.r03	-	50000000	1	150005277	0	145
sxs-stardew_valley_v262144.r04	-	50000000	1	200005277	0	193
sxs-stardew_valley_v262144.r05	-	50000000	1	250005277	0	241
sxs-stardew_valley_v262144.r06	-	50000000	1	300005277	0	289
sxs-stardew_valley_v262144.r07	-	50000000	1	350005277	0	337
sxs-stardew_valley_v262144.r08	-	50000000	1	400005277	0	385
sxs-stardew_valley_v262144.r09	-	50000000	1	450005277	0	433
sxs-stardew_valley_v262144.r10	-	19977505	1	500005277	0	481
sxs-stardew_valley_v262144.rar	-	50000000	1	519982782	0	501
sxs-stardew_valley_v262144.sfv	-	492	1	32174208	1	31
