l-aqbra.jpg	-	2182703	1	0	0	0
l-aqbra.nfo	-	3064	1	2182703	0	3
l-aqbra.part01.rar	-	250000000	1	2185767	0	4
l-aqbra.part02.rar	-	250000000	1	252185767	0	243
l-aqbra.part03.rar	-	250000000	1	502185767	0	482
l-aqbra.part04.rar	-	250000000	1	214348416	1	205
l-aqbra.part05.rar	-	250000000	1	464348416	1	444
l-aqbra.part06.rar	-	250000000	1	176599680	2	169
l-aqbra.part07.rar	-	250000000	1	426599680	2	408
l-aqbra.part08.rar	-	250000000	1	138850944	3	133
l-aqbra.part09.rar	-	145874938	1	388850944	3	372
l-aqbra.sfv	-	261	1	534725882	3	512
