sxs-taiko_no_tatsujin_v2883584.nfo	-	3950	1	0	0	0
sxs-taiko_no_tatsujin_v2883584.r00	-	50000000	1	3950	0	1
sxs-taiko_no_tatsujin_v2883584.r01	-	50000000	1	50003950	0	49
sxs-taiko_no_tatsujin_v2883584.r02	-	50000000	1	100003950	0	97
sxs-taiko_no_tatsujin_v2883584.r03	-	50000000	1	150003950	0	145
sxs-taiko_no_tatsujin_v2883584.r04	-	50000000	1	200003950	0	193
sxs-taiko_no_tatsujin_v2883584.r05	-	50000000	1	250003950	0	241
sxs-taiko_no_tatsujin_v2883584.r06	-	50000000	1	300003950	0	289
sxs-taiko_no_tatsujin_v2883584.r07	-	50000000	1	350003950	0	337
sxs-taiko_no_tatsujin_v2883584.r08	-	50000000	1	400003950	0	385
sxs-taiko_no_tatsujin_v2883584.r09	-	50000000	1	450003950	0	433
sxs-taiko_no_tatsujin_v2883584.r10	-	50000000	1	500003950	0	481
sxs-taiko_no_tatsujin_v2883584.r11	-	50000000	1	12251264	1	12
sxs-taiko_no_tatsujin_v2883584.r12	-	50000000	1	62251264	1	60
sxs-taiko_no_tatsujin_v2883584.r13	-	50000000	1	112251264	1	108
sxs-taiko_no_tatsujin_v2883584.r14	-	50000000	1	162251264	1	156
sxs-taiko_no_tatsujin_v2883584.r15	-	50000000	1	212251264	1	204
sxs-taiko_no_tatsujin_v2883584.r16	-	50000000	1	262251264	1	252
sxs-taiko_no_tatsujin_v2883584.r17	-	50000000	1	312251264	1	300
sxs-taiko_no_tatsujin_v2883584.r18	-	50000000	1	362251264	1	348
sxs-taiko_no_tatsujin_v2883584.r19	-	50000000	1	412251264	1	396
sxs-taiko_no_tatsujin_v2883584.r20	-	50000000	1	462251264	1	444
sxs-taiko_no_tatsujin_v2883584.r21	-	50000000	1	512251264	1	492
sxs-taiko_no_tatsujin_v2883584.r22	-	50000000	1	24834176	2	24
sxs-taiko_no_tatsujin_v2883584.r23	-	50000000	1	74834176	2	72
sxs-taiko_no_tatsujin_v2883584.r24	-	50000000	1	124834176	2	120
sxs-taiko_no_tatsujin_v2883584.r25	-	50000000	1	174834176	2	168
sxs-taiko_no_tatsujin_v2883584.r26	-	50000000	1	224834176	2	216
sxs-taiko_no_tatsujin_v2883584.r27	-	50000000	1	274834176	2	264
sxs-taiko_no_tatsujin_v2883584.r28	-	50000000	1	324834176	2	312
sxs-taiko_no_tatsujin_v2883584.r29	-	50000000	1	374834176	2	360
sxs-taiko_no_tatsujin_v2883584.r30	-	50000000	1	424834176	2	408
sxs-taiko_no_tatsujin_v2883584.r31	-	50000000	1	474834176	2	456
sxs-taiko_no_tatsujin_v2883584.r32	-	50000000	1	524834176	2	504
sxs-taiko_no_tatsujin_v2883584.r33	-	50000000	1	37417088	3	36
sxs-taiko_no_tatsujin_v2883584.r34	-	50000000	1	87417088	3	84
sxs-taiko_no_tatsujin_v2883584.r35	-	50000000	1	137417088	3	132
sxs-taiko_no_tatsujin_v2883584.r36	-	50000000	1	187417088	3	180
sxs-taiko_no_tatsujin_v2883584.r37	-	50000000	1	237417088	3	228
sxs-taiko_no_tatsujin_v2883584.r38	-	50000000	1	287417088	3	276
sxs-taiko_no_tatsujin_v2883584.r39	-	50000000	1	337417088	3	324
sxs-taiko_no_tatsujin_v2883584.r40	-	50000000	1	387417088	3	372
sxs-taiko_no_tatsujin_v2883584.r41	-	50000000	1	437417088	3	420
sxs-taiko_no_tatsujin_v2883584.r42	-	50000000	1	487417088	3	468
sxs-taiko_no_tatsujin_v2883584.r43	-	50000000	1	0	4	0
sxs-taiko_no_tatsujin_v2883584.r44	-	50000000	1	50000000	4	48
sxs-taiko_no_tatsujin_v2883584.r45	-	50000000	1	100000000	4	96
sxs-taiko_no_tatsujin_v2883584.r46	-	50000000	1	150000000	4	144
sxs-taiko_no_tatsujin_v2883584.r47	-	50000000	1	200000000	4	192
sxs-taiko_no_tatsujin_v2883584.r48	-	50000000	1	250000000	4	240
sxs-taiko_no_tatsujin_v2883584.r49	-	50000000	1	300000000	4	288
sxs-taiko_no_tatsujin_v2883584.r50	-	50000000	1	350000000	4	336
sxs-taiko_no_tatsujin_v2883584.r51	-	50000000	1	400000000	4	384
sxs-taiko_no_tatsujin_v2883584.r52	-	50000000	1	450000000	4	432
sxs-taiko_no_tatsujin_v2883584.r53	-	32989049	1	500000000	4	480
sxs-taiko_no_tatsujin_v2883584.rar	-	50000000	1	532989049	4	512
sxs-taiko_no_tatsujin_v2883584.sfv	-	2475	1	45805696	5	44
