v-crcr_v262144.nfo	-	5200	1	0	0	0
v-crcr_v262144.r00	-	50000000	1	5200	0	1
v-crcr_v262144.r01	-	50000000	1	50005200	0	49
v-crcr_v262144.r02	-	50000000	1	100005200	0	97
v-crcr_v262144.r03	-	50000000	1	150005200	0	145
v-crcr_v262144.r04	-	50000000	1	200005200	0	193
v-crcr_v262144.r05	-	50000000	1	250005200	0	241
v-crcr_v262144.r06	-	50000000	1	300005200	0	289
v-crcr_v262144.r07	-	50000000	1	350005200	0	337
v-crcr_v262144.r08	-	50000000	1	400005200	0	385
v-crcr_v262144.r09	-	32220824	1	450005200	0	433
v-crcr_v262144.rar	-	50000000	1	482226024	0	464
v-crcr_v262144.sfv	-	319	1	532226024	0	512
