bbb-h-ab4ja.nfo	-	5517	1	0	0	0
bbb-h-ab4ja.part01.rar	-	250000000	1	5517	0	1
bbb-h-ab4ja.part02.rar	-	250000000	1	250005517	0	240
bbb-h-ab4ja.part03.rar	-	250000000	1	500005517	0	479
bbb-h-ab4ja.part04.rar	-	250000000	1	212251264	1	203
bbb-h-ab4ja.part05.rar	-	250000000	1	462251264	1	442
bbb-h-ab4ja.part06.rar	-	250000000	1	174502528	2	167
bbb-h-ab4ja.part07.rar	-	250000000	1	424502528	2	406
bbb-h-ab4ja.part08.rar	-	250000000	1	136753792	3	131
bbb-h-ab4ja.part09.rar	-	250000000	1	386753792	3	370
bbb-h-ab4ja.part10.rar	-	250000000	1	99005056	4	95
bbb-h-ab4ja.part11.rar	-	250000000	1	349005056	4	334
bbb-h-ab4ja.part12.rar	-	250000000	1	61256320	5	59
bbb-h-ab4ja.part13.rar	-	250000000	1	311256320	5	298
bbb-h-ab4ja.part14.rar	-	250000000	1	23507584	6	23
bbb-h-ab4ja.part15.rar	-	250000000	1	273507584	6	262
bbb-h-ab4ja.part16.rar	-	250000000	1	523507584	6	501
bbb-h-ab4ja.part17.rar	-	250000000	1	236368512	7	226
bbb-h-ab4ja.part18.rar	-	250000000	1	486368512	7	465
bbb-h-ab4ja.part19.rar	-	250000000	1	198619776	8	190
bbb-h-ab4ja.part20.rar	-	250000000	1	448619776	8	429
bbb-h-ab4ja.part21.rar	-	250000000	1	160871040	9	154
bbb-h-ab4ja.part22.rar	-	250000000	1	410871040	9	393
bbb-h-ab4ja.part23.rar	-	250000000	1	123122304	10	118
bbb-h-ab4ja.part24.rar	-	250000000	1	373122304	10	357
bbb-h-ab4ja.part25.rar	-	250000000	1	85373568	11	82
bbb-h-ab4ja.part26.rar	-	250000000	1	335373568	11	321
bbb-h-ab4ja.part27.rar	-	250000000	1	47624832	12	46
bbb-h-ab4ja.part28.rar	-	250000000	1	297624832	12	285
bbb-h-ab4ja.part29.rar	-	250000000	1	9876096	13	10
bbb-h-ab4ja.part30.rar	-	250000000	1	259876096	13	249
bbb-h-ab4ja.part31.rar	-	250000000	1	509876096	13	488
bbb-h-ab4ja.part32.rar	-	198898648	1	222737024	14	213
bbb-h-ab4ja.sfv	-	1056	1	421635672	14	403
