brw-halh.nfo	-	4295	1	0	0	0
brw-halh.r00	-	50000000	1	4295	0	1
brw-halh.r01	-	50000000	1	50004295	0	49
brw-halh.r02	-	50000000	1	100004295	0	97
brw-halh.r03	-	50000000	1	150004295	0	145
brw-halh.r04	-	50000000	1	200004295	0	193
brw-halh.r05	-	50000000	1	250004295	0	241
brw-halh.r06	-	50000000	1	300004295	0	289
brw-halh.r07	-	50000000	1	350004295	0	337
brw-halh.r08	-	50000000	1	400004295	0	385
brw-halh.r09	-	50000000	1	450004295	0	433
brw-halh.r10	-	50000000	1	500004295	0	481
brw-halh.r11	-	50000000	1	12251264	1	12
brw-halh.r12	-	50000000	1	62251264	1	60
brw-halh.r13	-	50000000	1	112251264	1	108
brw-halh.r14	-	50000000	1	162251264	1	156
brw-halh.r15	-	50000000	1	212251264	1	204
brw-halh.r16	-	50000000	1	262251264	1	252
brw-halh.r17	-	50000000	1	312251264	1	300
brw-halh.r18	-	50000000	1	362251264	1	348
brw-halh.r19	-	50000000	1	412251264	1	396
brw-halh.r20	-	50000000	1	462251264	1	444
brw-halh.r21	-	50000000	1	512251264	1	492
brw-halh.r22	-	50000000	1	24834176	2	24
brw-halh.r23	-	50000000	1	74834176	2	72
brw-halh.r24	-	50000000	1	124834176	2	120
brw-halh.r25	-	50000000	1	174834176	2	168
brw-halh.r26	-	50000000	1	224834176	2	216
brw-halh.r27	-	50000000	1	274834176	2	264
brw-halh.r28	-	50000000	1	324834176	2	312
brw-halh.r29	-	50000000	1	374834176	2	360
brw-halh.r30	-	50000000	1	424834176	2	408
brw-halh.r31	-	50000000	1	474834176	2	456
brw-halh.r32	-	50000000	1	524834176	2	504
brw-halh.r33	-	50000000	1	37417088	3	36
brw-halh.r34	-	50000000	1	87417088	3	84
brw-halh.r35	-	50000000	1	137417088	3	132
brw-halh.r36	-	50000000	1	187417088	3	180
brw-halh.r37	-	50000000	1	237417088	3	228
brw-halh.r38	-	50000000	1	287417088	3	276
brw-halh.r39	-	50000000	1	337417088	3	324
brw-halh.r40	-	50000000	1	387417088	3	372
brw-halh.r41	-	50000000	1	437417088	3	420
brw-halh.r42	-	50000000	1	487417088	3	468
brw-halh.r43	-	50000000	1	0	4	0
brw-halh.r44	-	50000000	1	50000000	4	48
brw-halh.r45	-	50000000	1	100000000	4	96
brw-halh.r46	-	50000000	1	150000000	4	144
brw-halh.r47	-	50000000	1	200000000	4	192
brw-halh.r48	-	50000000	1	250000000	4	240
brw-halh.r49	-	50000000	1	300000000	4	288
brw-halh.r50	-	50000000	1	350000000	4	336
brw-halh.r51	-	50000000	1	400000000	4	384
brw-halh.r52	-	50000000	1	450000000	4	432
brw-halh.r53	-	50000000	1	500000000	4	480
brw-halh.r54	-	50000000	1	12251264	5	12
brw-halh.r55	-	50000000	1	62251264	5	60
brw-halh.r56	-	50000000	1	112251264	5	108
brw-halh.r57	-	50000000	1	162251264	5	156
brw-halh.r58	-	50000000	1	212251264	5	204
brw-halh.r59	-	50000000	1	262251264	5	252
brw-halh.r60	-	50000000	1	312251264	5	300
brw-halh.r61	-	31276591	1	362251264	5	348
brw-halh.rar	-	50000000	1	393527855	5	378
brw-halh.sfv	-	1449	1	443527855	5	426
