lfc-gunb_v196608.nfo	-	6507	1	0	0	0
lfc-gunb_v196608.r00	-	50000000	1	6507	0	1
lfc-gunb_v196608.r01	-	50000000	1	50006507	0	49
lfc-gunb_v196608.r02	-	50000000	1	100006507	0	97
lfc-gunb_v196608.r03	-	50000000	1	150006507	0	145
lfc-gunb_v196608.r04	-	50000000	1	200006507	0	193
lfc-gunb_v196608.r05	-	50000000	1	250006507	0	241
lfc-gunb_v196608.r06	-	50000000	1	300006507	0	289
lfc-gunb_v196608.r07	-	9113551	1	350006507	0	337
lfc-gunb_v196608.rar	-	50000000	1	359120058	0	346
lfc-gunb_v196608.sfv	-	279	1	409120058	0	394
