v-aoxxl2_v196608.nfo	-	7698	1	0	0	0
v-aoxxl2_v196608.r00	-	50000000	1	7698	0	1
v-aoxxl2_v196608.r01	-	50000000	1	50007698	0	49
v-aoxxl2_v196608.r02	-	50000000	1	100007698	0	97
v-aoxxl2_v196608.r03	-	50000000	1	150007698	0	145
v-aoxxl2_v196608.r04	-	50000000	1	200007698	0	193
v-aoxxl2_v196608.r05	-	50000000	1	250007698	0	241
v-aoxxl2_v196608.r06	-	50000000	1	300007698	0	289
v-aoxxl2_v196608.r07	-	50000000	1	350007698	0	337
v-aoxxl2_v196608.r08	-	50000000	1	400007698	0	385
v-aoxxl2_v196608.r09	-	50000000	1	450007698	0	433
v-aoxxl2_v196608.r10	-	50000000	1	500007698	0	481
v-aoxxl2_v196608.r11	-	50000000	1	12251264	1	12
v-aoxxl2_v196608.r12	-	50000000	1	62251264	1	60
v-aoxxl2_v196608.r13	-	27012204	1	112251264	1	108
v-aoxxl2_v196608.rar	-	50000000	1	139263468	1	134
v-aoxxl2_v196608.sfv	-	465	1	189263468	1	182
