Proof	d	0	1	0	0	0
Proof/v-incfp.jpg	-	96133	1	0	0	0
v-incfp.nfo	-	5746	1	96133	0	1
v-incfp.r00	-	50000000	1	101879	0	2
v-incfp.r01	-	50000000	1	50101879	0	50
v-incfp.r02	-	50000000	1	100101879	0	98
v-incfp.r03	-	50000000	1	150101879	0	146
v-incfp.r04	-	50000000	1	200101879	0	194
v-incfp.r05	-	50000000	1	250101879	0	242
v-incfp.r06	-	50000000	1	300101879	0	290
v-incfp.r07	-	50000000	1	350101879	0	338
v-incfp.r08	-	50000000	1	400101879	0	386
v-incfp.r09	-	50000000	1	450101879	0	434
v-incfp.r10	-	50000000	1	500101879	0	482
v-incfp.r11	-	50000000	1	12251264	1	12
v-incfp.r12	-	50000000	1	62251264	1	60
v-incfp.r13	-	50000000	1	112251264	1	108
v-incfp.r14	-	50000000	1	162251264	1	156
v-incfp.r15	-	50000000	1	212251264	1	204
v-incfp.r16	-	50000000	1	262251264	1	252
v-incfp.r17	-	50000000	1	312251264	1	300
v-incfp.r18	-	50000000	1	362251264	1	348
v-incfp.r19	-	50000000	1	412251264	1	396
v-incfp.r20	-	50000000	1	462251264	1	444
v-incfp.r21	-	50000000	1	512251264	1	492
v-incfp.r22	-	50000000	1	24834176	2	24
v-incfp.r23	-	50000000	1	74834176	2	72
v-incfp.r24	-	50000000	1	124834176	2	120
v-incfp.r25	-	50000000	1	174834176	2	168
v-incfp.r26	-	50000000	1	224834176	2	216
v-incfp.r27	-	11003177	1	274834176	2	264
v-incfp.rar	-	50000000	1	285837353	2	275
v-incfp.sfv	-	638	1	335837353	2	323
