hr-clocker.nfo	-	11258	1	0	0	0
hr-clocker.r00	-	50000000	1	11258	0	1
hr-clocker.r01	-	50000000	1	50011258	0	49
hr-clocker.r02	-	50000000	1	100011258	0	97
hr-clocker.r03	-	50000000	1	150011258	0	145
hr-clocker.r04	-	50000000	1	200011258	0	193
hr-clocker.r05	-	50000000	1	250011258	0	241
hr-clocker.r06	-	50000000	1	300011258	0	289
hr-clocker.r07	-	50000000	1	350011258	0	337
hr-clocker.r08	-	50000000	1	400011258	0	385
hr-clocker.r09	-	50000000	1	450011258	0	433
hr-clocker.r10	-	50000000	1	500011258	0	481
hr-clocker.r11	-	50000000	1	12251264	1	12
hr-clocker.r12	-	50000000	1	62251264	1	60
hr-clocker.r13	-	50000000	1	112251264	1	108
hr-clocker.r14	-	50000000	1	162251264	1	156
hr-clocker.r15	-	50000000	1	212251264	1	204
hr-clocker.r16	-	50000000	1	262251264	1	252
hr-clocker.r17	-	50000000	1	312251264	1	300
hr-clocker.r18	-	50000000	1	362251264	1	348
hr-clocker.r19	-	50000000	1	412251264	1	396
hr-clocker.r20	-	50000000	1	462251264	1	444
hr-clocker.r21	-	50000000	1	512251264	1	492
hr-clocker.r22	-	50000000	1	24834176	2	24
hr-clocker.r23	-	50000000	1	74834176	2	72
hr-clocker.r24	-	50000000	1	124834176	2	120
hr-clocker.r25	-	50000000	1	174834176	2	168
hr-clocker.r26	-	50000000	1	224834176	2	216
hr-clocker.r27	-	50000000	1	274834176	2	264
hr-clocker.r28	-	50000000	1	324834176	2	312
hr-clocker.r29	-	50000000	1	374834176	2	360
hr-clocker.r30	-	50000000	1	424834176	2	408
hr-clocker.r31	-	50000000	1	474834176	2	456
hr-clocker.r32	-	50000000	1	524834176	2	504
hr-clocker.r33	-	50000000	1	37417088	3	36
hr-clocker.r34	-	50000000	1	87417088	3	84
hr-clocker.r35	-	50000000	1	137417088	3	132
hr-clocker.r36	-	50000000	1	187417088	3	180
hr-clocker.r37	-	50000000	1	237417088	3	228
hr-clocker.r38	-	50000000	1	287417088	3	276
hr-clocker.r39	-	50000000	1	337417088	3	324
hr-clocker.r40	-	50000000	1	387417088	3	372
hr-clocker.r41	-	50000000	1	437417088	3	420
hr-clocker.r42	-	50000000	1	487417088	3	468
hr-clocker.r43	-	50000000	1	0	4	0
hr-clocker.r44	-	50000000	1	50000000	4	48
hr-clocker.r45	-	50000000	1	100000000	4	96
hr-clocker.r46	-	50000000	1	150000000	4	144
hr-clocker.r47	-	50000000	1	200000000	4	192
hr-clocker.r48	-	50000000	1	250000000	4	240
hr-clocker.r49	-	50000000	1	300000000	4	288
hr-clocker.r50	-	50000000	1	350000000	4	336
hr-clocker.r51	-	50000000	1	400000000	4	384
hr-clocker.r52	-	50000000	1	450000000	4	432
hr-clocker.r53	-	50000000	1	500000000	4	480
hr-clocker.r54	-	50000000	1	12251264	5	12
hr-clocker.r55	-	50000000	1	62251264	5	60
hr-clocker.r56	-	50000000	1	112251264	5	108
hr-clocker.r57	-	50000000	1	162251264	5	156
hr-clocker.r58	-	50000000	1	212251264	5	204
hr-clocker.r59	-	50000000	1	262251264	5	252
hr-clocker.r60	-	8679105	1	312251264	5	300
hr-clocker.rar	-	50000000	1	320930369	5	309
hr-clocker.sfv	-	1550	1	370930369	5	357
