sxs-35mm_v196608.nfo	-	5042	1	0	0	0
sxs-35mm_v196608.r00	-	50000000	1	5042	0	1
sxs-35mm_v196608.r01	-	50000000	1	50005042	0	49
sxs-35mm_v196608.r02	-	50000000	1	100005042	0	97
sxs-35mm_v196608.r03	-	50000000	1	150005042	0	145
sxs-35mm_v196608.r04	-	50000000	1	200005042	0	193
sxs-35mm_v196608.r05	-	50000000	1	250005042	0	241
sxs-35mm_v196608.r06	-	50000000	1	300005042	0	289
sxs-35mm_v196608.r07	-	50000000	1	350005042	0	337
sxs-35mm_v196608.r08	-	50000000	1	400005042	0	385
sxs-35mm_v196608.r09	-	9082553	1	450005042	0	433
sxs-35mm_v196608.rar	-	50000000	1	459087595	0	442
sxs-35mm_v196608.sfv	-	341	1	509087595	0	490
