v-unusual_findings_v131072.nfo	-	5980	1	0	0	0
v-unusual_findings_v131072.r00	-	50000000	1	5980	0	1
v-unusual_findings_v131072.r01	-	50000000	1	50005980	0	49
v-unusual_findings_v131072.r02	-	50000000	1	100005980	0	97
v-unusual_findings_v131072.r03	-	50000000	1	150005980	0	145
v-unusual_findings_v131072.r04	-	50000000	1	200005980	0	193
v-unusual_findings_v131072.r05	-	50000000	1	250005980	0	241
v-unusual_findings_v131072.r06	-	50000000	1	300005980	0	289
v-unusual_findings_v131072.r07	-	50000000	1	350005980	0	337
v-unusual_findings_v131072.r08	-	50000000	1	400005980	0	385
v-unusual_findings_v131072.r09	-	50000000	1	450005980	0	433
v-unusual_findings_v131072.r10	-	50000000	1	500005980	0	481
v-unusual_findings_v131072.r11	-	50000000	1	12251264	1	12
v-unusual_findings_v131072.r12	-	50000000	1	62251264	1	60
v-unusual_findings_v131072.r13	-	50000000	1	112251264	1	108
v-unusual_findings_v131072.r14	-	50000000	1	162251264	1	156
v-unusual_findings_v131072.r15	-	2775040	1	212251264	1	204
v-unusual_findings_v131072.rar	-	50000000	1	215026304	1	207
v-unusual_findings_v131072.sfv	-	697	1	265026304	1	255
