sxs-marvelua3_v65536.nfo	-	5432	1	0	0	0
sxs-marvelua3_v65536.r00	-	50000000	1	5432	0	1
sxs-marvelua3_v65536.r01	-	50000000	1	50005432	0	49
sxs-marvelua3_v65536.r02	-	50000000	1	100005432	0	97
sxs-marvelua3_v65536.r03	-	50000000	1	150005432	0	145
sxs-marvelua3_v65536.r04	-	50000000	1	200005432	0	193
sxs-marvelua3_v65536.r05	-	50000000	1	250005432	0	241
sxs-marvelua3_v65536.r06	-	50000000	1	300005432	0	289
sxs-marvelua3_v65536.r07	-	50000000	1	350005432	0	337
sxs-marvelua3_v65536.r08	-	50000000	1	400005432	0	385
sxs-marvelua3_v65536.r09	-	50000000	1	450005432	0	433
sxs-marvelua3_v65536.r10	-	50000000	1	500005432	0	481
sxs-marvelua3_v65536.r11	-	30115944	1	12251264	1	12
sxs-marvelua3_v65536.rar	-	50000000	1	42367208	1	41
sxs-marvelua3_v65536.sfv	-	455	1	92367208	1	89
