sxs-wurroom.nfo	-	4964	1	0	0	0
sxs-wurroom.r00	-	50000000	1	4964	0	1
sxs-wurroom.r01	-	50000000	1	50004964	0	49
sxs-wurroom.r02	-	50000000	1	100004964	0	97
sxs-wurroom.r03	-	50000000	1	150004964	0	145
sxs-wurroom.r04	-	50000000	1	200004964	0	193
sxs-wurroom.r05	-	50000000	1	250004964	0	241
sxs-wurroom.r06	-	50000000	1	300004964	0	289
sxs-wurroom.r07	-	50000000	1	350004964	0	337
sxs-wurroom.r08	-	50000000	1	400004964	0	385
sxs-wurroom.r09	-	50000000	1	450004964	0	433
sxs-wurroom.r10	-	50000000	1	500004964	0	481
sxs-wurroom.r11	-	50000000	1	12251264	1	12
sxs-wurroom.r12	-	50000000	1	62251264	1	60
sxs-wurroom.r13	-	50000000	1	112251264	1	108
sxs-wurroom.r14	-	50000000	1	162251264	1	156
sxs-wurroom.r15	-	50000000	1	212251264	1	204
sxs-wurroom.r16	-	50000000	1	262251264	1	252
sxs-wurroom.r17	-	50000000	1	312251264	1	300
sxs-wurroom.r18	-	50000000	1	362251264	1	348
sxs-wurroom.r19	-	50000000	1	412251264	1	396
sxs-wurroom.r20	-	50000000	1	462251264	1	444
sxs-wurroom.r21	-	43957283	1	512251264	1	492
sxs-wurroom.rar	-	50000000	1	18791459	2	18
sxs-wurroom.sfv	-	598	1	68791459	2	66
