Proof	d	0	1	0	0	0
Proof/v-runbow.jpg	-	5742525	1	0	0	0
v-runbow.nfo	-	2310	1	5742525	0	6
v-runbow.r00	-	50000000	1	5744835	0	7
v-runbow.r01	-	50000000	1	55744835	0	55
v-runbow.r02	-	50000000	1	105744835	0	103
v-runbow.r03	-	50000000	1	155744835	0	151
v-runbow.r04	-	50000000	1	205744835	0	199
v-runbow.r05	-	50000000	1	255744835	0	247
v-runbow.r06	-	50000000	1	305744835	0	295
v-runbow.r07	-	50000000	1	355744835	0	343
v-runbow.r08	-	50000000	1	405744835	0	391
v-runbow.r09	-	50000000	1	455744835	0	439
v-runbow.r10	-	50000000	1	505744835	0	487
v-runbow.r11	-	50000000	1	18542720	1	18
v-runbow.r12	-	50000000	1	68542720	1	66
v-runbow.r13	-	50000000	1	118542720	1	114
v-runbow.r14	-	50000000	1	168542720	1	162
v-runbow.r15	-	50000000	1	218542720	1	210
v-runbow.r16	-	50000000	1	268542720	1	258
v-runbow.r17	-	50000000	1	318542720	1	306
v-runbow.r18	-	50000000	1	368542720	1	354
v-runbow.r19	-	50000000	1	418542720	1	402
v-runbow.r20	-	50000000	1	468542720	1	450
v-runbow.r21	-	50000000	1	518542720	1	498
v-runbow.r22	-	50000000	1	31125632	2	30
v-runbow.r23	-	50000000	1	81125632	2	78
v-runbow.r24	-	50000000	1	131125632	2	126
v-runbow.r25	-	50000000	1	181125632	2	174
v-runbow.r26	-	50000000	1	231125632	2	222
v-runbow.r27	-	50000000	1	281125632	2	270
v-runbow.r28	-	10546774	1	331125632	2	318
v-runbow.rar	-	50000000	1	341672406	2	329
v-runbow.sfv	-	690	1	391672406	2	377
