sxs-kill_la_kill_if_v262144.nfo	-	3872	1	0	0	0
sxs-kill_la_kill_if_v262144.r00	-	50000000	1	3872	0	1
sxs-kill_la_kill_if_v262144.r01	-	50000000	1	50003872	0	49
sxs-kill_la_kill_if_v262144.r02	-	50000000	1	100003872	0	97
sxs-kill_la_kill_if_v262144.r03	-	50000000	1	150003872	0	145
sxs-kill_la_kill_if_v262144.r04	-	50000000	1	200003872	0	193
sxs-kill_la_kill_if_v262144.r05	-	50000000	1	250003872	0	241
sxs-kill_la_kill_if_v262144.r06	-	50000000	1	300003872	0	289
sxs-kill_la_kill_if_v262144.r07	-	50000000	1	350003872	0	337
sxs-kill_la_kill_if_v262144.r08	-	50000000	1	400003872	0	385
sxs-kill_la_kill_if_v262144.r09	-	50000000	1	450003872	0	433
sxs-kill_la_kill_if_v262144.r10	-	50000000	1	500003872	0	481
sxs-kill_la_kill_if_v262144.r11	-	50000000	1	12251264	1	12
sxs-kill_la_kill_if_v262144.r12	-	50000000	1	62251264	1	60
sxs-kill_la_kill_if_v262144.r13	-	50000000	1	112251264	1	108
sxs-kill_la_kill_if_v262144.r14	-	50000000	1	162251264	1	156
sxs-kill_la_kill_if_v262144.r15	-	50000000	1	212251264	1	204
sxs-kill_la_kill_if_v262144.r16	-	50000000	1	262251264	1	252
sxs-kill_la_kill_if_v262144.r17	-	50000000	1	312251264	1	300
sxs-kill_la_kill_if_v262144.r18	-	50000000	1	362251264	1	348
sxs-kill_la_kill_if_v262144.r19	-	50000000	1	412251264	1	396
sxs-kill_la_kill_if_v262144.r20	-	50000000	1	462251264	1	444
sxs-kill_la_kill_if_v262144.r21	-	50000000	1	512251264	1	492
sxs-kill_la_kill_if_v262144.r22	-	50000000	1	24834176	2	24
sxs-kill_la_kill_if_v262144.r23	-	50000000	1	74834176	2	72
sxs-kill_la_kill_if_v262144.r24	-	50000000	1	124834176	2	120
sxs-kill_la_kill_if_v262144.r25	-	50000000	1	174834176	2	168
sxs-kill_la_kill_if_v262144.r26	-	17074582	1	224834176	2	216
sxs-kill_la_kill_if_v262144.rar	-	50000000	1	241908758	2	233
sxs-kill_la_kill_if_v262144.sfv	-	1176	1	291908758	2	281
