sxs-dysmantle_v262144.nfo	-	4184	1	0	0	0
sxs-dysmantle_v262144.r00	-	100000000	1	4184	0	1
sxs-dysmantle_v262144.r01	-	100000000	1	100004184	0	97
sxs-dysmantle_v262144.r02	-	100000000	1	200004184	0	193
sxs-dysmantle_v262144.r03	-	100000000	1	300004184	0	289
sxs-dysmantle_v262144.r04	-	100000000	1	400004184	0	385
sxs-dysmantle_v262144.r05	-	100000000	1	500004184	0	481
sxs-dysmantle_v262144.r06	-	100000000	1	62251264	1	60
sxs-dysmantle_v262144.r07	-	100000000	1	162251264	1	156
sxs-dysmantle_v262144.r08	-	100000000	1	262251264	1	252
sxs-dysmantle_v262144.r09	-	100000000	1	362251264	1	348
sxs-dysmantle_v262144.r10	-	100000000	1	462251264	1	444
sxs-dysmantle_v262144.r11	-	100000000	1	24502528	2	24
sxs-dysmantle_v262144.r12	-	33614059	1	124502528	2	120
sxs-dysmantle_v262144.rar	-	100000000	1	158116587	2	153
sxs-dysmantle_v262144.sfv	-	504	1	258116587	2	249
