hr-axgka2v196608.nfo	-	11420	1	0	0	0
hr-axgka2v196608.r00	-	50000000	1	11420	0	1
hr-axgka2v196608.r01	-	50000000	1	50011420	0	49
hr-axgka2v196608.r02	-	50000000	1	100011420	0	97
hr-axgka2v196608.r03	-	50000000	1	150011420	0	145
hr-axgka2v196608.r04	-	50000000	1	200011420	0	193
hr-axgka2v196608.r05	-	50000000	1	250011420	0	241
hr-axgka2v196608.r06	-	50000000	1	300011420	0	289
hr-axgka2v196608.r07	-	30011065	1	350011420	0	337
hr-axgka2v196608.rar	-	50000000	1	380022485	0	366
hr-axgka2v196608.sfv	-	279	1	430022485	0	414
