sxs-gerrrms.nfo	-	6368	1	0	0	0
sxs-gerrrms.r00	-	50000000	1	6368	0	1
sxs-gerrrms.r01	-	50000000	1	50006368	0	49
sxs-gerrrms.r02	-	50000000	1	100006368	0	97
sxs-gerrrms.r03	-	50000000	1	150006368	0	145
sxs-gerrrms.r04	-	50000000	1	200006368	0	193
sxs-gerrrms.r05	-	50000000	1	250006368	0	241
sxs-gerrrms.r06	-	50000000	1	300006368	0	289
sxs-gerrrms.r07	-	50000000	1	350006368	0	337
sxs-gerrrms.r08	-	50000000	1	400006368	0	385
sxs-gerrrms.r09	-	50000000	1	450006368	0	433
sxs-gerrrms.r10	-	50000000	1	500006368	0	481
sxs-gerrrms.r11	-	50000000	1	12251264	1	12
sxs-gerrrms.r12	-	48358914	1	62251264	1	60
sxs-gerrrms.rar	-	50000000	1	110610178	1	107
sxs-gerrrms.sfv	-	364	1	160610178	1	155
