n-atonehotet.nfo	-	6072	1	0	0	0
n-atonehotet.r00	-	50000000	1	6072	0	1
n-atonehotet.r01	-	50000000	1	50006072	0	49
n-atonehotet.r02	-	50000000	1	100006072	0	97
n-atonehotet.r03	-	50000000	1	150006072	0	145
n-atonehotet.r04	-	50000000	1	200006072	0	193
n-atonehotet.r05	-	50000000	1	250006072	0	241
n-atonehotet.r06	-	50000000	1	300006072	0	289
n-atonehotet.r07	-	50000000	1	350006072	0	337
n-atonehotet.r08	-	50000000	1	400006072	0	385
n-atonehotet.r09	-	50000000	1	450006072	0	433
n-atonehotet.r10	-	50000000	1	500006072	0	481
n-atonehotet.r11	-	50000000	1	12251264	1	12
n-atonehotet.r12	-	50000000	1	62251264	1	60
n-atonehotet.r13	-	50000000	1	112251264	1	108
n-atonehotet.r14	-	50000000	1	162251264	1	156
n-atonehotet.r15	-	50000000	1	212251264	1	204
n-atonehotet.r16	-	50000000	1	262251264	1	252
n-atonehotet.r17	-	50000000	1	312251264	1	300
n-atonehotet.r18	-	50000000	1	362251264	1	348
n-atonehotet.r19	-	50000000	1	412251264	1	396
n-atonehotet.r20	-	50000000	1	462251264	1	444
n-atonehotet.r21	-	50000000	1	512251264	1	492
n-atonehotet.r22	-	50000000	1	24834176	2	24
n-atonehotet.r23	-	50000000	1	74834176	2	72
n-atonehotet.r24	-	50000000	1	124834176	2	120
n-atonehotet.r25	-	50000000	1	174834176	2	168
n-atonehotet.r26	-	50000000	1	224834176	2	216
n-atonehotet.r27	-	50000000	1	274834176	2	264
n-atonehotet.r28	-	50000000	1	324834176	2	312
n-atonehotet.r29	-	50000000	1	374834176	2	360
n-atonehotet.r30	-	50000000	1	424834176	2	408
n-atonehotet.r31	-	50000000	1	474834176	2	456
n-atonehotet.r32	-	50000000	1	524834176	2	504
n-atonehotet.r33	-	50000000	1	37417088	3	36
n-atonehotet.r34	-	50000000	1	87417088	3	84
n-atonehotet.r35	-	50000000	1	137417088	3	132
n-atonehotet.r36	-	50000000	1	187417088	3	180
n-atonehotet.r37	-	50000000	1	237417088	3	228
n-atonehotet.r38	-	50000000	1	287417088	3	276
n-atonehotet.r39	-	50000000	1	337417088	3	324
n-atonehotet.r40	-	50000000	1	387417088	3	372
n-atonehotet.r41	-	50000000	1	437417088	3	420
n-atonehotet.r42	-	50000000	1	487417088	3	468
n-atonehotet.r43	-	50000000	1	0	4	0
n-atonehotet.r44	-	50000000	1	50000000	4	48
n-atonehotet.r45	-	50000000	1	100000000	4	96
n-atonehotet.r46	-	50000000	1	150000000	4	144
n-atonehotet.r47	-	50000000	1	200000000	4	192
n-atonehotet.r48	-	50000000	1	250000000	4	240
n-atonehotet.r49	-	50000000	1	300000000	4	288
n-atonehotet.r50	-	50000000	1	350000000	4	336
n-atonehotet.r51	-	50000000	1	400000000	4	384
n-atonehotet.r52	-	50000000	1	450000000	4	432
n-atonehotet.r53	-	50000000	1	500000000	4	480
n-atonehotet.r54	-	50000000	1	12251264	5	12
n-atonehotet.r55	-	50000000	1	62251264	5	60
n-atonehotet.r56	-	50000000	1	112251264	5	108
n-atonehotet.r57	-	50000000	1	162251264	5	156
n-atonehotet.r58	-	50000000	1	212251264	5	204
n-atonehotet.r59	-	50000000	1	262251264	5	252
n-atonehotet.r60	-	50000000	1	312251264	5	300
n-atonehotet.r61	-	50000000	1	362251264	5	348
n-atonehotet.r62	-	50000000	1	412251264	5	396
n-atonehotet.r63	-	50000000	1	462251264	5	444
n-atonehotet.r64	-	50000000	1	512251264	5	492
n-atonehotet.r65	-	50000000	1	24834176	6	24
n-atonehotet.r66	-	50000000	1	74834176	6	72
n-atonehotet.r67	-	50000000	1	124834176	6	120
n-atonehotet.r68	-	50000000	1	174834176	6	168
n-atonehotet.r69	-	50000000	1	224834176	6	216
n-atonehotet.r70	-	50000000	1	274834176	6	264
n-atonehotet.r71	-	50000000	1	324834176	6	312
n-atonehotet.r72	-	50000000	1	374834176	6	360
n-atonehotet.r73	-	50000000	1	424834176	6	408
n-atonehotet.r74	-	50000000	1	474834176	6	456
n-atonehotet.r75	-	50000000	1	524834176	6	504
n-atonehotet.r76	-	50000000	1	37417088	7	36
n-atonehotet.r77	-	50000000	1	87417088	7	84
n-atonehotet.r78	-	50000000	1	137417088	7	132
n-atonehotet.r79	-	50000000	1	187417088	7	180
n-atonehotet.r80	-	50000000	1	237417088	7	228
n-atonehotet.r81	-	50000000	1	287417088	7	276
n-atonehotet.r82	-	50000000	1	337417088	7	324
n-atonehotet.r83	-	50000000	1	387417088	7	372
n-atonehotet.r84	-	16896272	1	437417088	7	420
n-atonehotet.rar	-	50000000	1	454313360	7	437
n-atonehotet.sfv	-	2322	1	504313360	7	485
