v-everspace.nfo	-	5746	1	0	0	0
v-everspace.r00	-	50000000	1	5746	0	1
v-everspace.r01	-	50000000	1	50005746	0	49
v-everspace.r02	-	50000000	1	100005746	0	97
v-everspace.r03	-	50000000	1	150005746	0	145
v-everspace.r04	-	50000000	1	200005746	0	193
v-everspace.r05	-	50000000	1	250005746	0	241
v-everspace.r06	-	50000000	1	300005746	0	289
v-everspace.r07	-	50000000	1	350005746	0	337
v-everspace.r08	-	50000000	1	400005746	0	385
v-everspace.r09	-	50000000	1	450005746	0	433
v-everspace.r10	-	50000000	1	500005746	0	481
v-everspace.r11	-	50000000	1	12251264	1	12
v-everspace.r12	-	50000000	1	62251264	1	60
v-everspace.r13	-	50000000	1	112251264	1	108
v-everspace.r14	-	50000000	1	162251264	1	156
v-everspace.r15	-	50000000	1	212251264	1	204
v-everspace.r16	-	50000000	1	262251264	1	252
v-everspace.r17	-	50000000	1	312251264	1	300
v-everspace.r18	-	50000000	1	362251264	1	348
v-everspace.r19	-	50000000	1	412251264	1	396
v-everspace.r20	-	50000000	1	462251264	1	444
v-everspace.r21	-	50000000	1	512251264	1	492
v-everspace.r22	-	50000000	1	24834176	2	24
v-everspace.r23	-	50000000	1	74834176	2	72
v-everspace.r24	-	50000000	1	124834176	2	120
v-everspace.r25	-	50000000	1	174834176	2	168
v-everspace.r26	-	50000000	1	224834176	2	216
v-everspace.r27	-	50000000	1	274834176	2	264
v-everspace.r28	-	50000000	1	324834176	2	312
v-everspace.r29	-	50000000	1	374834176	2	360
v-everspace.r30	-	50000000	1	424834176	2	408
v-everspace.r31	-	50000000	1	474834176	2	456
v-everspace.r32	-	50000000	1	524834176	2	504
v-everspace.r33	-	50000000	1	37417088	3	36
v-everspace.r34	-	50000000	1	87417088	3	84
v-everspace.r35	-	50000000	1	137417088	3	132
v-everspace.r36	-	50000000	1	187417088	3	180
v-everspace.r37	-	50000000	1	237417088	3	228
v-everspace.r38	-	50000000	1	287417088	3	276
v-everspace.r39	-	50000000	1	337417088	3	324
v-everspace.r40	-	50000000	1	387417088	3	372
v-everspace.r41	-	50000000	1	437417088	3	420
v-everspace.r42	-	50000000	1	487417088	3	468
v-everspace.r43	-	50000000	1	0	4	0
v-everspace.r44	-	50000000	1	50000000	4	48
v-everspace.r45	-	50000000	1	100000000	4	96
v-everspace.r46	-	50000000	1	150000000	4	144
v-everspace.r47	-	50000000	1	200000000	4	192
v-everspace.r48	-	50000000	1	250000000	4	240
v-everspace.r49	-	50000000	1	300000000	4	288
v-everspace.r50	-	50000000	1	350000000	4	336
v-everspace.r51	-	50000000	1	400000000	4	384
v-everspace.r52	-	50000000	1	450000000	4	432
v-everspace.r53	-	50000000	1	500000000	4	480
v-everspace.r54	-	50000000	1	12251264	5	12
v-everspace.r55	-	50000000	1	62251264	5	60
v-everspace.r56	-	50000000	1	112251264	5	108
v-everspace.r57	-	50000000	1	162251264	5	156
v-everspace.r58	-	50000000	1	212251264	5	204
v-everspace.r59	-	50000000	1	262251264	5	252
v-everspace.r60	-	50000000	1	312251264	5	300
v-everspace.r61	-	50000000	1	362251264	5	348
v-everspace.r62	-	50000000	1	412251264	5	396
v-everspace.r63	-	50000000	1	462251264	5	444
v-everspace.r64	-	50000000	1	512251264	5	492
v-everspace.r65	-	50000000	1	24834176	6	24
v-everspace.r66	-	50000000	1	74834176	6	72
v-everspace.r67	-	50000000	1	124834176	6	120
v-everspace.r68	-	50000000	1	174834176	6	168
v-everspace.r69	-	50000000	1	224834176	6	216
v-everspace.r70	-	50000000	1	274834176	6	264
v-everspace.r71	-	50000000	1	324834176	6	312
v-everspace.r72	-	50000000	1	374834176	6	360
v-everspace.r73	-	50000000	1	424834176	6	408
v-everspace.r74	-	14466992	1	474834176	6	456
v-everspace.rar	-	50000000	1	489301168	6	470
v-everspace.sfv	-	1976	1	1765504	7	2
