Proof	d	0	1	0	0	0
Proof/v-harvest_life.jpg	-	120827	1	0	0	0
v-harvest_life.nfo	-	4186	1	120827	0	1
v-harvest_life.r00	-	50000000	1	125013	0	2
v-harvest_life.r01	-	50000000	1	50125013	0	50
v-harvest_life.r02	-	50000000	1	100125013	0	98
v-harvest_life.r03	-	50000000	1	150125013	0	146
v-harvest_life.r04	-	50000000	1	200125013	0	194
v-harvest_life.r05	-	50000000	1	250125013	0	242
v-harvest_life.r06	-	50000000	1	300125013	0	290
v-harvest_life.r07	-	50000000	1	350125013	0	338
v-harvest_life.r08	-	50000000	1	400125013	0	386
v-harvest_life.r09	-	50000000	1	450125013	0	434
v-harvest_life.r10	-	50000000	1	500125013	0	482
v-harvest_life.r11	-	50000000	1	12251264	1	12
v-harvest_life.r12	-	41593573	1	62251264	1	60
v-harvest_life.rar	-	50000000	1	103844837	1	100
v-harvest_life.sfv	-	406	1	153844837	1	148
