v-pba_pro_bowling_v131072.nfo	-	5980	1	0	0	0
v-pba_pro_bowling_v131072.r00	-	50000000	1	5980	0	1
v-pba_pro_bowling_v131072.r01	-	50000000	1	50005980	0	49
v-pba_pro_bowling_v131072.r02	-	50000000	1	100005980	0	97
v-pba_pro_bowling_v131072.r03	-	50000000	1	150005980	0	145
v-pba_pro_bowling_v131072.r04	-	50000000	1	200005980	0	193
v-pba_pro_bowling_v131072.r05	-	50000000	1	250005980	0	241
v-pba_pro_bowling_v131072.r06	-	50000000	1	300005980	0	289
v-pba_pro_bowling_v131072.r07	-	31117723	1	350005980	0	337
v-pba_pro_bowling_v131072.rar	-	50000000	1	381123703	0	367
v-pba_pro_bowling_v131072.sfv	-	360	1	431123703	0	415
