v-ark_v65536.nfo	-	5902	1	0	0	0
v-ark_v65536.r00	-	50000000	1	5902	0	1
v-ark_v65536.r01	-	50000000	1	50005902	0	49
v-ark_v65536.r02	-	50000000	1	100005902	0	97
v-ark_v65536.r03	-	50000000	1	150005902	0	145
v-ark_v65536.r04	-	50000000	1	200005902	0	193
v-ark_v65536.r05	-	50000000	1	250005902	0	241
v-ark_v65536.r06	-	50000000	1	300005902	0	289
v-ark_v65536.r07	-	50000000	1	350005902	0	337
v-ark_v65536.r08	-	50000000	1	400005902	0	385
v-ark_v65536.r09	-	50000000	1	450005902	0	433
v-ark_v65536.r10	-	50000000	1	500005902	0	481
v-ark_v65536.r11	-	50000000	1	12251264	1	12
v-ark_v65536.r12	-	50000000	1	62251264	1	60
v-ark_v65536.r13	-	50000000	1	112251264	1	108
v-ark_v65536.r14	-	50000000	1	162251264	1	156
v-ark_v65536.r15	-	50000000	1	212251264	1	204
v-ark_v65536.r16	-	50000000	1	262251264	1	252
v-ark_v65536.r17	-	50000000	1	312251264	1	300
v-ark_v65536.r18	-	50000000	1	362251264	1	348
v-ark_v65536.r19	-	50000000	1	412251264	1	396
v-ark_v65536.r20	-	50000000	1	462251264	1	444
v-ark_v65536.r21	-	50000000	1	512251264	1	492
v-ark_v65536.r22	-	50000000	1	24834176	2	24
v-ark_v65536.r23	-	50000000	1	74834176	2	72
v-ark_v65536.r24	-	50000000	1	124834176	2	120
v-ark_v65536.r25	-	50000000	1	174834176	2	168
v-ark_v65536.r26	-	50000000	1	224834176	2	216
v-ark_v65536.r27	-	50000000	1	274834176	2	264
v-ark_v65536.r28	-	50000000	1	324834176	2	312
v-ark_v65536.r29	-	50000000	1	374834176	2	360
v-ark_v65536.r30	-	50000000	1	424834176	2	408
v-ark_v65536.r31	-	50000000	1	474834176	2	456
v-ark_v65536.r32	-	50000000	1	524834176	2	504
v-ark_v65536.r33	-	50000000	1	37417088	3	36
v-ark_v65536.r34	-	50000000	1	87417088	3	84
v-ark_v65536.r35	-	50000000	1	137417088	3	132
v-ark_v65536.r36	-	50000000	1	187417088	3	180
v-ark_v65536.r37	-	50000000	1	237417088	3	228
v-ark_v65536.r38	-	50000000	1	287417088	3	276
v-ark_v65536.r39	-	33856951	1	337417088	3	324
v-ark_v65536.rar	-	50000000	1	371274039	3	357
v-ark_v65536.sfv	-	1107	1	421274039	3	405
