hr-ax7lav655360.nfo	-	11258	1	0	0	0
hr-ax7lav655360.r00	-	50000000	1	11258	0	1
hr-ax7lav655360.r01	-	50000000	1	50011258	0	49
hr-ax7lav655360.r02	-	50000000	1	100011258	0	97
hr-ax7lav655360.r03	-	50000000	1	150011258	0	145
hr-ax7lav655360.r04	-	50000000	1	200011258	0	193
hr-ax7lav655360.r05	-	50000000	1	250011258	0	241
hr-ax7lav655360.r06	-	50000000	1	300011258	0	289
hr-ax7lav655360.r07	-	50000000	1	350011258	0	337
hr-ax7lav655360.r08	-	50000000	1	400011258	0	385
hr-ax7lav655360.r09	-	50000000	1	450011258	0	433
hr-ax7lav655360.r10	-	50000000	1	500011258	0	481
hr-ax7lav655360.r11	-	50000000	1	12251264	1	12
hr-ax7lav655360.r12	-	50000000	1	62251264	1	60
hr-ax7lav655360.r13	-	50000000	1	112251264	1	108
hr-ax7lav655360.r14	-	50000000	1	162251264	1	156
hr-ax7lav655360.r15	-	45565065	1	212251264	1	204
hr-ax7lav655360.rar	-	50000000	1	257816329	1	248
hr-ax7lav655360.sfv	-	510	1	307816329	1	296
