sxs-mortal_kombat_1_v655360.nfo	-	3950	1	0	0	0
sxs-mortal_kombat_1_v655360.r00	-	500000000	1	3950	0	1
sxs-mortal_kombat_1_v655360.r01	-	500000000	1	500003950	0	478
sxs-mortal_kombat_1_v655360.r02	-	500000000	1	462251264	1	441
sxs-mortal_kombat_1_v655360.r03	-	500000000	1	424502528	2	405
sxs-mortal_kombat_1_v655360.r04	-	500000000	1	386753792	3	369
sxs-mortal_kombat_1_v655360.r05	-	500000000	1	349005056	4	333
sxs-mortal_kombat_1_v655360.r06	-	500000000	1	311256320	5	297
sxs-mortal_kombat_1_v655360.r07	-	500000000	1	273507584	6	261
sxs-mortal_kombat_1_v655360.r08	-	500000000	1	235758848	7	225
sxs-mortal_kombat_1_v655360.r09	-	500000000	1	198010112	8	189
sxs-mortal_kombat_1_v655360.r10	-	500000000	1	160261376	9	153
sxs-mortal_kombat_1_v655360.r11	-	500000000	1	122512640	10	117
sxs-mortal_kombat_1_v655360.r12	-	500000000	1	84763904	11	81
sxs-mortal_kombat_1_v655360.r13	-	500000000	1	47015168	12	45
sxs-mortal_kombat_1_v655360.r14	-	500000000	1	9266432	13	9
sxs-mortal_kombat_1_v655360.r15	-	500000000	1	509266432	13	486
sxs-mortal_kombat_1_v655360.r16	-	500000000	1	471688448	14	450
sxs-mortal_kombat_1_v655360.r17	-	500000000	1	433939712	15	414
sxs-mortal_kombat_1_v655360.r18	-	500000000	1	396190976	16	378
sxs-mortal_kombat_1_v655360.r19	-	500000000	1	358442240	17	342
sxs-mortal_kombat_1_v655360.r20	-	500000000	1	320693504	18	306
sxs-mortal_kombat_1_v655360.r21	-	500000000	1	282944768	19	270
sxs-mortal_kombat_1_v655360.r22	-	500000000	1	245196032	20	234
sxs-mortal_kombat_1_v655360.r23	-	500000000	1	207447296	21	198
sxs-mortal_kombat_1_v655360.r24	-	500000000	1	169698560	22	162
sxs-mortal_kombat_1_v655360.r25	-	500000000	1	131949824	23	126
sxs-mortal_kombat_1_v655360.r26	-	500000000	1	94201088	24	90
sxs-mortal_kombat_1_v655360.r27	-	500000000	1	56452352	25	54
sxs-mortal_kombat_1_v655360.r28	-	500000000	1	18703616	26	18
sxs-mortal_kombat_1_v655360.r29	-	500000000	1	518703616	26	495
sxs-mortal_kombat_1_v655360.r30	-	500000000	1	481125632	27	459
sxs-mortal_kombat_1_v655360.r31	-	500000000	1	443376896	28	423
sxs-mortal_kombat_1_v655360.r32	-	500000000	1	405628160	29	387
sxs-mortal_kombat_1_v655360.r33	-	500000000	1	367879424	30	351
sxs-mortal_kombat_1_v655360.r34	-	500000000	1	330130688	31	315
sxs-mortal_kombat_1_v655360.r35	-	500000000	1	292381952	32	279
sxs-mortal_kombat_1_v655360.r36	-	500000000	1	254633216	33	243
sxs-mortal_kombat_1_v655360.r37	-	500000000	1	216884480	34	207
sxs-mortal_kombat_1_v655360.r38	-	500000000	1	179135744	35	171
sxs-mortal_kombat_1_v655360.r39	-	500000000	1	141387008	36	135
sxs-mortal_kombat_1_v655360.r40	-	500000000	1	103638272	37	99
sxs-mortal_kombat_1_v655360.r41	-	500000000	1	65889536	38	63
sxs-mortal_kombat_1_v655360.r42	-	500000000	1	28140800	39	27
sxs-mortal_kombat_1_v655360.r43	-	500000000	1	528140800	39	504
sxs-mortal_kombat_1_v655360.r44	-	500000000	1	490562816	40	468
sxs-mortal_kombat_1_v655360.r45	-	500000000	1	452814080	41	432
sxs-mortal_kombat_1_v655360.r46	-	500000000	1	415065344	42	396
sxs-mortal_kombat_1_v655360.r47	-	500000000	1	377316608	43	360
sxs-mortal_kombat_1_v655360.r48	-	500000000	1	339567872	44	324
sxs-mortal_kombat_1_v655360.r49	-	500000000	1	301819136	45	288
sxs-mortal_kombat_1_v655360.r50	-	500000000	1	264070400	46	252
sxs-mortal_kombat_1_v655360.r51	-	500000000	1	226321664	47	216
sxs-mortal_kombat_1_v655360.r52	-	500000000	1	188572928	48	180
sxs-mortal_kombat_1_v655360.r53	-	500000000	1	150824192	49	144
sxs-mortal_kombat_1_v655360.r54	-	500000000	1	113075456	50	108
sxs-mortal_kombat_1_v655360.r55	-	500000000	1	75326720	51	72
sxs-mortal_kombat_1_v655360.r56	-	500000000	1	37577984	52	36
sxs-mortal_kombat_1_v655360.r57	-	500000000	1	0	53	0
sxs-mortal_kombat_1_v655360.r58	-	500000000	1	500000000	53	477
sxs-mortal_kombat_1_v655360.r59	-	500000000	1	462251264	54	441
sxs-mortal_kombat_1_v655360.r60	-	500000000	1	424502528	55	405
sxs-mortal_kombat_1_v655360.r61	-	500000000	1	386753792	56	369
sxs-mortal_kombat_1_v655360.r62	-	500000000	1	349005056	57	333
sxs-mortal_kombat_1_v655360.r63	-	469037885	1	311256320	58	297
sxs-mortal_kombat_1_v655360.rar	-	500000000	1	242545469	59	232
sxs-mortal_kombat_1_v655360.sfv	-	2730	1	205350144	60	196
