Proof	d	0	1	0	0	0
Proof/sxs-moonscars.jpg	-	147628	1	0	0	0
sxs-moonscars.nfo	-	6446	1	147628	0	1
sxs-moonscars.r00	-	100000000	1	154074	0	2
sxs-moonscars.r01	-	100000000	1	100154074	0	98
sxs-moonscars.r02	-	100000000	1	200154074	0	194
sxs-moonscars.r03	-	100000000	1	300154074	0	290
sxs-moonscars.r04	-	100000000	1	400154074	0	386
sxs-moonscars.r05	-	100000000	1	500154074	0	482
sxs-moonscars.r06	-	100000000	1	62251264	1	60
sxs-moonscars.r07	-	100000000	1	162251264	1	156
sxs-moonscars.r08	-	100000000	1	262251264	1	252
sxs-moonscars.r09	-	100000000	1	362251264	1	348
sxs-moonscars.r10	-	100000000	1	462251264	1	444
sxs-moonscars.r11	-	100000000	1	24502528	2	24
sxs-moonscars.r12	-	79372564	1	124502528	2	120
sxs-moonscars.rar	-	100000000	1	203875092	2	196
sxs-moonscars.sfv	-	392	1	303875092	2	292
