v-crysis_remastered_v327680.nfo	-	6058	1	0	0	0
v-crysis_remastered_v327680.r00	-	50000000	1	6058	0	1
v-crysis_remastered_v327680.r01	-	50000000	1	50006058	0	49
v-crysis_remastered_v327680.r02	-	50000000	1	100006058	0	97
v-crysis_remastered_v327680.r03	-	50000000	1	150006058	0	145
v-crysis_remastered_v327680.r04	-	50000000	1	200006058	0	193
v-crysis_remastered_v327680.r05	-	50000000	1	250006058	0	241
v-crysis_remastered_v327680.r06	-	50000000	1	300006058	0	289
v-crysis_remastered_v327680.r07	-	50000000	1	350006058	0	337
v-crysis_remastered_v327680.r08	-	50000000	1	400006058	0	385
v-crysis_remastered_v327680.r09	-	50000000	1	450006058	0	433
v-crysis_remastered_v327680.r10	-	50000000	1	500006058	0	481
v-crysis_remastered_v327680.r11	-	50000000	1	12251264	1	12
v-crysis_remastered_v327680.r12	-	50000000	1	62251264	1	60
v-crysis_remastered_v327680.r13	-	50000000	1	112251264	1	108
v-crysis_remastered_v327680.r14	-	50000000	1	162251264	1	156
v-crysis_remastered_v327680.r15	-	50000000	1	212251264	1	204
v-crysis_remastered_v327680.r16	-	50000000	1	262251264	1	252
v-crysis_remastered_v327680.r17	-	50000000	1	312251264	1	300
v-crysis_remastered_v327680.r18	-	50000000	1	362251264	1	348
v-crysis_remastered_v327680.r19	-	50000000	1	412251264	1	396
v-crysis_remastered_v327680.r20	-	50000000	1	462251264	1	444
v-crysis_remastered_v327680.r21	-	50000000	1	512251264	1	492
v-crysis_remastered_v327680.r22	-	50000000	1	24834176	2	24
v-crysis_remastered_v327680.r23	-	50000000	1	74834176	2	72
v-crysis_remastered_v327680.r24	-	50000000	1	124834176	2	120
v-crysis_remastered_v327680.r25	-	50000000	1	174834176	2	168
v-crysis_remastered_v327680.r26	-	50000000	1	224834176	2	216
v-crysis_remastered_v327680.r27	-	50000000	1	274834176	2	264
v-crysis_remastered_v327680.r28	-	50000000	1	324834176	2	312
v-crysis_remastered_v327680.r29	-	50000000	1	374834176	2	360
v-crysis_remastered_v327680.r30	-	27704273	1	424834176	2	408
v-crysis_remastered_v327680.rar	-	50000000	1	452538449	2	435
v-crysis_remastered_v327680.sfv	-	1344	1	502538449	2	483
