sxs-minecraft_v170.nfo	-	6992	1	0	0	0
sxs-minecraft_v170.r00	-	50000000	1	6992	0	1
sxs-minecraft_v170.r01	-	50000000	1	50006992	0	49
sxs-minecraft_v170.r02	-	50000000	1	100006992	0	97
sxs-minecraft_v170.r03	-	50000000	1	150006992	0	145
sxs-minecraft_v170.r04	-	50000000	1	200006992	0	193
sxs-minecraft_v170.r05	-	50000000	1	250006992	0	241
sxs-minecraft_v170.r06	-	50000000	1	300006992	0	289
sxs-minecraft_v170.r07	-	50000000	1	350006992	0	337
sxs-minecraft_v170.r08	-	50000000	1	400006992	0	385
sxs-minecraft_v170.r09	-	26891690	1	450006992	0	433
sxs-minecraft_v170.rar	-	50000000	1	476898682	0	459
sxs-minecraft_v170.sfv	-	363	1	526898682	0	507
