brw-bfat_v65536.nfo	-	4138	1	0	0	0
brw-bfat_v65536.r00	-	50000000	1	4138	0	1
brw-bfat_v65536.r01	-	50000000	1	50004138	0	49
brw-bfat_v65536.r02	-	50000000	1	100004138	0	97
brw-bfat_v65536.r03	-	50000000	1	150004138	0	145
brw-bfat_v65536.r04	-	50000000	1	200004138	0	193
brw-bfat_v65536.r05	-	50000000	1	250004138	0	241
brw-bfat_v65536.r06	-	50000000	1	300004138	0	289
brw-bfat_v65536.r07	-	50000000	1	350004138	0	337
brw-bfat_v65536.r08	-	50000000	1	400004138	0	385
brw-bfat_v65536.r09	-	50000000	1	450004138	0	433
brw-bfat_v65536.r10	-	50000000	1	500004138	0	481
brw-bfat_v65536.r11	-	23720069	1	12251264	1	12
brw-bfat_v65536.rar	-	50000000	1	35971333	1	35
brw-bfat_v65536.sfv	-	390	1	85971333	1	83
