hr-arhpb.nfo	-	20150	1	0	0	0
hr-arhpb.r00	-	50000000	1	20150	0	1
hr-arhpb.r01	-	50000000	1	50020150	0	49
hr-arhpb.r02	-	50000000	1	100020150	0	97
hr-arhpb.r03	-	50000000	1	150020150	0	145
hr-arhpb.r04	-	50000000	1	200020150	0	193
hr-arhpb.r05	-	50000000	1	250020150	0	241
hr-arhpb.r06	-	50000000	1	300020150	0	289
hr-arhpb.r07	-	50000000	1	350020150	0	337
hr-arhpb.r08	-	50000000	1	400020150	0	385
hr-arhpb.r09	-	50000000	1	450020150	0	433
hr-arhpb.r10	-	50000000	1	500020150	0	481
hr-arhpb.r11	-	50000000	1	12251264	1	12
hr-arhpb.r12	-	50000000	1	62251264	1	60
hr-arhpb.r13	-	50000000	1	112251264	1	108
hr-arhpb.r14	-	50000000	1	162251264	1	156
hr-arhpb.r15	-	50000000	1	212251264	1	204
hr-arhpb.r16	-	50000000	1	262251264	1	252
hr-arhpb.r17	-	50000000	1	312251264	1	300
hr-arhpb.r18	-	50000000	1	362251264	1	348
hr-arhpb.r19	-	50000000	1	412251264	1	396
hr-arhpb.r20	-	50000000	1	462251264	1	444
hr-arhpb.r21	-	50000000	1	512251264	1	492
hr-arhpb.r22	-	50000000	1	24834176	2	24
hr-arhpb.r23	-	50000000	1	74834176	2	72
hr-arhpb.r24	-	50000000	1	124834176	2	120
hr-arhpb.r25	-	50000000	1	174834176	2	168
hr-arhpb.r26	-	50000000	1	224834176	2	216
hr-arhpb.r27	-	50000000	1	274834176	2	264
hr-arhpb.r28	-	50000000	1	324834176	2	312
hr-arhpb.r29	-	50000000	1	374834176	2	360
hr-arhpb.r30	-	50000000	1	424834176	2	408
hr-arhpb.r31	-	50000000	1	474834176	2	456
hr-arhpb.r32	-	32012708	1	524834176	2	504
hr-arhpb.rar	-	50000000	1	19429796	3	19
hr-arhpb.sfv	-	782	1	69429796	3	67
