v-civilization_vi_v917504.nfo	-	8398	1	0	0	0
v-civilization_vi_v917504.r00	-	50000000	1	8398	0	1
v-civilization_vi_v917504.r01	-	50000000	1	50008398	0	49
v-civilization_vi_v917504.r02	-	50000000	1	100008398	0	97
v-civilization_vi_v917504.r03	-	50000000	1	150008398	0	145
v-civilization_vi_v917504.r04	-	50000000	1	200008398	0	193
v-civilization_vi_v917504.r05	-	50000000	1	250008398	0	241
v-civilization_vi_v917504.r06	-	50000000	1	300008398	0	289
v-civilization_vi_v917504.r07	-	50000000	1	350008398	0	337
v-civilization_vi_v917504.r08	-	50000000	1	400008398	0	385
v-civilization_vi_v917504.r09	-	50000000	1	450008398	0	433
v-civilization_vi_v917504.r10	-	50000000	1	500008398	0	481
v-civilization_vi_v917504.r11	-	50000000	1	12251264	1	12
v-civilization_vi_v917504.r12	-	50000000	1	62251264	1	60
v-civilization_vi_v917504.r13	-	50000000	1	112251264	1	108
v-civilization_vi_v917504.r14	-	50000000	1	162251264	1	156
v-civilization_vi_v917504.r15	-	50000000	1	212251264	1	204
v-civilization_vi_v917504.r16	-	50000000	1	262251264	1	252
v-civilization_vi_v917504.r17	-	50000000	1	312251264	1	300
v-civilization_vi_v917504.r18	-	50000000	1	362251264	1	348
v-civilization_vi_v917504.r19	-	50000000	1	412251264	1	396
v-civilization_vi_v917504.r20	-	50000000	1	462251264	1	444
v-civilization_vi_v917504.r21	-	50000000	1	512251264	1	492
v-civilization_vi_v917504.r22	-	50000000	1	24834176	2	24
v-civilization_vi_v917504.r23	-	50000000	1	74834176	2	72
v-civilization_vi_v917504.r24	-	50000000	1	124834176	2	120
v-civilization_vi_v917504.r25	-	50000000	1	174834176	2	168
v-civilization_vi_v917504.r26	-	50000000	1	224834176	2	216
v-civilization_vi_v917504.r27	-	50000000	1	274834176	2	264
v-civilization_vi_v917504.r28	-	50000000	1	324834176	2	312
v-civilization_vi_v917504.r29	-	50000000	1	374834176	2	360
v-civilization_vi_v917504.r30	-	50000000	1	424834176	2	408
v-civilization_vi_v917504.r31	-	50000000	1	474834176	2	456
v-civilization_vi_v917504.r32	-	50000000	1	524834176	2	504
v-civilization_vi_v917504.r33	-	50000000	1	37417088	3	36
v-civilization_vi_v917504.r34	-	50000000	1	87417088	3	84
v-civilization_vi_v917504.r35	-	50000000	1	137417088	3	132
v-civilization_vi_v917504.r36	-	50000000	1	187417088	3	180
v-civilization_vi_v917504.r37	-	50000000	1	237417088	3	228
v-civilization_vi_v917504.r38	-	50000000	1	287417088	3	276
v-civilization_vi_v917504.r39	-	50000000	1	337417088	3	324
v-civilization_vi_v917504.r40	-	50000000	1	387417088	3	372
v-civilization_vi_v917504.r41	-	50000000	1	437417088	3	420
v-civilization_vi_v917504.r42	-	50000000	1	487417088	3	468
v-civilization_vi_v917504.r43	-	50000000	1	0	4	0
v-civilization_vi_v917504.r44	-	50000000	1	50000000	4	48
v-civilization_vi_v917504.r45	-	50000000	1	100000000	4	96
v-civilization_vi_v917504.r46	-	50000000	1	150000000	4	144
v-civilization_vi_v917504.r47	-	50000000	1	200000000	4	192
v-civilization_vi_v917504.r48	-	50000000	1	250000000	4	240
v-civilization_vi_v917504.r49	-	50000000	1	300000000	4	288
v-civilization_vi_v917504.r50	-	50000000	1	350000000	4	336
v-civilization_vi_v917504.r51	-	50000000	1	400000000	4	384
v-civilization_vi_v917504.r52	-	50000000	1	450000000	4	432
v-civilization_vi_v917504.r53	-	50000000	1	500000000	4	480
v-civilization_vi_v917504.r54	-	50000000	1	12251264	5	12
v-civilization_vi_v917504.r55	-	50000000	1	62251264	5	60
v-civilization_vi_v917504.r56	-	50000000	1	112251264	5	108
v-civilization_vi_v917504.r57	-	50000000	1	162251264	5	156
v-civilization_vi_v917504.r58	-	50000000	1	212251264	5	204
v-civilization_vi_v917504.r59	-	50000000	1	262251264	5	252
v-civilization_vi_v917504.r60	-	50000000	1	312251264	5	300
v-civilization_vi_v917504.r61	-	50000000	1	362251264	5	348
v-civilization_vi_v917504.r62	-	50000000	1	412251264	5	396
v-civilization_vi_v917504.r63	-	50000000	1	462251264	5	444
v-civilization_vi_v917504.r64	-	50000000	1	512251264	5	492
v-civilization_vi_v917504.r65	-	50000000	1	24834176	6	24
v-civilization_vi_v917504.r66	-	50000000	1	74834176	6	72
v-civilization_vi_v917504.r67	-	50000000	1	124834176	6	120
v-civilization_vi_v917504.r68	-	50000000	1	174834176	6	168
v-civilization_vi_v917504.r69	-	50000000	1	224834176	6	216
v-civilization_vi_v917504.r70	-	50000000	1	274834176	6	264
v-civilization_vi_v917504.r71	-	50000000	1	324834176	6	312
v-civilization_vi_v917504.r72	-	50000000	1	374834176	6	360
v-civilization_vi_v917504.r73	-	50000000	1	424834176	6	408
v-civilization_vi_v917504.r74	-	50000000	1	474834176	6	456
v-civilization_vi_v917504.r75	-	50000000	1	524834176	6	504
v-civilization_vi_v917504.r76	-	50000000	1	37417088	7	36
v-civilization_vi_v917504.r77	-	50000000	1	87417088	7	84
v-civilization_vi_v917504.r78	-	50000000	1	137417088	7	132
v-civilization_vi_v917504.r79	-	50000000	1	187417088	7	180
v-civilization_vi_v917504.r80	-	50000000	1	237417088	7	228
v-civilization_vi_v917504.r81	-	50000000	1	287417088	7	276
v-civilization_vi_v917504.r82	-	50000000	1	337417088	7	324
v-civilization_vi_v917504.r83	-	50000000	1	387417088	7	372
v-civilization_vi_v917504.r84	-	50000000	1	437417088	7	420
v-civilization_vi_v917504.r85	-	50000000	1	487417088	7	468
v-civilization_vi_v917504.r86	-	50000000	1	0	8	0
v-civilization_vi_v917504.r87	-	9794337	1	50000000	8	48
v-civilization_vi_v917504.rar	-	50000000	1	59794337	8	58
v-civilization_vi_v917504.sfv	-	3560	1	109794337	8	106
