v-vaporum_v131072.nfo	-	3874	1	0	0	0
v-vaporum_v131072.r00	-	50000000	1	3874	0	1
v-vaporum_v131072.r01	-	50000000	1	50003874	0	49
v-vaporum_v131072.r02	-	50000000	1	100003874	0	97
v-vaporum_v131072.r03	-	50000000	1	150003874	0	145
v-vaporum_v131072.r04	-	50000000	1	200003874	0	193
v-vaporum_v131072.r05	-	50000000	1	250003874	0	241
v-vaporum_v131072.r06	-	50000000	1	300003874	0	289
v-vaporum_v131072.r07	-	50000000	1	350003874	0	337
v-vaporum_v131072.r08	-	50000000	1	400003874	0	385
v-vaporum_v131072.r09	-	50000000	1	450003874	0	433
v-vaporum_v131072.r10	-	50000000	1	500003874	0	481
v-vaporum_v131072.r11	-	50000000	1	12251264	1	12
v-vaporum_v131072.r12	-	50000000	1	62251264	1	60
v-vaporum_v131072.r13	-	29349155	1	112251264	1	108
v-vaporum_v131072.rar	-	50000000	1	141600419	1	136
v-vaporum_v131072.sfv	-	480	1	191600419	1	184
