nnssww_hollow_2.nfo	-	1126	1	0	0	0
nnssww_hollow_2.r00	-	50000000	1	1126	0	1
nnssww_hollow_2.r01	-	50000000	1	50001126	0	49
nnssww_hollow_2.r02	-	50000000	1	100001126	0	97
nnssww_hollow_2.r03	-	50000000	1	150001126	0	145
nnssww_hollow_2.r04	-	50000000	1	200001126	0	193
nnssww_hollow_2.r05	-	50000000	1	250001126	0	241
nnssww_hollow_2.r06	-	50000000	1	300001126	0	289
nnssww_hollow_2.r07	-	50000000	1	350001126	0	337
nnssww_hollow_2.r08	-	50000000	1	400001126	0	385
nnssww_hollow_2.r09	-	50000000	1	450001126	0	433
nnssww_hollow_2.r10	-	50000000	1	500001126	0	481
nnssww_hollow_2.r11	-	50000000	1	12251264	1	12
nnssww_hollow_2.r12	-	50000000	1	62251264	1	60
nnssww_hollow_2.r13	-	50000000	1	112251264	1	108
nnssww_hollow_2.r14	-	50000000	1	162251264	1	156
nnssww_hollow_2.r15	-	50000000	1	212251264	1	204
nnssww_hollow_2.r16	-	50000000	1	262251264	1	252
nnssww_hollow_2.r17	-	50000000	1	312251264	1	300
nnssww_hollow_2.r18	-	50000000	1	362251264	1	348
nnssww_hollow_2.r19	-	50000000	1	412251264	1	396
nnssww_hollow_2.r20	-	50000000	1	462251264	1	444
nnssww_hollow_2.r21	-	50000000	1	512251264	1	492
nnssww_hollow_2.r22	-	50000000	1	24834176	2	24
nnssww_hollow_2.r23	-	50000000	1	74834176	2	72
nnssww_hollow_2.r24	-	50000000	1	124834176	2	120
nnssww_hollow_2.r25	-	50000000	1	174834176	2	168
nnssww_hollow_2.r26	-	50000000	1	224834176	2	216
nnssww_hollow_2.r27	-	50000000	1	274834176	2	264
nnssww_hollow_2.r28	-	50000000	1	324834176	2	312
nnssww_hollow_2.r29	-	50000000	1	374834176	2	360
nnssww_hollow_2.r30	-	50000000	1	424834176	2	408
nnssww_hollow_2.r31	-	50000000	1	474834176	2	456
nnssww_hollow_2.r32	-	50000000	1	524834176	2	504
nnssww_hollow_2.r33	-	50000000	1	37417088	3	36
nnssww_hollow_2.r34	-	50000000	1	87417088	3	84
nnssww_hollow_2.r35	-	50000000	1	137417088	3	132
nnssww_hollow_2.r36	-	50000000	1	187417088	3	180
nnssww_hollow_2.r37	-	50000000	1	237417088	3	228
nnssww_hollow_2.r38	-	50000000	1	287417088	3	276
nnssww_hollow_2.r39	-	50000000	1	337417088	3	324
nnssww_hollow_2.r40	-	50000000	1	387417088	3	372
nnssww_hollow_2.r41	-	50000000	1	437417088	3	420
nnssww_hollow_2.r42	-	50000000	1	487417088	3	468
nnssww_hollow_2.r43	-	50000000	1	0	4	0
nnssww_hollow_2.r44	-	50000000	1	50000000	4	48
nnssww_hollow_2.r45	-	50000000	1	100000000	4	96
nnssww_hollow_2.r46	-	50000000	1	150000000	4	144
nnssww_hollow_2.r47	-	50000000	1	200000000	4	192
nnssww_hollow_2.r48	-	50000000	1	250000000	4	240
nnssww_hollow_2.r49	-	50000000	1	300000000	4	288
nnssww_hollow_2.r50	-	50000000	1	350000000	4	336
nnssww_hollow_2.r51	-	50000000	1	400000000	4	384
nnssww_hollow_2.r52	-	50000000	1	450000000	4	432
nnssww_hollow_2.r53	-	50000000	1	500000000	4	480
nnssww_hollow_2.r54	-	50000000	1	12251264	5	12
nnssww_hollow_2.r55	-	50000000	1	62251264	5	60
nnssww_hollow_2.r56	-	50000000	1	112251264	5	108
nnssww_hollow_2.r57	-	50000000	1	162251264	5	156
nnssww_hollow_2.r58	-	50000000	1	212251264	5	204
nnssww_hollow_2.r59	-	50000000	1	262251264	5	252
nnssww_hollow_2.r60	-	50000000	1	312251264	5	300
nnssww_hollow_2.r61	-	50000000	1	362251264	5	348
nnssww_hollow_2.r62	-	50000000	1	412251264	5	396
nnssww_hollow_2.r63	-	50000000	1	462251264	5	444
nnssww_hollow_2.r64	-	31544397	1	512251264	5	492
nnssww_hollow_2.rar	-	50000000	1	6378573	6	7
nnssww_hollow_2.sfv	-	1980	1	56378573	6	55
