brw-ldrk_v65536.nfo	-	2969	1	0	0	0
brw-ldrk_v65536.r00	-	50000000	1	2969	0	1
brw-ldrk_v65536.r01	-	50000000	1	50002969	0	49
brw-ldrk_v65536.r02	-	50000000	1	100002969	0	97
brw-ldrk_v65536.r03	-	50000000	1	150002969	0	145
brw-ldrk_v65536.r04	-	50000000	1	200002969	0	193
brw-ldrk_v65536.r05	-	50000000	1	250002969	0	241
brw-ldrk_v65536.r06	-	50000000	1	300002969	0	289
brw-ldrk_v65536.r07	-	50000000	1	350002969	0	337
brw-ldrk_v65536.r08	-	50000000	1	400002969	0	385
brw-ldrk_v65536.r09	-	50000000	1	450002969	0	433
brw-ldrk_v65536.r10	-	50000000	1	500002969	0	481
brw-ldrk_v65536.r11	-	50000000	1	12251264	1	12
brw-ldrk_v65536.r12	-	50000000	1	62251264	1	60
brw-ldrk_v65536.r13	-	50000000	1	112251264	1	108
brw-ldrk_v65536.r14	-	50000000	1	162251264	1	156
brw-ldrk_v65536.r15	-	50000000	1	212251264	1	204
brw-ldrk_v65536.r16	-	50000000	1	262251264	1	252
brw-ldrk_v65536.r17	-	50000000	1	312251264	1	300
brw-ldrk_v65536.r18	-	50000000	1	362251264	1	348
brw-ldrk_v65536.r19	-	50000000	1	412251264	1	396
brw-ldrk_v65536.r20	-	50000000	1	462251264	1	444
brw-ldrk_v65536.r21	-	31913712	1	512251264	1	492
brw-ldrk_v65536.rar	-	50000000	1	6747888	2	7
brw-ldrk_v65536.sfv	-	690	1	56747888	2	55
