Proof	d	0	1	0	0	0
Proof/sxs-my_baby.jpg	-	97850	1	0	0	0
sxs-my_baby.nfo	-	6212	1	97850	0	1
sxs-my_baby.r00	-	50000000	1	104062	0	2
sxs-my_baby.r01	-	50000000	1	50104062	0	50
sxs-my_baby.r02	-	50000000	1	100104062	0	98
sxs-my_baby.r03	-	50000000	1	150104062	0	146
sxs-my_baby.r04	-	50000000	1	200104062	0	194
sxs-my_baby.r05	-	50000000	1	250104062	0	242
sxs-my_baby.r06	-	50000000	1	300104062	0	290
sxs-my_baby.r07	-	50000000	1	350104062	0	338
sxs-my_baby.r08	-	50000000	1	400104062	0	386
sxs-my_baby.r09	-	50000000	1	450104062	0	434
sxs-my_baby.r10	-	50000000	1	500104062	0	482
sxs-my_baby.r11	-	50000000	1	12251264	1	12
sxs-my_baby.r12	-	50000000	1	62251264	1	60
sxs-my_baby.r13	-	50000000	1	112251264	1	108
sxs-my_baby.r14	-	50000000	1	162251264	1	156
sxs-my_baby.r15	-	50000000	1	212251264	1	204
sxs-my_baby.r16	-	50000000	1	262251264	1	252
sxs-my_baby.r17	-	50000000	1	312251264	1	300
sxs-my_baby.r18	-	50000000	1	362251264	1	348
sxs-my_baby.r19	-	50000000	1	412251264	1	396
sxs-my_baby.r20	-	50000000	1	462251264	1	444
sxs-my_baby.r21	-	50000000	1	512251264	1	492
sxs-my_baby.r22	-	50000000	1	24834176	2	24
sxs-my_baby.r23	-	50000000	1	74834176	2	72
sxs-my_baby.r24	-	50000000	1	124834176	2	120
sxs-my_baby.r25	-	50000000	1	174834176	2	168
sxs-my_baby.r26	-	50000000	1	224834176	2	216
sxs-my_baby.r27	-	50000000	1	274834176	2	264
sxs-my_baby.r28	-	36036780	1	324834176	2	312
sxs-my_baby.rar	-	50000000	1	360870956	2	347
sxs-my_baby.sfv	-	780	1	410870956	2	395
