sxs-n64_v524288.nfo	-	6134	1	0	0	0
sxs-n64_v524288.r00	-	50000000	1	6134	0	1
sxs-n64_v524288.r01	-	50000000	1	50006134	0	49
sxs-n64_v524288.r02	-	50000000	1	100006134	0	97
sxs-n64_v524288.r03	-	50000000	1	150006134	0	145
sxs-n64_v524288.r04	-	50000000	1	200006134	0	193
sxs-n64_v524288.r05	-	50000000	1	250006134	0	241
sxs-n64_v524288.r06	-	50000000	1	300006134	0	289
sxs-n64_v524288.r07	-	50000000	1	350006134	0	337
sxs-n64_v524288.r08	-	50000000	1	400006134	0	385
sxs-n64_v524288.r09	-	34243772	1	450006134	0	433
sxs-n64_v524288.rar	-	50000000	1	484249906	0	466
sxs-n64_v524288.sfv	-	330	1	534249906	0	514
