l-realboxing2.nfo	-	1137	1	0	0	0
l-realboxing2.r00	-	50000000	1	1137	0	1
l-realboxing2.r01	-	50000000	1	50001137	0	49
l-realboxing2.r02	-	50000000	1	100001137	0	97
l-realboxing2.r03	-	50000000	1	150001137	0	145
l-realboxing2.r04	-	50000000	1	200001137	0	193
l-realboxing2.r05	-	50000000	1	250001137	0	241
l-realboxing2.r06	-	50000000	1	300001137	0	289
l-realboxing2.r07	-	50000000	1	350001137	0	337
l-realboxing2.r08	-	50000000	1	400001137	0	385
l-realboxing2.r09	-	50000000	1	450001137	0	433
l-realboxing2.r10	-	50000000	1	500001137	0	481
l-realboxing2.r11	-	50000000	1	12251264	1	12
l-realboxing2.r12	-	50000000	1	62251264	1	60
l-realboxing2.r13	-	50000000	1	112251264	1	108
l-realboxing2.r14	-	50000000	1	162251264	1	156
l-realboxing2.r15	-	50000000	1	212251264	1	204
l-realboxing2.r16	-	50000000	1	262251264	1	252
l-realboxing2.r17	-	50000000	1	312251264	1	300
l-realboxing2.r18	-	50000000	1	362251264	1	348
l-realboxing2.r19	-	50000000	1	412251264	1	396
l-realboxing2.r20	-	50000000	1	462251264	1	444
l-realboxing2.r21	-	50000000	1	512251264	1	492
l-realboxing2.r22	-	50000000	1	24834176	2	24
l-realboxing2.r23	-	50000000	1	74834176	2	72
l-realboxing2.r24	-	50000000	1	124834176	2	120
l-realboxing2.r25	-	50000000	1	174834176	2	168
l-realboxing2.r26	-	50000000	1	224834176	2	216
l-realboxing2.r27	-	50000000	1	274834176	2	264
l-realboxing2.r28	-	50000000	1	324834176	2	312
l-realboxing2.r29	-	50000000	1	374834176	2	360
l-realboxing2.r30	-	50000000	1	424834176	2	408
l-realboxing2.r31	-	50000000	1	474834176	2	456
l-realboxing2.r32	-	50000000	1	524834176	2	504
l-realboxing2.r33	-	8158599	1	37417088	3	36
l-realboxing2.rar	-	50000000	1	45575687	3	44
l-realboxing2.sfv	-	980	1	95575687	3	92
