hr-atq9a.nfo	-	43404	1	0	0	0
hr-atq9a.r00	-	50000000	1	43404	0	1
hr-atq9a.r01	-	50000000	1	50043404	0	49
hr-atq9a.r02	-	50000000	1	100043404	0	97
hr-atq9a.r03	-	50000000	1	150043404	0	145
hr-atq9a.r04	-	50000000	1	200043404	0	193
hr-atq9a.r05	-	50000000	1	250043404	0	241
hr-atq9a.r06	-	50000000	1	300043404	0	289
hr-atq9a.r07	-	50000000	1	350043404	0	337
hr-atq9a.r08	-	50000000	1	400043404	0	385
hr-atq9a.r09	-	50000000	1	450043404	0	433
hr-atq9a.r10	-	50000000	1	500043404	0	481
hr-atq9a.r11	-	50000000	1	12251264	1	12
hr-atq9a.r12	-	50000000	1	62251264	1	60
hr-atq9a.r13	-	50000000	1	112251264	1	108
hr-atq9a.r14	-	50000000	1	162251264	1	156
hr-atq9a.r15	-	50000000	1	212251264	1	204
hr-atq9a.r16	-	50000000	1	262251264	1	252
hr-atq9a.r17	-	50000000	1	312251264	1	300
hr-atq9a.r18	-	50000000	1	362251264	1	348
hr-atq9a.r19	-	50000000	1	412251264	1	396
hr-atq9a.r20	-	50000000	1	462251264	1	444
hr-atq9a.r21	-	50000000	1	512251264	1	492
hr-atq9a.r22	-	50000000	1	24834176	2	24
hr-atq9a.r23	-	50000000	1	74834176	2	72
hr-atq9a.r24	-	50000000	1	124834176	2	120
hr-atq9a.r25	-	50000000	1	174834176	2	168
hr-atq9a.r26	-	50000000	1	224834176	2	216
hr-atq9a.r27	-	50000000	1	274834176	2	264
hr-atq9a.r28	-	50000000	1	324834176	2	312
hr-atq9a.r29	-	50000000	1	374834176	2	360
hr-atq9a.r30	-	50000000	1	424834176	2	408
hr-atq9a.r31	-	50000000	1	474834176	2	456
hr-atq9a.r32	-	50000000	1	524834176	2	504
hr-atq9a.r33	-	50000000	1	37417088	3	36
hr-atq9a.r34	-	50000000	1	87417088	3	84
hr-atq9a.r35	-	50000000	1	137417088	3	132
hr-atq9a.r36	-	50000000	1	187417088	3	180
hr-atq9a.r37	-	50000000	1	237417088	3	228
hr-atq9a.r38	-	50000000	1	287417088	3	276
hr-atq9a.r39	-	50000000	1	337417088	3	324
hr-atq9a.r40	-	50000000	1	387417088	3	372
hr-atq9a.r41	-	40892169	1	437417088	3	420
hr-atq9a.rar	-	50000000	1	478309257	3	459
hr-atq9a.sfv	-	989	1	528309257	3	507
Proof	d	0	1	528310246	3	508
Proof/hr-atq9a.jpg	-	931391	1	528310246	3	508
