Proof	d	0	1	0	0	0
Proof/w-aaoxtcmn.jpg	-	924139	1	0	0	0
w-aaoxtcmn.nfo	-	9338	1	924139	0	1
w-aaoxtcmn.r00	-	50000000	1	933477	0	2
w-aaoxtcmn.r01	-	50000000	1	50933477	0	50
w-aaoxtcmn.r02	-	50000000	1	100933477	0	98
w-aaoxtcmn.r03	-	50000000	1	150933477	0	146
w-aaoxtcmn.r04	-	50000000	1	200933477	0	194
w-aaoxtcmn.r05	-	50000000	1	250933477	0	242
w-aaoxtcmn.r06	-	50000000	1	300933477	0	290
w-aaoxtcmn.r07	-	50000000	1	350933477	0	338
w-aaoxtcmn.r08	-	50000000	1	400933477	0	386
w-aaoxtcmn.r09	-	50000000	1	450933477	0	434
w-aaoxtcmn.r10	-	50000000	1	500933477	0	482
w-aaoxtcmn.r11	-	50000000	1	13299840	1	13
w-aaoxtcmn.r12	-	50000000	1	63299840	1	61
w-aaoxtcmn.r13	-	50000000	1	113299840	1	109
w-aaoxtcmn.r14	-	50000000	1	163299840	1	157
w-aaoxtcmn.r15	-	50000000	1	213299840	1	205
w-aaoxtcmn.r16	-	50000000	1	263299840	1	253
w-aaoxtcmn.r17	-	50000000	1	313299840	1	301
w-aaoxtcmn.r18	-	50000000	1	363299840	1	349
w-aaoxtcmn.r19	-	50000000	1	413299840	1	397
w-aaoxtcmn.r20	-	50000000	1	463299840	1	445
w-aaoxtcmn.r21	-	50000000	1	513299840	1	493
w-aaoxtcmn.r22	-	50000000	1	25882752	2	25
w-aaoxtcmn.r23	-	50000000	1	75882752	2	73
w-aaoxtcmn.r24	-	50000000	1	125882752	2	121
w-aaoxtcmn.r25	-	50000000	1	175882752	2	169
w-aaoxtcmn.r26	-	50000000	1	225882752	2	217
w-aaoxtcmn.r27	-	50000000	1	275882752	2	265
w-aaoxtcmn.r28	-	50000000	1	325882752	2	313
w-aaoxtcmn.r29	-	50000000	1	375882752	2	361
w-aaoxtcmn.r30	-	50000000	1	425882752	2	409
w-aaoxtcmn.r31	-	50000000	1	475882752	2	457
w-aaoxtcmn.r32	-	50000000	1	525882752	2	505
w-aaoxtcmn.r33	-	50000000	1	38465664	3	37
w-aaoxtcmn.r34	-	50000000	1	88465664	3	85
w-aaoxtcmn.r35	-	50000000	1	138465664	3	133
w-aaoxtcmn.r36	-	7478510	1	188465664	3	181
w-aaoxtcmn.rar	-	50000000	1	195944174	3	189
w-aaoxtcmn.sfv	-	950	1	245944174	3	237
