n-sonicf.nfo	-	6072	1	0	0	0
n-sonicf.r00	-	200000000	1	6072	0	1
n-sonicf.r01	-	200000000	1	200006072	0	192
n-sonicf.r02	-	200000000	1	400006072	0	383
n-sonicf.r03	-	200000000	1	62636544	1	60
n-sonicf.r04	-	200000000	1	262636544	1	251
n-sonicf.r05	-	200000000	1	462636544	1	442
n-sonicf.r06	-	200000000	1	125551104	2	120
n-sonicf.r07	-	200000000	1	325551104	2	311
n-sonicf.r08	-	200000000	1	525551104	2	502
n-sonicf.r09	-	200000000	1	188465664	3	180
n-sonicf.r10	-	200000000	1	388465664	3	371
n-sonicf.r11	-	200000000	1	51102208	4	49
n-sonicf.r12	-	200000000	1	251102208	4	240
n-sonicf.r13	-	200000000	1	451102208	4	431
n-sonicf.r14	-	200000000	1	114016768	5	109
n-sonicf.r15	-	200000000	1	314016768	5	300
n-sonicf.r16	-	200000000	1	514016768	5	491
n-sonicf.r17	-	200000000	1	176931328	6	169
n-sonicf.r18	-	200000000	1	376931328	6	360
n-sonicf.r19	-	200000000	1	39567872	7	38
n-sonicf.r20	-	200000000	1	239567872	7	229
n-sonicf.r21	-	200000000	1	439567872	7	420
n-sonicf.r22	-	200000000	1	102482432	8	98
n-sonicf.r23	-	200000000	1	302482432	8	289
n-sonicf.r24	-	200000000	1	502482432	8	480
n-sonicf.r25	-	200000000	1	165396992	9	158
n-sonicf.r26	-	200000000	1	365396992	9	349
n-sonicf.r27	-	200000000	1	28033536	10	27
n-sonicf.r28	-	200000000	1	228033536	10	218
n-sonicf.r29	-	200000000	1	428033536	10	409
n-sonicf.r30	-	200000000	1	90948096	11	87
n-sonicf.r31	-	200000000	1	290948096	11	278
n-sonicf.r32	-	200000000	1	490948096	11	469
n-sonicf.r33	-	200000000	1	153862656	12	147
n-sonicf.r34	-	200000000	1	353862656	12	338
n-sonicf.r35	-	200000000	1	16499200	13	16
n-sonicf.r36	-	200000000	1	216499200	13	207
n-sonicf.r37	-	200000000	1	416499200	13	398
n-sonicf.r38	-	200000000	1	79413760	14	76
n-sonicf.r39	-	200000000	1	279413760	14	267
n-sonicf.r40	-	200000000	1	479413760	14	458
n-sonicf.r41	-	200000000	1	142328320	15	136
n-sonicf.r42	-	200000000	1	342328320	15	327
n-sonicf.r43	-	200000000	1	4964864	16	5
n-sonicf.r44	-	200000000	1	204964864	16	196
n-sonicf.r45	-	200000000	1	404964864	16	387
n-sonicf.r46	-	200000000	1	67879424	17	65
n-sonicf.r47	-	200000000	1	267879424	17	256
n-sonicf.r48	-	200000000	1	467879424	17	447
n-sonicf.r49	-	200000000	1	130793984	18	125
n-sonicf.r50	-	200000000	1	330793984	18	316
n-sonicf.r51	-	200000000	1	530793984	18	507
n-sonicf.r52	-	200000000	1	193708544	19	185
n-sonicf.r53	-	200000000	1	393708544	19	376
n-sonicf.r54	-	200000000	1	56345088	20	54
n-sonicf.r55	-	200000000	1	256345088	20	245
n-sonicf.r56	-	82675065	1	456345088	20	436
n-sonicf.rar	-	200000000	1	1934713	21	2
n-sonicf.sfv	-	1334	1	201934713	21	193
Proof	d	0	1	201936047	21	194
Proof/n-sonicf.jpg	-	148561	1	201936047	21	194
