lfc-unsi_v196608.nfo	-	5879	1	0	0	0
lfc-unsi_v196608.r00	-	50000000	1	5879	0	1
lfc-unsi_v196608.r01	-	50000000	1	50005879	0	49
lfc-unsi_v196608.r02	-	50000000	1	100005879	0	97
lfc-unsi_v196608.r03	-	50000000	1	150005879	0	145
lfc-unsi_v196608.r04	-	50000000	1	200005879	0	193
lfc-unsi_v196608.r05	-	50000000	1	250005879	0	241
lfc-unsi_v196608.r06	-	50000000	1	300005879	0	289
lfc-unsi_v196608.r07	-	50000000	1	350005879	0	337
lfc-unsi_v196608.r08	-	43860776	1	400005879	0	385
lfc-unsi_v196608.rar	-	50000000	1	443866655	0	427
lfc-unsi_v196608.sfv	-	310	1	493866655	0	475
