sxs-why_pizza.nfo	-	3950	1	0	0	0
sxs-why_pizza.r00	-	50000000	1	3950	0	1
sxs-why_pizza.r01	-	50000000	1	50003950	0	49
sxs-why_pizza.r02	-	50000000	1	100003950	0	97
sxs-why_pizza.r03	-	50000000	1	150003950	0	145
sxs-why_pizza.r04	-	50000000	1	200003950	0	193
sxs-why_pizza.r05	-	50000000	1	250003950	0	241
sxs-why_pizza.r06	-	50000000	1	300003950	0	289
sxs-why_pizza.r07	-	50000000	1	350003950	0	337
sxs-why_pizza.r08	-	50000000	1	400003950	0	385
sxs-why_pizza.r09	-	50000000	1	450003950	0	433
sxs-why_pizza.r10	-	50000000	1	500003950	0	481
sxs-why_pizza.r11	-	31972283	1	12251264	1	12
sxs-why_pizza.rar	-	50000000	1	44223547	1	43
sxs-why_pizza.sfv	-	364	1	94223547	1	91
