v-blair_witch_v196608.nfo	-	6448	1	0	0	0
v-blair_witch_v196608.r00	-	50000000	1	6448	0	1
v-blair_witch_v196608.r01	-	50000000	1	50006448	0	49
v-blair_witch_v196608.r02	-	50000000	1	100006448	0	97
v-blair_witch_v196608.r03	-	50000000	1	150006448	0	145
v-blair_witch_v196608.r04	-	50000000	1	200006448	0	193
v-blair_witch_v196608.r05	-	50000000	1	250006448	0	241
v-blair_witch_v196608.r06	-	50000000	1	300006448	0	289
v-blair_witch_v196608.r07	-	50000000	1	350006448	0	337
v-blair_witch_v196608.r08	-	50000000	1	400006448	0	385
v-blair_witch_v196608.r09	-	50000000	1	450006448	0	433
v-blair_witch_v196608.r10	-	50000000	1	500006448	0	481
v-blair_witch_v196608.r11	-	50000000	1	12251264	1	12
v-blair_witch_v196608.r12	-	50000000	1	62251264	1	60
v-blair_witch_v196608.r13	-	50000000	1	112251264	1	108
v-blair_witch_v196608.r14	-	50000000	1	162251264	1	156
v-blair_witch_v196608.r15	-	50000000	1	212251264	1	204
v-blair_witch_v196608.r16	-	50000000	1	262251264	1	252
v-blair_witch_v196608.r17	-	50000000	1	312251264	1	300
v-blair_witch_v196608.r18	-	50000000	1	362251264	1	348
v-blair_witch_v196608.r19	-	50000000	1	412251264	1	396
v-blair_witch_v196608.r20	-	50000000	1	462251264	1	444
v-blair_witch_v196608.r21	-	50000000	1	512251264	1	492
v-blair_witch_v196608.r22	-	50000000	1	24834176	2	24
v-blair_witch_v196608.r23	-	50000000	1	74834176	2	72
v-blair_witch_v196608.r24	-	50000000	1	124834176	2	120
v-blair_witch_v196608.r25	-	50000000	1	174834176	2	168
v-blair_witch_v196608.r26	-	50000000	1	224834176	2	216
v-blair_witch_v196608.r27	-	50000000	1	274834176	2	264
v-blair_witch_v196608.r28	-	50000000	1	324834176	2	312
v-blair_witch_v196608.r29	-	50000000	1	374834176	2	360
v-blair_witch_v196608.r30	-	50000000	1	424834176	2	408
v-blair_witch_v196608.r31	-	50000000	1	474834176	2	456
v-blair_witch_v196608.r32	-	50000000	1	524834176	2	504
v-blair_witch_v196608.r33	-	50000000	1	37417088	3	36
v-blair_witch_v196608.r34	-	50000000	1	87417088	3	84
v-blair_witch_v196608.r35	-	50000000	1	137417088	3	132
v-blair_witch_v196608.r36	-	50000000	1	187417088	3	180
v-blair_witch_v196608.r37	-	50000000	1	237417088	3	228
v-blair_witch_v196608.r38	-	50000000	1	287417088	3	276
v-blair_witch_v196608.r39	-	50000000	1	337417088	3	324
v-blair_witch_v196608.r40	-	50000000	1	387417088	3	372
v-blair_witch_v196608.r41	-	50000000	1	437417088	3	420
v-blair_witch_v196608.r42	-	50000000	1	487417088	3	468
v-blair_witch_v196608.r43	-	50000000	1	0	4	0
v-blair_witch_v196608.r44	-	50000000	1	50000000	4	48
v-blair_witch_v196608.r45	-	50000000	1	100000000	4	96
v-blair_witch_v196608.r46	-	50000000	1	150000000	4	144
v-blair_witch_v196608.r47	-	31810611	1	200000000	4	192
v-blair_witch_v196608.rar	-	50000000	1	231810611	4	223
v-blair_witch_v196608.sfv	-	1764	1	281810611	4	271
