sxs-alders_blood_v262144.nfo	-	9188	1	0	0	0
sxs-alders_blood_v262144.r00	-	50000000	1	9188	0	1
sxs-alders_blood_v262144.r01	-	50000000	1	50009188	0	49
sxs-alders_blood_v262144.r02	-	50000000	1	100009188	0	97
sxs-alders_blood_v262144.r03	-	50000000	1	150009188	0	145
sxs-alders_blood_v262144.r04	-	50000000	1	200009188	0	193
sxs-alders_blood_v262144.r05	-	50000000	1	250009188	0	241
sxs-alders_blood_v262144.r06	-	50000000	1	300009188	0	289
sxs-alders_blood_v262144.r07	-	12883863	1	350009188	0	337
sxs-alders_blood_v262144.rar	-	50000000	1	362893051	0	350
sxs-alders_blood_v262144.sfv	-	351	1	412893051	0	398
