w-mestov3.nfo	-	9338	1	0	0	0
w-mestov3.r00	-	100000000	1	9338	0	1
w-mestov3.r01	-	100000000	1	100009338	0	97
w-mestov3.r02	-	100000000	1	200009338	0	193
w-mestov3.r03	-	100000000	1	300009338	0	289
w-mestov3.r04	-	100000000	1	400009338	0	385
w-mestov3.r05	-	100000000	1	500009338	0	481
w-mestov3.r06	-	100000000	1	62251264	1	60
w-mestov3.r07	-	100000000	1	162251264	1	156
w-mestov3.r08	-	100000000	1	262251264	1	252
w-mestov3.r09	-	100000000	1	362251264	1	348
w-mestov3.r10	-	100000000	1	462251264	1	444
w-mestov3.r11	-	100000000	1	24502528	2	24
w-mestov3.r12	-	100000000	1	124502528	2	120
w-mestov3.r13	-	100000000	1	224502528	2	216
w-mestov3.r14	-	100000000	1	324502528	2	312
w-mestov3.r15	-	100000000	1	424502528	2	408
w-mestov3.r16	-	100000000	1	524502528	2	504
w-mestov3.r17	-	100000000	1	87417088	3	84
w-mestov3.r18	-	100000000	1	187417088	3	180
w-mestov3.r19	-	100000000	1	287417088	3	276
w-mestov3.r20	-	100000000	1	387417088	3	372
w-mestov3.r21	-	100000000	1	487417088	3	468
w-mestov3.r22	-	100000000	1	49668352	4	48
w-mestov3.r23	-	100000000	1	149668352	4	144
w-mestov3.r24	-	100000000	1	249668352	4	240
w-mestov3.r25	-	100000000	1	349668352	4	336
w-mestov3.r26	-	100000000	1	449668352	4	432
w-mestov3.r27	-	100000000	1	11919616	5	12
w-mestov3.r28	-	100000000	1	111919616	5	108
w-mestov3.r29	-	100000000	1	211919616	5	204
w-mestov3.r30	-	100000000	1	311919616	5	300
w-mestov3.r31	-	100000000	1	411919616	5	396
w-mestov3.r32	-	100000000	1	511919616	5	492
w-mestov3.r33	-	100000000	1	74834176	6	72
w-mestov3.r34	-	100000000	1	174834176	6	168
w-mestov3.r35	-	100000000	1	274834176	6	264
w-mestov3.r36	-	100000000	1	374834176	6	360
w-mestov3.r37	-	100000000	1	474834176	6	456
w-mestov3.r38	-	100000000	1	37085440	7	36
w-mestov3.r39	-	100000000	1	137085440	7	132
w-mestov3.r40	-	100000000	1	237085440	7	228
w-mestov3.r41	-	100000000	1	337085440	7	324
w-mestov3.r42	-	100000000	1	437085440	7	420
w-mestov3.r43	-	100000000	1	0	8	0
w-mestov3.r44	-	100000000	1	100000000	8	96
w-mestov3.r45	-	100000000	1	200000000	8	192
w-mestov3.r46	-	100000000	1	300000000	8	288
w-mestov3.r47	-	100000000	1	400000000	8	384
w-mestov3.r48	-	84898238	1	500000000	8	480
w-mestov3.rar	-	100000000	1	47149502	9	45
w-mestov3.sfv	-	1200	1	147149502	9	141
