sxs-pokemon_violet_v589824.nfo	-	7088	1	0	0	0
sxs-pokemon_violet_v589824.r00	-	100000000	1	7088	0	1
sxs-pokemon_violet_v589824.r01	-	100000000	1	100007088	0	97
sxs-pokemon_violet_v589824.r02	-	100000000	1	200007088	0	193
sxs-pokemon_violet_v589824.r03	-	100000000	1	300007088	0	289
sxs-pokemon_violet_v589824.r04	-	100000000	1	400007088	0	385
sxs-pokemon_violet_v589824.r05	-	100000000	1	500007088	0	481
sxs-pokemon_violet_v589824.r06	-	100000000	1	62251264	1	60
sxs-pokemon_violet_v589824.r07	-	100000000	1	162251264	1	156
sxs-pokemon_violet_v589824.r08	-	100000000	1	262251264	1	252
sxs-pokemon_violet_v589824.r09	-	100000000	1	362251264	1	348
sxs-pokemon_violet_v589824.r10	-	100000000	1	462251264	1	444
sxs-pokemon_violet_v589824.r11	-	100000000	1	24502528	2	24
sxs-pokemon_violet_v589824.r12	-	100000000	1	124502528	2	120
sxs-pokemon_violet_v589824.r13	-	100000000	1	224502528	2	216
sxs-pokemon_violet_v589824.r14	-	100000000	1	324502528	2	312
sxs-pokemon_violet_v589824.r15	-	100000000	1	424502528	2	408
sxs-pokemon_violet_v589824.r16	-	100000000	1	524502528	2	504
sxs-pokemon_violet_v589824.r17	-	100000000	1	87417088	3	84
sxs-pokemon_violet_v589824.r18	-	100000000	1	187417088	3	180
sxs-pokemon_violet_v589824.r19	-	100000000	1	287417088	3	276
sxs-pokemon_violet_v589824.r20	-	100000000	1	387417088	3	372
sxs-pokemon_violet_v589824.r21	-	100000000	1	487417088	3	468
sxs-pokemon_violet_v589824.r22	-	100000000	1	49668352	4	48
sxs-pokemon_violet_v589824.r23	-	100000000	1	149668352	4	144
sxs-pokemon_violet_v589824.r24	-	100000000	1	249668352	4	240
sxs-pokemon_violet_v589824.r25	-	100000000	1	349668352	4	336
sxs-pokemon_violet_v589824.r26	-	100000000	1	449668352	4	432
sxs-pokemon_violet_v589824.r27	-	100000000	1	11919616	5	12
sxs-pokemon_violet_v589824.r28	-	100000000	1	111919616	5	108
sxs-pokemon_violet_v589824.r29	-	100000000	1	211919616	5	204
sxs-pokemon_violet_v589824.r30	-	82872246	1	311919616	5	300
sxs-pokemon_violet_v589824.rar	-	100000000	1	394791862	5	380
sxs-pokemon_violet_v589824.sfv	-	1312	1	494791862	5	476
