n-nba2k23_v65536.nfo	-	6072	1	0	0	0
n-nba2k23_v65536.r00	-	550000000	1	6072	0	1
n-nba2k23_v65536.r01	-	550000000	1	13129088	1	13
n-nba2k23_v65536.r02	-	550000000	1	25712000	2	25
n-nba2k23_v65536.r03	-	550000000	1	38294912	3	37
n-nba2k23_v65536.r04	-	550000000	1	50877824	4	49
n-nba2k23_v65536.r05	-	550000000	1	63460736	5	61
n-nba2k23_v65536.r06	-	550000000	1	76043648	6	73
n-nba2k23_v65536.r07	-	550000000	1	88626560	7	85
n-nba2k23_v65536.r08	-	550000000	1	101209472	8	97
n-nba2k23_v65536.r09	-	550000000	1	113792384	9	109
n-nba2k23_v65536.r10	-	550000000	1	126375296	10	121
n-nba2k23_v65536.r11	-	550000000	1	138958208	11	133
n-nba2k23_v65536.r12	-	550000000	1	151541120	12	145
n-nba2k23_v65536.r13	-	550000000	1	164124032	13	157
n-nba2k23_v65536.r14	-	550000000	1	176706944	14	169
n-nba2k23_v65536.r15	-	550000000	1	189289856	15	181
n-nba2k23_v65536.r16	-	550000000	1	201872768	16	193
n-nba2k23_v65536.r17	-	550000000	1	214455680	17	205
n-nba2k23_v65536.r18	-	550000000	1	227038592	18	217
n-nba2k23_v65536.r19	-	550000000	1	239621504	19	229
n-nba2k23_v65536.r20	-	550000000	1	252204416	20	241
n-nba2k23_v65536.r21	-	550000000	1	264787328	21	253
n-nba2k23_v65536.r22	-	550000000	1	277370240	22	265
n-nba2k23_v65536.r23	-	550000000	1	289953152	23	277
n-nba2k23_v65536.r24	-	550000000	1	302536064	24	289
n-nba2k23_v65536.r25	-	550000000	1	315118976	25	301
n-nba2k23_v65536.r26	-	550000000	1	327701888	26	313
n-nba2k23_v65536.r27	-	550000000	1	340284800	27	325
n-nba2k23_v65536.r28	-	550000000	1	352867712	28	337
n-nba2k23_v65536.r29	-	550000000	1	365450624	29	349
n-nba2k23_v65536.r30	-	550000000	1	378033536	30	361
n-nba2k23_v65536.r31	-	550000000	1	390616448	31	373
n-nba2k23_v65536.r32	-	550000000	1	403199360	32	385
n-nba2k23_v65536.r33	-	550000000	1	415782272	33	397
n-nba2k23_v65536.r34	-	550000000	1	428365184	34	409
n-nba2k23_v65536.r35	-	550000000	1	440948096	35	421
n-nba2k23_v65536.r36	-	550000000	1	453531008	36	433
n-nba2k23_v65536.r37	-	550000000	1	466113920	37	445
n-nba2k23_v65536.r38	-	550000000	1	478696832	38	457
n-nba2k23_v65536.r39	-	550000000	1	491279744	39	469
n-nba2k23_v65536.r40	-	550000000	1	503862656	40	481
n-nba2k23_v65536.r41	-	550000000	1	516445568	41	493
n-nba2k23_v65536.r42	-	550000000	1	529028480	42	505
n-nba2k23_v65536.r43	-	550000000	1	4740480	44	5
n-nba2k23_v65536.r44	-	550000000	1	17323392	45	17
n-nba2k23_v65536.r45	-	550000000	1	29906304	46	29
n-nba2k23_v65536.r46	-	550000000	1	42489216	47	41
n-nba2k23_v65536.r47	-	550000000	1	55072128	48	53
n-nba2k23_v65536.r48	-	550000000	1	67655040	49	65
n-nba2k23_v65536.r49	-	550000000	1	80237952	50	77
n-nba2k23_v65536.r50	-	550000000	1	92820864	51	89
n-nba2k23_v65536.r51	-	550000000	1	105403776	52	101
n-nba2k23_v65536.r52	-	550000000	1	117986688	53	113
n-nba2k23_v65536.r53	-	550000000	1	130569600	54	125
n-nba2k23_v65536.r54	-	550000000	1	143152512	55	137
n-nba2k23_v65536.r55	-	550000000	1	155735424	56	149
n-nba2k23_v65536.r56	-	550000000	1	168318336	57	161
n-nba2k23_v65536.r57	-	550000000	1	180901248	58	173
n-nba2k23_v65536.r58	-	550000000	1	193484160	59	185
n-nba2k23_v65536.r59	-	550000000	1	206067072	60	197
n-nba2k23_v65536.r60	-	550000000	1	218649984	61	209
n-nba2k23_v65536.r61	-	550000000	1	231232896	62	221
n-nba2k23_v65536.r62	-	550000000	1	243815808	63	233
n-nba2k23_v65536.r63	-	550000000	1	256398720	64	245
n-nba2k23_v65536.r64	-	550000000	1	268981632	65	257
n-nba2k23_v65536.r65	-	550000000	1	281564544	66	269
n-nba2k23_v65536.r66	-	550000000	1	294147456	67	281
n-nba2k23_v65536.r67	-	550000000	1	306730368	68	293
n-nba2k23_v65536.r68	-	550000000	1	319313280	69	305
n-nba2k23_v65536.r69	-	550000000	1	331896192	70	317
n-nba2k23_v65536.r70	-	550000000	1	344479104	71	329
n-nba2k23_v65536.r71	-	550000000	1	357062016	72	341
n-nba2k23_v65536.r72	-	550000000	1	369644928	73	353
n-nba2k23_v65536.r73	-	550000000	1	382227840	74	365
n-nba2k23_v65536.r74	-	550000000	1	394810752	75	377
n-nba2k23_v65536.r75	-	550000000	1	407393664	76	389
n-nba2k23_v65536.r76	-	550000000	1	419976576	77	401
n-nba2k23_v65536.r77	-	550000000	1	432559488	78	413
n-nba2k23_v65536.r78	-	550000000	1	445142400	79	425
n-nba2k23_v65536.r79	-	550000000	1	457725312	80	437
n-nba2k23_v65536.r80	-	550000000	1	470308224	81	449
n-nba2k23_v65536.r81	-	550000000	1	482891136	82	461
n-nba2k23_v65536.r82	-	550000000	1	495474048	83	473
n-nba2k23_v65536.r83	-	550000000	1	508056960	84	485
n-nba2k23_v65536.r84	-	550000000	1	520639872	85	497
n-nba2k23_v65536.r85	-	550000000	1	533222784	86	509
n-nba2k23_v65536.r86	-	550000000	1	8934784	88	9
n-nba2k23_v65536.r87	-	534884162	1	21517696	89	21
n-nba2k23_v65536.rar	-	550000000	1	18984770	90	19
n-nba2k23_v65536.sfv	-	2759	1	32003456	91	31
