hr-yokaigakuenyv524288.nfo	-	11501	1	0	0	0
hr-yokaigakuenyv524288.r00	-	50000000	1	11501	0	1
hr-yokaigakuenyv524288.r01	-	50000000	1	50011501	0	49
hr-yokaigakuenyv524288.r02	-	50000000	1	100011501	0	97
hr-yokaigakuenyv524288.r03	-	50000000	1	150011501	0	145
hr-yokaigakuenyv524288.r04	-	50000000	1	200011501	0	193
hr-yokaigakuenyv524288.r05	-	50000000	1	250011501	0	241
hr-yokaigakuenyv524288.r06	-	50000000	1	300011501	0	289
hr-yokaigakuenyv524288.r07	-	50000000	1	350011501	0	337
hr-yokaigakuenyv524288.r08	-	50000000	1	400011501	0	385
hr-yokaigakuenyv524288.r09	-	50000000	1	450011501	0	433
hr-yokaigakuenyv524288.r10	-	50000000	1	500011501	0	481
hr-yokaigakuenyv524288.r11	-	50000000	1	12251264	1	12
hr-yokaigakuenyv524288.r12	-	50000000	1	62251264	1	60
hr-yokaigakuenyv524288.r13	-	50000000	1	112251264	1	108
hr-yokaigakuenyv524288.r14	-	50000000	1	162251264	1	156
hr-yokaigakuenyv524288.r15	-	50000000	1	212251264	1	204
hr-yokaigakuenyv524288.r16	-	50000000	1	262251264	1	252
hr-yokaigakuenyv524288.r17	-	50000000	1	312251264	1	300
hr-yokaigakuenyv524288.r18	-	50000000	1	362251264	1	348
hr-yokaigakuenyv524288.r19	-	50000000	1	412251264	1	396
hr-yokaigakuenyv524288.r20	-	50000000	1	462251264	1	444
hr-yokaigakuenyv524288.r21	-	50000000	1	512251264	1	492
hr-yokaigakuenyv524288.r22	-	50000000	1	24834176	2	24
hr-yokaigakuenyv524288.r23	-	50000000	1	74834176	2	72
hr-yokaigakuenyv524288.r24	-	50000000	1	124834176	2	120
hr-yokaigakuenyv524288.r25	-	50000000	1	174834176	2	168
hr-yokaigakuenyv524288.r26	-	50000000	1	224834176	2	216
hr-yokaigakuenyv524288.r27	-	50000000	1	274834176	2	264
hr-yokaigakuenyv524288.r28	-	50000000	1	324834176	2	312
hr-yokaigakuenyv524288.r29	-	50000000	1	374834176	2	360
hr-yokaigakuenyv524288.r30	-	50000000	1	424834176	2	408
hr-yokaigakuenyv524288.r31	-	50000000	1	474834176	2	456
hr-yokaigakuenyv524288.r32	-	50000000	1	524834176	2	504
hr-yokaigakuenyv524288.r33	-	50000000	1	37417088	3	36
hr-yokaigakuenyv524288.r34	-	50000000	1	87417088	3	84
hr-yokaigakuenyv524288.r35	-	50000000	1	137417088	3	132
hr-yokaigakuenyv524288.r36	-	50000000	1	187417088	3	180
hr-yokaigakuenyv524288.r37	-	50000000	1	237417088	3	228
hr-yokaigakuenyv524288.r38	-	50000000	1	287417088	3	276
hr-yokaigakuenyv524288.r39	-	50000000	1	337417088	3	324
hr-yokaigakuenyv524288.r40	-	50000000	1	387417088	3	372
hr-yokaigakuenyv524288.r41	-	50000000	1	437417088	3	420
hr-yokaigakuenyv524288.r42	-	50000000	1	487417088	3	468
hr-yokaigakuenyv524288.r43	-	50000000	1	0	4	0
hr-yokaigakuenyv524288.r44	-	50000000	1	50000000	4	48
hr-yokaigakuenyv524288.r45	-	50000000	1	100000000	4	96
hr-yokaigakuenyv524288.r46	-	50000000	1	150000000	4	144
hr-yokaigakuenyv524288.r47	-	50000000	1	200000000	4	192
hr-yokaigakuenyv524288.r48	-	50000000	1	250000000	4	240
hr-yokaigakuenyv524288.r49	-	50000000	1	300000000	4	288
hr-yokaigakuenyv524288.r50	-	50000000	1	350000000	4	336
hr-yokaigakuenyv524288.r51	-	50000000	1	400000000	4	384
hr-yokaigakuenyv524288.r52	-	50000000	1	450000000	4	432
hr-yokaigakuenyv524288.r53	-	50000000	1	500000000	4	480
hr-yokaigakuenyv524288.r54	-	50000000	1	12251264	5	12
hr-yokaigakuenyv524288.r55	-	50000000	1	62251264	5	60
hr-yokaigakuenyv524288.r56	-	50000000	1	112251264	5	108
hr-yokaigakuenyv524288.r57	-	50000000	1	162251264	5	156
hr-yokaigakuenyv524288.r58	-	50000000	1	212251264	5	204
hr-yokaigakuenyv524288.r59	-	50000000	1	262251264	5	252
hr-yokaigakuenyv524288.r60	-	50000000	1	312251264	5	300
hr-yokaigakuenyv524288.r61	-	50000000	1	362251264	5	348
hr-yokaigakuenyv524288.r62	-	50000000	1	412251264	5	396
hr-yokaigakuenyv524288.r63	-	50000000	1	462251264	5	444
hr-yokaigakuenyv524288.r64	-	50000000	1	512251264	5	492
hr-yokaigakuenyv524288.r65	-	50000000	1	24834176	6	24
hr-yokaigakuenyv524288.r66	-	50000000	1	74834176	6	72
hr-yokaigakuenyv524288.r67	-	50000000	1	124834176	6	120
hr-yokaigakuenyv524288.r68	-	50000000	1	174834176	6	168
hr-yokaigakuenyv524288.r69	-	50000000	1	224834176	6	216
hr-yokaigakuenyv524288.r70	-	50000000	1	274834176	6	264
hr-yokaigakuenyv524288.r71	-	50000000	1	324834176	6	312
hr-yokaigakuenyv524288.r72	-	40265011	1	374834176	6	360
hr-yokaigakuenyv524288.rar	-	50000000	1	415099187	6	399
hr-yokaigakuenyv524288.sfv	-	2738	1	465099187	6	447
