hr-aqn9a.nfo	-	20150	1	0	0	0
hr-aqn9a.r00	-	50000000	1	20150	0	1
hr-aqn9a.r01	-	50000000	1	50020150	0	49
hr-aqn9a.r02	-	50000000	1	100020150	0	97
hr-aqn9a.r03	-	50000000	1	150020150	0	145
hr-aqn9a.r04	-	50000000	1	200020150	0	193
hr-aqn9a.r05	-	50000000	1	250020150	0	241
hr-aqn9a.r06	-	50000000	1	300020150	0	289
hr-aqn9a.r07	-	50000000	1	350020150	0	337
hr-aqn9a.r08	-	50000000	1	400020150	0	385
hr-aqn9a.r09	-	50000000	1	450020150	0	433
hr-aqn9a.r10	-	50000000	1	500020150	0	481
hr-aqn9a.r11	-	50000000	1	12251264	1	12
hr-aqn9a.r12	-	50000000	1	62251264	1	60
hr-aqn9a.r13	-	50000000	1	112251264	1	108
hr-aqn9a.r14	-	50000000	1	162251264	1	156
hr-aqn9a.r15	-	50000000	1	212251264	1	204
hr-aqn9a.r16	-	50000000	1	262251264	1	252
hr-aqn9a.r17	-	50000000	1	312251264	1	300
hr-aqn9a.r18	-	50000000	1	362251264	1	348
hr-aqn9a.r19	-	50000000	1	412251264	1	396
hr-aqn9a.r20	-	50000000	1	462251264	1	444
hr-aqn9a.r21	-	50000000	1	512251264	1	492
hr-aqn9a.r22	-	50000000	1	24834176	2	24
hr-aqn9a.r23	-	50000000	1	74834176	2	72
hr-aqn9a.r24	-	50000000	1	124834176	2	120
hr-aqn9a.r25	-	50000000	1	174834176	2	168
hr-aqn9a.r26	-	50000000	1	224834176	2	216
hr-aqn9a.r27	-	50000000	1	274834176	2	264
hr-aqn9a.r28	-	50000000	1	324834176	2	312
hr-aqn9a.r29	-	50000000	1	374834176	2	360
hr-aqn9a.r30	-	50000000	1	424834176	2	408
hr-aqn9a.r31	-	50000000	1	474834176	2	456
hr-aqn9a.r32	-	50000000	1	524834176	2	504
hr-aqn9a.r33	-	50000000	1	37417088	3	36
hr-aqn9a.r34	-	50000000	1	87417088	3	84
hr-aqn9a.r35	-	50000000	1	137417088	3	132
hr-aqn9a.r36	-	50000000	1	187417088	3	180
hr-aqn9a.r37	-	50000000	1	237417088	3	228
hr-aqn9a.r38	-	50000000	1	287417088	3	276
hr-aqn9a.r39	-	50000000	1	337417088	3	324
hr-aqn9a.r40	-	50000000	1	387417088	3	372
hr-aqn9a.r41	-	50000000	1	437417088	3	420
hr-aqn9a.r42	-	50000000	1	487417088	3	468
hr-aqn9a.r43	-	50000000	1	0	4	0
hr-aqn9a.r44	-	50000000	1	50000000	4	48
hr-aqn9a.r45	-	50000000	1	100000000	4	96
hr-aqn9a.r46	-	50000000	1	150000000	4	144
hr-aqn9a.r47	-	50000000	1	200000000	4	192
hr-aqn9a.r48	-	50000000	1	250000000	4	240
hr-aqn9a.r49	-	50000000	1	300000000	4	288
hr-aqn9a.r50	-	50000000	1	350000000	4	336
hr-aqn9a.r51	-	50000000	1	400000000	4	384
hr-aqn9a.r52	-	50000000	1	450000000	4	432
hr-aqn9a.r53	-	50000000	1	500000000	4	480
hr-aqn9a.r54	-	50000000	1	12251264	5	12
hr-aqn9a.r55	-	50000000	1	62251264	5	60
hr-aqn9a.r56	-	50000000	1	112251264	5	108
hr-aqn9a.r57	-	50000000	1	162251264	5	156
hr-aqn9a.r58	-	50000000	1	212251264	5	204
hr-aqn9a.r59	-	50000000	1	262251264	5	252
hr-aqn9a.r60	-	50000000	1	312251264	5	300
hr-aqn9a.r61	-	50000000	1	362251264	5	348
hr-aqn9a.r62	-	50000000	1	412251264	5	396
hr-aqn9a.r63	-	50000000	1	462251264	5	444
hr-aqn9a.r64	-	50000000	1	512251264	5	492
hr-aqn9a.r65	-	50000000	1	24834176	6	24
hr-aqn9a.r66	-	50000000	1	74834176	6	72
hr-aqn9a.r67	-	50000000	1	124834176	6	120
hr-aqn9a.r68	-	31038962	1	174834176	6	168
hr-aqn9a.rar	-	50000000	1	205873138	6	198
hr-aqn9a.sfv	-	1610	1	255873138	6	246
Proof	d	0	1	255874748	6	247
Proof/hr-aqn9a.jpg	-	132738	1	255874748	6	247
