sxs-hollow_knight_v262144.nfo	-	7304	1	0	0	0
sxs-hollow_knight_v262144.r00	-	100000000	1	7304	0	1
sxs-hollow_knight_v262144.r01	-	100000000	1	100007304	0	97
sxs-hollow_knight_v262144.r02	-	100000000	1	200007304	0	193
sxs-hollow_knight_v262144.r03	-	100000000	1	300007304	0	289
sxs-hollow_knight_v262144.r04	-	100000000	1	400007304	0	385
sxs-hollow_knight_v262144.r05	-	100000000	1	500007304	0	481
sxs-hollow_knight_v262144.r06	-	100000000	1	62251264	1	60
sxs-hollow_knight_v262144.r07	-	100000000	1	162251264	1	156
sxs-hollow_knight_v262144.r08	-	100000000	1	262251264	1	252
sxs-hollow_knight_v262144.r09	-	100000000	1	362251264	1	348
sxs-hollow_knight_v262144.r10	-	100000000	1	462251264	1	444
sxs-hollow_knight_v262144.r11	-	100000000	1	24502528	2	24
sxs-hollow_knight_v262144.r12	-	100000000	1	124502528	2	120
sxs-hollow_knight_v262144.r13	-	100000000	1	224502528	2	216
sxs-hollow_knight_v262144.r14	-	100000000	1	324502528	2	312
sxs-hollow_knight_v262144.r15	-	100000000	1	424502528	2	408
sxs-hollow_knight_v262144.r16	-	100000000	1	524502528	2	504
sxs-hollow_knight_v262144.r17	-	99029003	1	87417088	3	84
sxs-hollow_knight_v262144.rar	-	100000000	1	186446091	3	179
sxs-hollow_knight_v262144.sfv	-	760	1	286446091	3	275
