hr-bbu9a.nfo	-	43404	1	0	0	0
hr-bbu9a.r00	-	100000000	1	43404	0	1
hr-bbu9a.r01	-	100000000	1	100043404	0	97
hr-bbu9a.r02	-	100000000	1	200043404	0	193
hr-bbu9a.r03	-	100000000	1	300043404	0	289
hr-bbu9a.r04	-	100000000	1	400043404	0	385
hr-bbu9a.r05	-	100000000	1	500043404	0	481
hr-bbu9a.r06	-	100000000	1	62251264	1	60
hr-bbu9a.r07	-	100000000	1	162251264	1	156
hr-bbu9a.r08	-	100000000	1	262251264	1	252
hr-bbu9a.r09	-	100000000	1	362251264	1	348
hr-bbu9a.r10	-	100000000	1	462251264	1	444
hr-bbu9a.r11	-	100000000	1	24502528	2	24
hr-bbu9a.r12	-	100000000	1	124502528	2	120
hr-bbu9a.r13	-	100000000	1	224502528	2	216
hr-bbu9a.r14	-	100000000	1	324502528	2	312
hr-bbu9a.r15	-	100000000	1	424502528	2	408
hr-bbu9a.r16	-	100000000	1	524502528	2	504
hr-bbu9a.r17	-	100000000	1	87417088	3	84
hr-bbu9a.r18	-	100000000	1	187417088	3	180
hr-bbu9a.r19	-	100000000	1	287417088	3	276
hr-bbu9a.r20	-	100000000	1	387417088	3	372
hr-bbu9a.r21	-	100000000	1	487417088	3	468
hr-bbu9a.r22	-	100000000	1	49668352	4	48
hr-bbu9a.r23	-	100000000	1	149668352	4	144
hr-bbu9a.r24	-	100000000	1	249668352	4	240
hr-bbu9a.r25	-	100000000	1	349668352	4	336
hr-bbu9a.r26	-	100000000	1	449668352	4	432
hr-bbu9a.r27	-	100000000	1	11919616	5	12
hr-bbu9a.r28	-	100000000	1	111919616	5	108
hr-bbu9a.r29	-	100000000	1	211919616	5	204
hr-bbu9a.r30	-	100000000	1	311919616	5	300
hr-bbu9a.r31	-	100000000	1	411919616	5	396
hr-bbu9a.r32	-	100000000	1	511919616	5	492
hr-bbu9a.r33	-	100000000	1	74834176	6	72
hr-bbu9a.r34	-	100000000	1	174834176	6	168
hr-bbu9a.r35	-	100000000	1	274834176	6	264
hr-bbu9a.r36	-	100000000	1	374834176	6	360
hr-bbu9a.r37	-	100000000	1	474834176	6	456
hr-bbu9a.r38	-	100000000	1	37085440	7	36
hr-bbu9a.r39	-	100000000	1	137085440	7	132
hr-bbu9a.r40	-	100000000	1	237085440	7	228
hr-bbu9a.r41	-	100000000	1	337085440	7	324
hr-bbu9a.r42	-	100000000	1	437085440	7	420
hr-bbu9a.r43	-	100000000	1	0	8	0
hr-bbu9a.r44	-	100000000	1	100000000	8	96
hr-bbu9a.r45	-	100000000	1	200000000	8	192
hr-bbu9a.r46	-	100000000	1	300000000	8	288
hr-bbu9a.r47	-	100000000	1	400000000	8	384
hr-bbu9a.r48	-	100000000	1	500000000	8	480
hr-bbu9a.r49	-	100000000	1	62251264	9	60
hr-bbu9a.r50	-	100000000	1	162251264	9	156
hr-bbu9a.r51	-	100000000	1	262251264	9	252
hr-bbu9a.r52	-	47124331	1	362251264	9	348
hr-bbu9a.rar	-	100000000	1	409375595	9	393
hr-bbu9a.sfv	-	1242	1	509375595	9	489
Proof	d	0	1	509376837	9	490
Proof/hr-bbu9a.jpg	-	779187	1	509376837	9	490
