sxs-goonya_monster_v589824.nfo	-	6692	1	0	0	0
sxs-goonya_monster_v589824.r00	-	100000000	1	6692	0	1
sxs-goonya_monster_v589824.r01	-	100000000	1	100006692	0	97
sxs-goonya_monster_v589824.r02	-	100000000	1	200006692	0	193
sxs-goonya_monster_v589824.r03	-	100000000	1	300006692	0	289
sxs-goonya_monster_v589824.r04	-	100000000	1	400006692	0	385
sxs-goonya_monster_v589824.r05	-	100000000	1	500006692	0	481
sxs-goonya_monster_v589824.r06	-	100000000	1	62251264	1	60
sxs-goonya_monster_v589824.r07	-	100000000	1	162251264	1	156
sxs-goonya_monster_v589824.r08	-	80234167	1	262251264	1	252
sxs-goonya_monster_v589824.rar	-	100000000	1	342485431	1	329
sxs-goonya_monster_v589824.sfv	-	410	1	442485431	1	425
