n-lego2kdrive.nfo	-	6072	1	0	0	0
n-lego2kdrive.r00	-	100000000	1	6072	0	1
n-lego2kdrive.r01	-	100000000	1	100006072	0	97
n-lego2kdrive.r02	-	100000000	1	200006072	0	193
n-lego2kdrive.r03	-	100000000	1	300006072	0	289
n-lego2kdrive.r04	-	100000000	1	400006072	0	385
n-lego2kdrive.r05	-	100000000	1	500006072	0	481
n-lego2kdrive.r06	-	100000000	1	62251264	1	60
n-lego2kdrive.r07	-	100000000	1	162251264	1	156
n-lego2kdrive.r08	-	100000000	1	262251264	1	252
n-lego2kdrive.r09	-	100000000	1	362251264	1	348
n-lego2kdrive.r10	-	100000000	1	462251264	1	444
n-lego2kdrive.r11	-	100000000	1	24502528	2	24
n-lego2kdrive.r12	-	100000000	1	124502528	2	120
n-lego2kdrive.r13	-	100000000	1	224502528	2	216
n-lego2kdrive.r14	-	100000000	1	324502528	2	312
n-lego2kdrive.r15	-	100000000	1	424502528	2	408
n-lego2kdrive.r16	-	100000000	1	524502528	2	504
n-lego2kdrive.r17	-	100000000	1	87417088	3	84
n-lego2kdrive.r18	-	100000000	1	187417088	3	180
n-lego2kdrive.r19	-	100000000	1	287417088	3	276
n-lego2kdrive.r20	-	100000000	1	387417088	3	372
n-lego2kdrive.r21	-	100000000	1	487417088	3	468
n-lego2kdrive.r22	-	100000000	1	49668352	4	48
n-lego2kdrive.r23	-	100000000	1	149668352	4	144
n-lego2kdrive.r24	-	100000000	1	249668352	4	240
n-lego2kdrive.r25	-	100000000	1	349668352	4	336
n-lego2kdrive.r26	-	100000000	1	449668352	4	432
n-lego2kdrive.r27	-	100000000	1	11919616	5	12
n-lego2kdrive.r28	-	100000000	1	111919616	5	108
n-lego2kdrive.r29	-	100000000	1	211919616	5	204
n-lego2kdrive.r30	-	100000000	1	311919616	5	300
n-lego2kdrive.r31	-	100000000	1	411919616	5	396
n-lego2kdrive.r32	-	100000000	1	511919616	5	492
n-lego2kdrive.r33	-	100000000	1	74834176	6	72
n-lego2kdrive.r34	-	100000000	1	174834176	6	168
n-lego2kdrive.r35	-	100000000	1	274834176	6	264
n-lego2kdrive.r36	-	100000000	1	374834176	6	360
n-lego2kdrive.r37	-	100000000	1	474834176	6	456
n-lego2kdrive.r38	-	100000000	1	37085440	7	36
n-lego2kdrive.r39	-	100000000	1	137085440	7	132
n-lego2kdrive.r40	-	100000000	1	237085440	7	228
n-lego2kdrive.r41	-	100000000	1	337085440	7	324
n-lego2kdrive.r42	-	100000000	1	437085440	7	420
n-lego2kdrive.r43	-	100000000	1	0	8	0
n-lego2kdrive.r44	-	100000000	1	100000000	8	96
n-lego2kdrive.r45	-	100000000	1	200000000	8	192
n-lego2kdrive.r46	-	100000000	1	300000000	8	288
n-lego2kdrive.r47	-	28980917	1	400000000	8	384
n-lego2kdrive.rar	-	100000000	1	428980917	8	412
n-lego2kdrive.sfv	-	1372	1	528980917	8	508
