Proof	d	0	1	0	0	0
Proof/v-poison_control.jpg	-	147467	1	0	0	0
v-poison_control.nfo	-	3874	1	147467	0	1
v-poison_control.r00	-	50000000	1	151341	0	2
v-poison_control.r01	-	50000000	1	50151341	0	50
v-poison_control.r02	-	50000000	1	100151341	0	98
v-poison_control.r03	-	50000000	1	150151341	0	146
v-poison_control.r04	-	50000000	1	200151341	0	194
v-poison_control.r05	-	50000000	1	250151341	0	242
v-poison_control.r06	-	50000000	1	300151341	0	290
v-poison_control.r07	-	50000000	1	350151341	0	338
v-poison_control.r08	-	50000000	1	400151341	0	386
v-poison_control.r09	-	50000000	1	450151341	0	434
v-poison_control.r10	-	50000000	1	500151341	0	482
v-poison_control.r11	-	50000000	1	12251264	1	12
v-poison_control.r12	-	50000000	1	62251264	1	60
v-poison_control.r13	-	50000000	1	112251264	1	108
v-poison_control.r14	-	50000000	1	162251264	1	156
v-poison_control.r15	-	50000000	1	212251264	1	204
v-poison_control.r16	-	50000000	1	262251264	1	252
v-poison_control.r17	-	50000000	1	312251264	1	300
v-poison_control.r18	-	50000000	1	362251264	1	348
v-poison_control.r19	-	50000000	1	412251264	1	396
v-poison_control.r20	-	50000000	1	462251264	1	444
v-poison_control.r21	-	50000000	1	512251264	1	492
v-poison_control.r22	-	50000000	1	24834176	2	24
v-poison_control.r23	-	50000000	1	74834176	2	72
v-poison_control.r24	-	50000000	1	124834176	2	120
v-poison_control.r25	-	50000000	1	174834176	2	168
v-poison_control.r26	-	50000000	1	224834176	2	216
v-poison_control.r27	-	50000000	1	274834176	2	264
v-poison_control.r28	-	50000000	1	324834176	2	312
v-poison_control.r29	-	50000000	1	374834176	2	360
v-poison_control.r30	-	50000000	1	424834176	2	408
v-poison_control.r31	-	50000000	1	474834176	2	456
v-poison_control.r32	-	50000000	1	524834176	2	504
v-poison_control.r33	-	50000000	1	37417088	3	36
v-poison_control.r34	-	50000000	1	87417088	3	84
v-poison_control.r35	-	50000000	1	137417088	3	132
v-poison_control.r36	-	50000000	1	187417088	3	180
v-poison_control.r37	-	50000000	1	237417088	3	228
v-poison_control.r38	-	50000000	1	287417088	3	276
v-poison_control.r39	-	50000000	1	337417088	3	324
v-poison_control.r40	-	50000000	1	387417088	3	372
v-poison_control.r41	-	50000000	1	437417088	3	420
v-poison_control.r42	-	50000000	1	487417088	3	468
v-poison_control.r43	-	50000000	1	0	4	0
v-poison_control.r44	-	50000000	1	50000000	4	48
v-poison_control.r45	-	50000000	1	100000000	4	96
v-poison_control.r46	-	50000000	1	150000000	4	144
v-poison_control.r47	-	50000000	1	200000000	4	192
v-poison_control.r48	-	46605244	1	250000000	4	240
v-poison_control.rar	-	50000000	1	296605244	4	285
v-poison_control.sfv	-	1550	1	346605244	4	333
