v-dr4sm_v65536.nfo	-	3796	1	0	0	0
v-dr4sm_v65536.r00	-	50000000	1	3796	0	1
v-dr4sm_v65536.r01	-	50000000	1	50003796	0	49
v-dr4sm_v65536.r02	-	50000000	1	100003796	0	97
v-dr4sm_v65536.r03	-	50000000	1	150003796	0	145
v-dr4sm_v65536.r04	-	50000000	1	200003796	0	193
v-dr4sm_v65536.r05	-	50000000	1	250003796	0	241
v-dr4sm_v65536.r06	-	50000000	1	300003796	0	289
v-dr4sm_v65536.r07	-	50000000	1	350003796	0	337
v-dr4sm_v65536.r08	-	50000000	1	400003796	0	385
v-dr4sm_v65536.r09	-	40240044	1	450003796	0	433
v-dr4sm_v65536.rar	-	50000000	1	490243840	0	472
v-dr4sm_v65536.sfv	-	319	1	2814080	1	3
