sxs-huntdown_v524288.nfo	-	4964	1	0	0	0
sxs-huntdown_v524288.r00	-	50000000	1	4964	0	1
sxs-huntdown_v524288.r01	-	50000000	1	50004964	0	49
sxs-huntdown_v524288.r02	-	50000000	1	100004964	0	97
sxs-huntdown_v524288.r03	-	50000000	1	150004964	0	145
sxs-huntdown_v524288.r04	-	50000000	1	200004964	0	193
sxs-huntdown_v524288.r05	-	50000000	1	250004964	0	241
sxs-huntdown_v524288.r06	-	50000000	1	300004964	0	289
sxs-huntdown_v524288.r07	-	50000000	1	350004964	0	337
sxs-huntdown_v524288.r08	-	50000000	1	400004964	0	385
sxs-huntdown_v524288.r09	-	50000000	1	450004964	0	433
sxs-huntdown_v524288.r10	-	50000000	1	500004964	0	481
sxs-huntdown_v524288.r11	-	50000000	1	12251264	1	12
sxs-huntdown_v524288.r12	-	26056057	1	62251264	1	60
sxs-huntdown_v524288.rar	-	50000000	1	88307321	1	85
sxs-huntdown_v524288.sfv	-	490	1	138307321	1	133
