bbb-n-ac5wa.nfo	-	5517	1	0	0	0
bbb-n-ac5wa.part01.rar	-	250000000	1	5517	0	1
bbb-n-ac5wa.part02.rar	-	250000000	1	250005517	0	240
bbb-n-ac5wa.part03.rar	-	250000000	1	500005517	0	479
bbb-n-ac5wa.part04.rar	-	250000000	1	212251264	1	203
bbb-n-ac5wa.part05.rar	-	250000000	1	462251264	1	442
bbb-n-ac5wa.part06.rar	-	250000000	1	174502528	2	167
bbb-n-ac5wa.part07.rar	-	250000000	1	424502528	2	406
bbb-n-ac5wa.part08.rar	-	250000000	1	136753792	3	131
bbb-n-ac5wa.part09.rar	-	250000000	1	386753792	3	370
bbb-n-ac5wa.part10.rar	-	250000000	1	99005056	4	95
bbb-n-ac5wa.part11.rar	-	250000000	1	349005056	4	334
bbb-n-ac5wa.part12.rar	-	250000000	1	61256320	5	59
bbb-n-ac5wa.part13.rar	-	250000000	1	311256320	5	298
bbb-n-ac5wa.part14.rar	-	154208397	1	23507584	6	23
bbb-n-ac5wa.sfv	-	462	1	177715981	6	171
