l-lifeoffly2.nfo	-	1132	1	0	0	0
l-lifeoffly2.r00	-	150000000	1	1132	0	1
l-lifeoffly2.r01	-	150000000	1	150001132	0	145
l-lifeoffly2.r02	-	150000000	1	300001132	0	289
l-lifeoffly2.r03	-	150000000	1	450001132	0	433
l-lifeoffly2.r04	-	150000000	1	62968192	1	61
l-lifeoffly2.r05	-	150000000	1	212968192	1	205
l-lifeoffly2.r06	-	150000000	1	362968192	1	349
l-lifeoffly2.r07	-	150000000	1	512968192	1	493
l-lifeoffly2.r08	-	150000000	1	125882752	2	121
l-lifeoffly2.r09	-	150000000	1	275882752	2	265
l-lifeoffly2.r10	-	150000000	1	425882752	2	409
l-lifeoffly2.r11	-	150000000	1	38850944	3	38
l-lifeoffly2.r12	-	150000000	1	188850944	3	182
l-lifeoffly2.r13	-	150000000	1	338850944	3	326
l-lifeoffly2.r14	-	150000000	1	488850944	3	470
l-lifeoffly2.r15	-	150000000	1	101765504	4	98
l-lifeoffly2.r16	-	150000000	1	251765504	4	242
l-lifeoffly2.r17	-	150000000	1	401765504	4	386
l-lifeoffly2.r18	-	150000000	1	14733696	5	15
l-lifeoffly2.r19	-	150000000	1	164733696	5	159
l-lifeoffly2.r20	-	150000000	1	314733696	5	303
l-lifeoffly2.r21	-	150000000	1	464733696	5	447
l-lifeoffly2.r22	-	150000000	1	77648256	6	75
l-lifeoffly2.r23	-	150000000	1	227648256	6	219
l-lifeoffly2.r24	-	150000000	1	377648256	6	363
l-lifeoffly2.r25	-	150000000	1	527648256	6	507
l-lifeoffly2.r26	-	150000000	1	140562816	7	135
l-lifeoffly2.r27	-	150000000	1	290562816	7	279
l-lifeoffly2.r28	-	150000000	1	440562816	7	423
l-lifeoffly2.r29	-	150000000	1	53531008	8	52
l-lifeoffly2.r30	-	150000000	1	203531008	8	196
l-lifeoffly2.r31	-	150000000	1	353531008	8	340
l-lifeoffly2.r32	-	150000000	1	503531008	8	484
l-lifeoffly2.r33	-	150000000	1	116445568	9	112
l-lifeoffly2.r34	-	150000000	1	266445568	9	256
l-lifeoffly2.r35	-	150000000	1	416445568	9	400
l-lifeoffly2.r36	-	150000000	1	29413760	10	29
l-lifeoffly2.r37	-	150000000	1	179413760	10	173
l-lifeoffly2.r38	-	150000000	1	329413760	10	317
l-lifeoffly2.r39	-	150000000	1	479413760	10	461
l-lifeoffly2.r40	-	150000000	1	92328320	11	89
l-lifeoffly2.r41	-	150000000	1	242328320	11	233
l-lifeoffly2.r42	-	150000000	1	392328320	11	377
l-lifeoffly2.r43	-	150000000	1	5296512	12	6
l-lifeoffly2.r44	-	150000000	1	155296512	12	150
l-lifeoffly2.r45	-	150000000	1	305296512	12	294
l-lifeoffly2.r46	-	150000000	1	455296512	12	438
l-lifeoffly2.r47	-	150000000	1	68211072	13	66
l-lifeoffly2.r48	-	150000000	1	218211072	13	210
l-lifeoffly2.r49	-	150000000	1	368211072	13	354
l-lifeoffly2.r50	-	150000000	1	518211072	13	498
l-lifeoffly2.r51	-	150000000	1	131125632	14	126
l-lifeoffly2.r52	-	150000000	1	281125632	14	270
l-lifeoffly2.r53	-	150000000	1	431125632	14	414
l-lifeoffly2.r54	-	8075932	1	44093824	15	43
l-lifeoffly2.rar	-	150000000	1	52169756	15	51
l-lifeoffly2.sfv	-	1512	1	202169756	15	195
