sxs-dbfu_v1114112.nfo	-	5432	1	0	0	0
sxs-dbfu_v1114112.r00	-	50000000	1	5432	0	1
sxs-dbfu_v1114112.r01	-	50000000	1	50005432	0	49
sxs-dbfu_v1114112.r02	-	50000000	1	100005432	0	97
sxs-dbfu_v1114112.r03	-	50000000	1	150005432	0	145
sxs-dbfu_v1114112.r04	-	50000000	1	200005432	0	193
sxs-dbfu_v1114112.r05	-	50000000	1	250005432	0	241
sxs-dbfu_v1114112.r06	-	50000000	1	300005432	0	289
sxs-dbfu_v1114112.r07	-	50000000	1	350005432	0	337
sxs-dbfu_v1114112.r08	-	50000000	1	400005432	0	385
sxs-dbfu_v1114112.r09	-	50000000	1	450005432	0	433
sxs-dbfu_v1114112.r10	-	50000000	1	500005432	0	481
sxs-dbfu_v1114112.r11	-	50000000	1	12251264	1	12
sxs-dbfu_v1114112.r12	-	50000000	1	62251264	1	60
sxs-dbfu_v1114112.r13	-	50000000	1	112251264	1	108
sxs-dbfu_v1114112.r14	-	50000000	1	162251264	1	156
sxs-dbfu_v1114112.r15	-	50000000	1	212251264	1	204
sxs-dbfu_v1114112.r16	-	50000000	1	262251264	1	252
sxs-dbfu_v1114112.r17	-	50000000	1	312251264	1	300
sxs-dbfu_v1114112.r18	-	50000000	1	362251264	1	348
sxs-dbfu_v1114112.r19	-	50000000	1	412251264	1	396
sxs-dbfu_v1114112.r20	-	50000000	1	462251264	1	444
sxs-dbfu_v1114112.r21	-	50000000	1	512251264	1	492
sxs-dbfu_v1114112.r22	-	50000000	1	24834176	2	24
sxs-dbfu_v1114112.r23	-	50000000	1	74834176	2	72
sxs-dbfu_v1114112.r24	-	50000000	1	124834176	2	120
sxs-dbfu_v1114112.r25	-	50000000	1	174834176	2	168
sxs-dbfu_v1114112.r26	-	50000000	1	224834176	2	216
sxs-dbfu_v1114112.r27	-	50000000	1	274834176	2	264
sxs-dbfu_v1114112.r28	-	50000000	1	324834176	2	312
sxs-dbfu_v1114112.r29	-	50000000	1	374834176	2	360
sxs-dbfu_v1114112.r30	-	50000000	1	424834176	2	408
sxs-dbfu_v1114112.r31	-	50000000	1	474834176	2	456
sxs-dbfu_v1114112.r32	-	50000000	1	524834176	2	504
sxs-dbfu_v1114112.r33	-	50000000	1	37417088	3	36
sxs-dbfu_v1114112.r34	-	50000000	1	87417088	3	84
sxs-dbfu_v1114112.r35	-	50000000	1	137417088	3	132
sxs-dbfu_v1114112.r36	-	50000000	1	187417088	3	180
sxs-dbfu_v1114112.r37	-	50000000	1	237417088	3	228
sxs-dbfu_v1114112.r38	-	50000000	1	287417088	3	276
sxs-dbfu_v1114112.r39	-	50000000	1	337417088	3	324
sxs-dbfu_v1114112.r40	-	50000000	1	387417088	3	372
sxs-dbfu_v1114112.r41	-	50000000	1	437417088	3	420
sxs-dbfu_v1114112.r42	-	50000000	1	487417088	3	468
sxs-dbfu_v1114112.r43	-	50000000	1	0	4	0
sxs-dbfu_v1114112.r44	-	50000000	1	50000000	4	48
sxs-dbfu_v1114112.r45	-	50000000	1	100000000	4	96
sxs-dbfu_v1114112.r46	-	50000000	1	150000000	4	144
sxs-dbfu_v1114112.r47	-	50000000	1	200000000	4	192
sxs-dbfu_v1114112.r48	-	50000000	1	250000000	4	240
sxs-dbfu_v1114112.r49	-	50000000	1	300000000	4	288
sxs-dbfu_v1114112.r50	-	50000000	1	350000000	4	336
sxs-dbfu_v1114112.r51	-	50000000	1	400000000	4	384
sxs-dbfu_v1114112.r52	-	50000000	1	450000000	4	432
sxs-dbfu_v1114112.r53	-	50000000	1	500000000	4	480
sxs-dbfu_v1114112.r54	-	50000000	1	12251264	5	12
sxs-dbfu_v1114112.r55	-	50000000	1	62251264	5	60
sxs-dbfu_v1114112.r56	-	50000000	1	112251264	5	108
sxs-dbfu_v1114112.r57	-	50000000	1	162251264	5	156
sxs-dbfu_v1114112.r58	-	50000000	1	212251264	5	204
sxs-dbfu_v1114112.r59	-	50000000	1	262251264	5	252
sxs-dbfu_v1114112.r60	-	50000000	1	312251264	5	300
sxs-dbfu_v1114112.r61	-	50000000	1	362251264	5	348
sxs-dbfu_v1114112.r62	-	50000000	1	412251264	5	396
sxs-dbfu_v1114112.r63	-	50000000	1	462251264	5	444
sxs-dbfu_v1114112.r64	-	50000000	1	512251264	5	492
sxs-dbfu_v1114112.r65	-	50000000	1	24834176	6	24
sxs-dbfu_v1114112.r66	-	50000000	1	74834176	6	72
sxs-dbfu_v1114112.r67	-	50000000	1	124834176	6	120
sxs-dbfu_v1114112.r68	-	50000000	1	174834176	6	168
sxs-dbfu_v1114112.r69	-	50000000	1	224834176	6	216
sxs-dbfu_v1114112.r70	-	50000000	1	274834176	6	264
sxs-dbfu_v1114112.r71	-	50000000	1	324834176	6	312
sxs-dbfu_v1114112.r72	-	50000000	1	374834176	6	360
sxs-dbfu_v1114112.r73	-	50000000	1	424834176	6	408
sxs-dbfu_v1114112.r74	-	50000000	1	474834176	6	456
sxs-dbfu_v1114112.r75	-	50000000	1	524834176	6	504
sxs-dbfu_v1114112.r76	-	50000000	1	37417088	7	36
sxs-dbfu_v1114112.r77	-	50000000	1	87417088	7	84
sxs-dbfu_v1114112.r78	-	50000000	1	137417088	7	132
sxs-dbfu_v1114112.r79	-	50000000	1	187417088	7	180
sxs-dbfu_v1114112.r80	-	50000000	1	237417088	7	228
sxs-dbfu_v1114112.r81	-	50000000	1	287417088	7	276
sxs-dbfu_v1114112.r82	-	50000000	1	337417088	7	324
sxs-dbfu_v1114112.r83	-	50000000	1	387417088	7	372
sxs-dbfu_v1114112.r84	-	50000000	1	437417088	7	420
sxs-dbfu_v1114112.r85	-	50000000	1	487417088	7	468
sxs-dbfu_v1114112.r86	-	50000000	1	0	8	0
sxs-dbfu_v1114112.r87	-	50000000	1	50000000	8	48
sxs-dbfu_v1114112.r88	-	50000000	1	100000000	8	96
sxs-dbfu_v1114112.r89	-	40451818	1	150000000	8	144
sxs-dbfu_v1114112.rar	-	50000000	1	190451818	8	183
sxs-dbfu_v1114112.sfv	-	2912	1	240451818	8	231
