sxs-minecraft_v1048576.nfo	-	12218	1	0	0	0
sxs-minecraft_v1048576.r00	-	50000000	1	12218	0	1
sxs-minecraft_v1048576.r01	-	50000000	1	50012218	0	49
sxs-minecraft_v1048576.r02	-	50000000	1	100012218	0	97
sxs-minecraft_v1048576.r03	-	50000000	1	150012218	0	145
sxs-minecraft_v1048576.r04	-	50000000	1	200012218	0	193
sxs-minecraft_v1048576.r05	-	50000000	1	250012218	0	241
sxs-minecraft_v1048576.r06	-	50000000	1	300012218	0	289
sxs-minecraft_v1048576.r07	-	50000000	1	350012218	0	337
sxs-minecraft_v1048576.r08	-	50000000	1	400012218	0	385
sxs-minecraft_v1048576.r09	-	50000000	1	450012218	0	433
sxs-minecraft_v1048576.r10	-	50000000	1	500012218	0	481
sxs-minecraft_v1048576.r11	-	50000000	1	12251264	1	12
sxs-minecraft_v1048576.r12	-	5907889	1	62251264	1	60
sxs-minecraft_v1048576.rar	-	50000000	1	68159153	1	66
sxs-minecraft_v1048576.sfv	-	518	1	118159153	1	114
