v-pumpkin_jack_v131072.nfo	-	7618	1	0	0	0
v-pumpkin_jack_v131072.r00	-	50000000	1	7618	0	1
v-pumpkin_jack_v131072.r01	-	50000000	1	50007618	0	49
v-pumpkin_jack_v131072.r02	-	50000000	1	100007618	0	97
v-pumpkin_jack_v131072.r03	-	50000000	1	150007618	0	145
v-pumpkin_jack_v131072.r04	-	50000000	1	200007618	0	193
v-pumpkin_jack_v131072.r05	-	50000000	1	250007618	0	241
v-pumpkin_jack_v131072.r06	-	50000000	1	300007618	0	289
v-pumpkin_jack_v131072.r07	-	50000000	1	350007618	0	337
v-pumpkin_jack_v131072.r08	-	42074349	1	400007618	0	385
v-pumpkin_jack_v131072.rar	-	50000000	1	442081967	0	426
v-pumpkin_jack_v131072.sfv	-	370	1	492081967	0	474
