hr-alfmav262144.nfo	-	11420	1	0	0	0
hr-alfmav262144.r00	-	50000000	1	11420	0	1
hr-alfmav262144.r01	-	50000000	1	50011420	0	49
hr-alfmav262144.r02	-	50000000	1	100011420	0	97
hr-alfmav262144.r03	-	50000000	1	150011420	0	145
hr-alfmav262144.r04	-	50000000	1	200011420	0	193
hr-alfmav262144.r05	-	50000000	1	250011420	0	241
hr-alfmav262144.r06	-	50000000	1	300011420	0	289
hr-alfmav262144.r07	-	50000000	1	350011420	0	337
hr-alfmav262144.r08	-	50000000	1	400011420	0	385
hr-alfmav262144.r09	-	50000000	1	450011420	0	433
hr-alfmav262144.r10	-	50000000	1	500011420	0	481
hr-alfmav262144.r11	-	39469323	1	12251264	1	12
hr-alfmav262144.rar	-	50000000	1	51720587	1	50
hr-alfmav262144.sfv	-	390	1	101720587	1	98
