sxs-alders_blood_v327680.nfo	-	9188	1	0	0	0
sxs-alders_blood_v327680.r00	-	50000000	1	9188	0	1
sxs-alders_blood_v327680.r01	-	50000000	1	50009188	0	49
sxs-alders_blood_v327680.r02	-	50000000	1	100009188	0	97
sxs-alders_blood_v327680.r03	-	50000000	1	150009188	0	145
sxs-alders_blood_v327680.r04	-	50000000	1	200009188	0	193
sxs-alders_blood_v327680.r05	-	50000000	1	250009188	0	241
sxs-alders_blood_v327680.r06	-	50000000	1	300009188	0	289
sxs-alders_blood_v327680.r07	-	50000000	1	350009188	0	337
sxs-alders_blood_v327680.r08	-	50000000	1	400009188	0	385
sxs-alders_blood_v327680.r09	-	50000000	1	450009188	0	433
sxs-alders_blood_v327680.r10	-	50000000	1	500009188	0	481
sxs-alders_blood_v327680.r11	-	50000000	1	12251264	1	12
sxs-alders_blood_v327680.r12	-	50000000	1	62251264	1	60
sxs-alders_blood_v327680.r13	-	50000000	1	112251264	1	108
sxs-alders_blood_v327680.r14	-	50000000	1	162251264	1	156
sxs-alders_blood_v327680.r15	-	50000000	1	212251264	1	204
sxs-alders_blood_v327680.r16	-	50000000	1	262251264	1	252
sxs-alders_blood_v327680.r17	-	50000000	1	312251264	1	300
sxs-alders_blood_v327680.r18	-	50000000	1	362251264	1	348
sxs-alders_blood_v327680.r19	-	50000000	1	412251264	1	396
sxs-alders_blood_v327680.r20	-	50000000	1	462251264	1	444
sxs-alders_blood_v327680.r21	-	50000000	1	512251264	1	492
sxs-alders_blood_v327680.r22	-	50000000	1	24834176	2	24
sxs-alders_blood_v327680.r23	-	50000000	1	74834176	2	72
sxs-alders_blood_v327680.r24	-	837650	1	124834176	2	120
sxs-alders_blood_v327680.rar	-	50000000	1	125671826	2	121
sxs-alders_blood_v327680.sfv	-	1014	1	175671826	2	169
