sxs-rebel_cops_v131072.nfo	-	5276	1	0	0	0
sxs-rebel_cops_v131072.r00	-	50000000	1	5276	0	1
sxs-rebel_cops_v131072.r01	-	50000000	1	50005276	0	49
sxs-rebel_cops_v131072.r02	-	50000000	1	100005276	0	97
sxs-rebel_cops_v131072.r03	-	50000000	1	150005276	0	145
sxs-rebel_cops_v131072.r04	-	50000000	1	200005276	0	193
sxs-rebel_cops_v131072.r05	-	50000000	1	250005276	0	241
sxs-rebel_cops_v131072.r06	-	50000000	1	300005276	0	289
sxs-rebel_cops_v131072.r07	-	50000000	1	350005276	0	337
sxs-rebel_cops_v131072.r08	-	50000000	1	400005276	0	385
sxs-rebel_cops_v131072.r09	-	50000000	1	450005276	0	433
sxs-rebel_cops_v131072.r10	-	50000000	1	500005276	0	481
sxs-rebel_cops_v131072.r11	-	50000000	1	12251264	1	12
sxs-rebel_cops_v131072.r12	-	50000000	1	62251264	1	60
sxs-rebel_cops_v131072.r13	-	50000000	1	112251264	1	108
sxs-rebel_cops_v131072.r14	-	50000000	1	162251264	1	156
sxs-rebel_cops_v131072.r15	-	50000000	1	212251264	1	204
sxs-rebel_cops_v131072.r16	-	50000000	1	262251264	1	252
sxs-rebel_cops_v131072.r17	-	50000000	1	312251264	1	300
sxs-rebel_cops_v131072.r18	-	35078630	1	362251264	1	348
sxs-rebel_cops_v131072.rar	-	50000000	1	397329894	1	382
sxs-rebel_cops_v131072.sfv	-	740	1	447329894	1	430
