hr-au56av131072.nfo	-	11258	1	0	0	0
hr-au56av131072.r00	-	50000000	1	11258	0	1
hr-au56av131072.r01	-	50000000	1	50011258	0	49
hr-au56av131072.r02	-	50000000	1	100011258	0	97
hr-au56av131072.r03	-	50000000	1	150011258	0	145
hr-au56av131072.r04	-	50000000	1	200011258	0	193
hr-au56av131072.r05	-	50000000	1	250011258	0	241
hr-au56av131072.r06	-	50000000	1	300011258	0	289
hr-au56av131072.r07	-	50000000	1	350011258	0	337
hr-au56av131072.r08	-	50000000	1	400011258	0	385
hr-au56av131072.r09	-	50000000	1	450011258	0	433
hr-au56av131072.r10	-	50000000	1	500011258	0	481
hr-au56av131072.r11	-	50000000	1	12251264	1	12
hr-au56av131072.r12	-	50000000	1	62251264	1	60
hr-au56av131072.r13	-	50000000	1	112251264	1	108
hr-au56av131072.r14	-	50000000	1	162251264	1	156
hr-au56av131072.r15	-	50000000	1	212251264	1	204
hr-au56av131072.r16	-	50000000	1	262251264	1	252
hr-au56av131072.r17	-	50000000	1	312251264	1	300
hr-au56av131072.r18	-	50000000	1	362251264	1	348
hr-au56av131072.r19	-	50000000	1	412251264	1	396
hr-au56av131072.r20	-	50000000	1	462251264	1	444
hr-au56av131072.r21	-	50000000	1	512251264	1	492
hr-au56av131072.r22	-	50000000	1	24834176	2	24
hr-au56av131072.r23	-	50000000	1	74834176	2	72
hr-au56av131072.r24	-	50000000	1	124834176	2	120
hr-au56av131072.r25	-	50000000	1	174834176	2	168
hr-au56av131072.r26	-	50000000	1	224834176	2	216
hr-au56av131072.r27	-	50000000	1	274834176	2	264
hr-au56av131072.r28	-	50000000	1	324834176	2	312
hr-au56av131072.r29	-	50000000	1	374834176	2	360
hr-au56av131072.r30	-	50000000	1	424834176	2	408
hr-au56av131072.r31	-	50000000	1	474834176	2	456
hr-au56av131072.r32	-	30052025	1	524834176	2	504
hr-au56av131072.rar	-	50000000	1	17469113	3	17
hr-au56av131072.sfv	-	1020	1	67469113	3	65
