v-trialsrising_v131072.nfo	-	4732	1	0	0	0
v-trialsrising_v131072.r00	-	50000000	1	4732	0	1
v-trialsrising_v131072.r01	-	50000000	1	50004732	0	49
v-trialsrising_v131072.r02	-	50000000	1	100004732	0	97
v-trialsrising_v131072.r03	-	50000000	1	150004732	0	145
v-trialsrising_v131072.r04	-	50000000	1	200004732	0	193
v-trialsrising_v131072.r05	-	50000000	1	250004732	0	241
v-trialsrising_v131072.r06	-	50000000	1	300004732	0	289
v-trialsrising_v131072.r07	-	50000000	1	350004732	0	337
v-trialsrising_v131072.r08	-	50000000	1	400004732	0	385
v-trialsrising_v131072.r09	-	50000000	1	450004732	0	433
v-trialsrising_v131072.r10	-	50000000	1	500004732	0	481
v-trialsrising_v131072.r11	-	50000000	1	12251264	1	12
v-trialsrising_v131072.r12	-	50000000	1	62251264	1	60
v-trialsrising_v131072.r13	-	50000000	1	112251264	1	108
v-trialsrising_v131072.r14	-	50000000	1	162251264	1	156
v-trialsrising_v131072.r15	-	50000000	1	212251264	1	204
v-trialsrising_v131072.r16	-	50000000	1	262251264	1	252
v-trialsrising_v131072.r17	-	18819534	1	312251264	1	300
v-trialsrising_v131072.rar	-	50000000	1	331070798	1	318
v-trialsrising_v131072.sfv	-	703	1	381070798	1	366
