v-nexomon_extinction_v524288.nfo	-	6292	1	0	0	0
v-nexomon_extinction_v524288.r00	-	50000000	1	6292	0	1
v-nexomon_extinction_v524288.r01	-	50000000	1	50006292	0	49
v-nexomon_extinction_v524288.r02	-	50000000	1	100006292	0	97
v-nexomon_extinction_v524288.r03	-	50000000	1	150006292	0	145
v-nexomon_extinction_v524288.r04	-	50000000	1	200006292	0	193
v-nexomon_extinction_v524288.r05	-	50000000	1	250006292	0	241
v-nexomon_extinction_v524288.r06	-	50000000	1	300006292	0	289
v-nexomon_extinction_v524288.r07	-	50000000	1	350006292	0	337
v-nexomon_extinction_v524288.r08	-	50000000	1	400006292	0	385
v-nexomon_extinction_v524288.r09	-	50000000	1	450006292	0	433
v-nexomon_extinction_v524288.r10	-	50000000	1	500006292	0	481
v-nexomon_extinction_v524288.r11	-	50000000	1	12251264	1	12
v-nexomon_extinction_v524288.r12	-	50000000	1	62251264	1	60
v-nexomon_extinction_v524288.r13	-	50000000	1	112251264	1	108
v-nexomon_extinction_v524288.r14	-	50000000	1	162251264	1	156
v-nexomon_extinction_v524288.r15	-	50000000	1	212251264	1	204
v-nexomon_extinction_v524288.r16	-	50000000	1	262251264	1	252
v-nexomon_extinction_v524288.r17	-	50000000	1	312251264	1	300
v-nexomon_extinction_v524288.r18	-	50000000	1	362251264	1	348
v-nexomon_extinction_v524288.r19	-	50000000	1	412251264	1	396
v-nexomon_extinction_v524288.r20	-	50000000	1	462251264	1	444
v-nexomon_extinction_v524288.r21	-	50000000	1	512251264	1	492
v-nexomon_extinction_v524288.r22	-	50000000	1	24834176	2	24
v-nexomon_extinction_v524288.r23	-	50000000	1	74834176	2	72
v-nexomon_extinction_v524288.r24	-	50000000	1	124834176	2	120
v-nexomon_extinction_v524288.r25	-	50000000	1	174834176	2	168
v-nexomon_extinction_v524288.r26	-	50000000	1	224834176	2	216
v-nexomon_extinction_v524288.r27	-	50000000	1	274834176	2	264
v-nexomon_extinction_v524288.r28	-	27898530	1	324834176	2	312
v-nexomon_extinction_v524288.rar	-	50000000	1	352732706	2	339
v-nexomon_extinction_v524288.sfv	-	1290	1	402732706	2	387
