v-exodemon.nfo	-	5824	1	0	0	0
v-exodemon.r00	-	50000000	1	5824	0	1
v-exodemon.r01	-	50000000	1	50005824	0	49
v-exodemon.r02	-	50000000	1	100005824	0	97
v-exodemon.r03	-	50000000	1	150005824	0	145
v-exodemon.r04	-	50000000	1	200005824	0	193
v-exodemon.r05	-	50000000	1	250005824	0	241
v-exodemon.r06	-	50000000	1	300005824	0	289
v-exodemon.r07	-	50000000	1	350005824	0	337
v-exodemon.r08	-	50000000	1	400005824	0	385
v-exodemon.r09	-	50000000	1	450005824	0	433
v-exodemon.r10	-	50000000	1	500005824	0	481
v-exodemon.r11	-	50000000	1	12251264	1	12
v-exodemon.r12	-	50000000	1	62251264	1	60
v-exodemon.r13	-	50000000	1	112251264	1	108
v-exodemon.r14	-	50000000	1	162251264	1	156
v-exodemon.r15	-	50000000	1	212251264	1	204
v-exodemon.r16	-	50000000	1	262251264	1	252
v-exodemon.r17	-	36777414	1	312251264	1	300
v-exodemon.rar	-	50000000	1	349028678	1	336
v-exodemon.sfv	-	475	1	399028678	1	384
