i-felixthereaper.nfo	-	1152	1	0	0	0
i-felixthereaper.r00	-	100000000	1	1152	0	1
i-felixthereaper.r01	-	100000000	1	100001152	0	97
i-felixthereaper.r02	-	100000000	1	200001152	0	193
i-felixthereaper.r03	-	100000000	1	300001152	0	289
i-felixthereaper.r04	-	100000000	1	400001152	0	385
i-felixthereaper.r05	-	100000000	1	500001152	0	481
i-felixthereaper.r06	-	100000000	1	62251264	1	60
i-felixthereaper.r07	-	100000000	1	162251264	1	156
i-felixthereaper.r08	-	100000000	1	262251264	1	252
i-felixthereaper.r09	-	100000000	1	362251264	1	348
i-felixthereaper.r10	-	100000000	1	462251264	1	444
i-felixthereaper.r11	-	100000000	1	24502528	2	24
i-felixthereaper.r12	-	100000000	1	124502528	2	120
i-felixthereaper.r13	-	100000000	1	224502528	2	216
i-felixthereaper.r14	-	100000000	1	324502528	2	312
i-felixthereaper.r15	-	100000000	1	424502528	2	408
i-felixthereaper.r16	-	100000000	1	524502528	2	504
i-felixthereaper.r17	-	100000000	1	87417088	3	84
i-felixthereaper.r18	-	100000000	1	187417088	3	180
i-felixthereaper.r19	-	100000000	1	287417088	3	276
i-felixthereaper.r20	-	100000000	1	387417088	3	372
i-felixthereaper.r21	-	100000000	1	487417088	3	468
i-felixthereaper.r22	-	100000000	1	49668352	4	48
i-felixthereaper.r23	-	100000000	1	149668352	4	144
i-felixthereaper.r24	-	100000000	1	249668352	4	240
i-felixthereaper.r25	-	100000000	1	349668352	4	336
i-felixthereaper.r26	-	100000000	1	449668352	4	432
i-felixthereaper.r27	-	100000000	1	11919616	5	12
i-felixthereaper.r28	-	100000000	1	111919616	5	108
i-felixthereaper.r29	-	100000000	1	211919616	5	204
i-felixthereaper.r30	-	100000000	1	311919616	5	300
i-felixthereaper.r31	-	100000000	1	411919616	5	396
i-felixthereaper.r32	-	100000000	1	511919616	5	492
i-felixthereaper.r33	-	100000000	1	74834176	6	72
i-felixthereaper.r34	-	100000000	1	174834176	6	168
i-felixthereaper.r35	-	100000000	1	274834176	6	264
i-felixthereaper.r36	-	100000000	1	374834176	6	360
i-felixthereaper.r37	-	100000000	1	474834176	6	456
i-felixthereaper.r38	-	100000000	1	37085440	7	36
i-felixthereaper.r39	-	100000000	1	137085440	7	132
i-felixthereaper.r40	-	100000000	1	237085440	7	228
i-felixthereaper.r41	-	100000000	1	337085440	7	324
i-felixthereaper.r42	-	100000000	1	437085440	7	420
i-felixthereaper.r43	-	100000000	1	0	8	0
i-felixthereaper.r44	-	100000000	1	100000000	8	96
i-felixthereaper.r45	-	24346466	1	200000000	8	192
i-felixthereaper.rar	-	100000000	1	224346466	8	216
i-felixthereaper.sfv	-	1457	1	324346466	8	312
