sxs-moving_out_v393216.nfo	-	7460	1	0	0	0
sxs-moving_out_v393216.r00	-	50000000	1	7460	0	1
sxs-moving_out_v393216.r01	-	50000000	1	50007460	0	49
sxs-moving_out_v393216.r02	-	50000000	1	100007460	0	97
sxs-moving_out_v393216.r03	-	50000000	1	150007460	0	145
sxs-moving_out_v393216.r04	-	50000000	1	200007460	0	193
sxs-moving_out_v393216.r05	-	50000000	1	250007460	0	241
sxs-moving_out_v393216.r06	-	50000000	1	300007460	0	289
sxs-moving_out_v393216.r07	-	50000000	1	350007460	0	337
sxs-moving_out_v393216.r08	-	50000000	1	400007460	0	385
sxs-moving_out_v393216.r09	-	50000000	1	450007460	0	433
sxs-moving_out_v393216.r10	-	50000000	1	500007460	0	481
sxs-moving_out_v393216.r11	-	50000000	1	12251264	1	12
sxs-moving_out_v393216.r12	-	50000000	1	62251264	1	60
sxs-moving_out_v393216.r13	-	43825244	1	112251264	1	108
sxs-moving_out_v393216.rar	-	50000000	1	156076508	1	150
sxs-moving_out_v393216.sfv	-	555	1	206076508	1	198
