lfc-arpa_v131072.nfo	-	6052	1	0	0	0
lfc-arpa_v131072.r00	-	50000000	1	6052	0	1
lfc-arpa_v131072.r01	-	50000000	1	50006052	0	49
lfc-arpa_v131072.r02	-	50000000	1	100006052	0	97
lfc-arpa_v131072.r03	-	50000000	1	150006052	0	145
lfc-arpa_v131072.r04	-	50000000	1	200006052	0	193
lfc-arpa_v131072.r05	-	50000000	1	250006052	0	241
lfc-arpa_v131072.r06	-	50000000	1	300006052	0	289
lfc-arpa_v131072.r07	-	50000000	1	350006052	0	337
lfc-arpa_v131072.r08	-	50000000	1	400006052	0	385
lfc-arpa_v131072.r09	-	50000000	1	450006052	0	433
lfc-arpa_v131072.r10	-	50000000	1	500006052	0	481
lfc-arpa_v131072.r11	-	50000000	1	12251264	1	12
lfc-arpa_v131072.r12	-	50000000	1	62251264	1	60
lfc-arpa_v131072.r13	-	50000000	1	112251264	1	108
lfc-arpa_v131072.r14	-	50000000	1	162251264	1	156
lfc-arpa_v131072.r15	-	50000000	1	212251264	1	204
lfc-arpa_v131072.r16	-	50000000	1	262251264	1	252
lfc-arpa_v131072.r17	-	50000000	1	312251264	1	300
lfc-arpa_v131072.r18	-	50000000	1	362251264	1	348
lfc-arpa_v131072.r19	-	50000000	1	412251264	1	396
lfc-arpa_v131072.r20	-	50000000	1	462251264	1	444
lfc-arpa_v131072.r21	-	8281747	1	512251264	1	492
lfc-arpa_v131072.rar	-	50000000	1	520533011	1	500
lfc-arpa_v131072.sfv	-	713	1	33222784	2	32
