lfc-ausna.nfo	-	4482	1	0	0	0
lfc-ausna.r00	-	50000000	1	4482	0	1
lfc-ausna.r01	-	50000000	1	50004482	0	49
lfc-ausna.r02	-	50000000	1	100004482	0	97
lfc-ausna.r03	-	50000000	1	150004482	0	145
lfc-ausna.r04	-	50000000	1	200004482	0	193
lfc-ausna.r05	-	50000000	1	250004482	0	241
lfc-ausna.r06	-	50000000	1	300004482	0	289
lfc-ausna.r07	-	50000000	1	350004482	0	337
lfc-ausna.r08	-	50000000	1	400004482	0	385
lfc-ausna.r09	-	50000000	1	450004482	0	433
lfc-ausna.r10	-	50000000	1	500004482	0	481
lfc-ausna.r11	-	50000000	1	12251264	1	12
lfc-ausna.r12	-	50000000	1	62251264	1	60
lfc-ausna.r13	-	50000000	1	112251264	1	108
lfc-ausna.r14	-	50000000	1	162251264	1	156
lfc-ausna.r15	-	50000000	1	212251264	1	204
lfc-ausna.r16	-	50000000	1	262251264	1	252
lfc-ausna.r17	-	50000000	1	312251264	1	300
lfc-ausna.r18	-	50000000	1	362251264	1	348
lfc-ausna.r19	-	50000000	1	412251264	1	396
lfc-ausna.r20	-	50000000	1	462251264	1	444
lfc-ausna.r21	-	50000000	1	512251264	1	492
lfc-ausna.r22	-	44451724	1	24834176	2	24
lfc-ausna.rar	-	50000000	1	69285900	2	67
lfc-ausna.sfv	-	576	1	119285900	2	115
