brw-zoso.nfo	-	5782	1	0	0	0
brw-zoso.r00	-	50000000	1	5782	0	1
brw-zoso.r01	-	50000000	1	50005782	0	49
brw-zoso.r02	-	50000000	1	100005782	0	97
brw-zoso.r03	-	50000000	1	150005782	0	145
brw-zoso.r04	-	50000000	1	200005782	0	193
brw-zoso.r05	-	50000000	1	250005782	0	241
brw-zoso.r06	-	50000000	1	300005782	0	289
brw-zoso.r07	-	50000000	1	350005782	0	337
brw-zoso.r08	-	50000000	1	400005782	0	385
brw-zoso.r09	-	50000000	1	450005782	0	433
brw-zoso.r10	-	50000000	1	500005782	0	481
brw-zoso.r11	-	50000000	1	12251264	1	12
brw-zoso.r12	-	50000000	1	62251264	1	60
brw-zoso.r13	-	50000000	1	112251264	1	108
brw-zoso.r14	-	50000000	1	162251264	1	156
brw-zoso.r15	-	50000000	1	212251264	1	204
brw-zoso.r16	-	50000000	1	262251264	1	252
brw-zoso.r17	-	50000000	1	312251264	1	300
brw-zoso.r18	-	50000000	1	362251264	1	348
brw-zoso.r19	-	50000000	1	412251264	1	396
brw-zoso.r20	-	50000000	1	462251264	1	444
brw-zoso.r21	-	50000000	1	512251264	1	492
brw-zoso.r22	-	50000000	1	24834176	2	24
brw-zoso.r23	-	50000000	1	74834176	2	72
brw-zoso.r24	-	50000000	1	124834176	2	120
brw-zoso.r25	-	50000000	1	174834176	2	168
brw-zoso.r26	-	50000000	1	224834176	2	216
brw-zoso.r27	-	50000000	1	274834176	2	264
brw-zoso.r28	-	50000000	1	324834176	2	312
brw-zoso.r29	-	50000000	1	374834176	2	360
brw-zoso.r30	-	50000000	1	424834176	2	408
brw-zoso.r31	-	50000000	1	474834176	2	456
brw-zoso.r32	-	50000000	1	524834176	2	504
brw-zoso.r33	-	50000000	1	37417088	3	36
brw-zoso.r34	-	50000000	1	87417088	3	84
brw-zoso.r35	-	50000000	1	137417088	3	132
brw-zoso.r36	-	50000000	1	187417088	3	180
brw-zoso.r37	-	50000000	1	237417088	3	228
brw-zoso.r38	-	50000000	1	287417088	3	276
brw-zoso.r39	-	50000000	1	337417088	3	324
brw-zoso.r40	-	50000000	1	387417088	3	372
brw-zoso.r41	-	50000000	1	437417088	3	420
brw-zoso.r42	-	29537015	1	487417088	3	468
brw-zoso.rar	-	50000000	1	516954103	3	497
brw-zoso.sfv	-	1012	1	30077056	4	29
