lfc-gardenpawsupd1.4.8.nfo	-	8883	1	0	0	0
lfc-gardenpawsupd1.4.8.r00	-	50000000	1	8883	0	1
lfc-gardenpawsupd1.4.8.r01	-	50000000	1	50008883	0	49
lfc-gardenpawsupd1.4.8.r02	-	50000000	1	100008883	0	97
lfc-gardenpawsupd1.4.8.r03	-	50000000	1	150008883	0	145
lfc-gardenpawsupd1.4.8.r04	-	50000000	1	200008883	0	193
lfc-gardenpawsupd1.4.8.r05	-	50000000	1	250008883	0	241
lfc-gardenpawsupd1.4.8.r06	-	50000000	1	300008883	0	289
lfc-gardenpawsupd1.4.8.r07	-	50000000	1	350008883	0	337
lfc-gardenpawsupd1.4.8.r08	-	50000000	1	400008883	0	385
lfc-gardenpawsupd1.4.8.r09	-	50000000	1	450008883	0	433
lfc-gardenpawsupd1.4.8.r10	-	50000000	1	500008883	0	481
lfc-gardenpawsupd1.4.8.r11	-	7085886	1	12251264	1	12
lfc-gardenpawsupd1.4.8.rar	-	50000000	1	19337150	1	19
lfc-gardenpawsupd1.4.8.sfv	-	481	1	69337150	1	67
