v-demons_tilt.nfo	-	11362	1	0	0	0
v-demons_tilt.r00	-	50000000	1	11362	0	1
v-demons_tilt.r01	-	50000000	1	50011362	0	49
v-demons_tilt.r02	-	50000000	1	100011362	0	97
v-demons_tilt.r03	-	50000000	1	150011362	0	145
v-demons_tilt.r04	-	50000000	1	200011362	0	193
v-demons_tilt.r05	-	50000000	1	250011362	0	241
v-demons_tilt.r06	-	50000000	1	300011362	0	289
v-demons_tilt.r07	-	50000000	1	350011362	0	337
v-demons_tilt.r08	-	50000000	1	400011362	0	385
v-demons_tilt.r09	-	50000000	1	450011362	0	433
v-demons_tilt.r10	-	50000000	1	500011362	0	481
v-demons_tilt.r11	-	50000000	1	12251264	1	12
v-demons_tilt.r12	-	50000000	1	62251264	1	60
v-demons_tilt.r13	-	50000000	1	112251264	1	108
v-demons_tilt.r14	-	35606578	1	162251264	1	156
v-demons_tilt.rar	-	50000000	1	197857842	1	190
v-demons_tilt.sfv	-	448	1	247857842	1	238
