lfc-bamea.nfo	-	6102	1	0	0	0
lfc-bamea.r00	-	50000000	1	6102	0	1
lfc-bamea.r01	-	50000000	1	50006102	0	49
lfc-bamea.r02	-	50000000	1	100006102	0	97
lfc-bamea.r03	-	50000000	1	150006102	0	145
lfc-bamea.r04	-	50000000	1	200006102	0	193
lfc-bamea.r05	-	50000000	1	250006102	0	241
lfc-bamea.r06	-	50000000	1	300006102	0	289
lfc-bamea.r07	-	50000000	1	350006102	0	337
lfc-bamea.r08	-	50000000	1	400006102	0	385
lfc-bamea.r09	-	50000000	1	450006102	0	433
lfc-bamea.r10	-	50000000	1	500006102	0	481
lfc-bamea.r11	-	50000000	1	12251264	1	12
lfc-bamea.r12	-	50000000	1	62251264	1	60
lfc-bamea.r13	-	50000000	1	112251264	1	108
lfc-bamea.r14	-	50000000	1	162251264	1	156
lfc-bamea.r15	-	50000000	1	212251264	1	204
lfc-bamea.r16	-	50000000	1	262251264	1	252
lfc-bamea.r17	-	50000000	1	312251264	1	300
lfc-bamea.r18	-	50000000	1	362251264	1	348
lfc-bamea.r19	-	50000000	1	412251264	1	396
lfc-bamea.r20	-	50000000	1	462251264	1	444
lfc-bamea.r21	-	50000000	1	512251264	1	492
lfc-bamea.r22	-	50000000	1	24834176	2	24
lfc-bamea.r23	-	50000000	1	74834176	2	72
lfc-bamea.r24	-	50000000	1	124834176	2	120
lfc-bamea.r25	-	50000000	1	174834176	2	168
lfc-bamea.r26	-	50000000	1	224834176	2	216
lfc-bamea.r27	-	50000000	1	274834176	2	264
lfc-bamea.r28	-	50000000	1	324834176	2	312
lfc-bamea.r29	-	50000000	1	374834176	2	360
lfc-bamea.r30	-	50000000	1	424834176	2	408
lfc-bamea.r31	-	50000000	1	474834176	2	456
lfc-bamea.r32	-	50000000	1	524834176	2	504
lfc-bamea.r33	-	50000000	1	37417088	3	36
lfc-bamea.r34	-	50000000	1	87417088	3	84
lfc-bamea.r35	-	50000000	1	137417088	3	132
lfc-bamea.r36	-	50000000	1	187417088	3	180
lfc-bamea.r37	-	50000000	1	237417088	3	228
lfc-bamea.r38	-	50000000	1	287417088	3	276
lfc-bamea.r39	-	50000000	1	337417088	3	324
lfc-bamea.r40	-	50000000	1	387417088	3	372
lfc-bamea.r41	-	50000000	1	437417088	3	420
lfc-bamea.r42	-	50000000	1	487417088	3	468
lfc-bamea.r43	-	50000000	1	0	4	0
lfc-bamea.r44	-	50000000	1	50000000	4	48
lfc-bamea.r45	-	50000000	1	100000000	4	96
lfc-bamea.r46	-	50000000	1	150000000	4	144
lfc-bamea.r47	-	50000000	1	200000000	4	192
lfc-bamea.r48	-	50000000	1	250000000	4	240
lfc-bamea.r49	-	50000000	1	300000000	4	288
lfc-bamea.r50	-	50000000	1	350000000	4	336
lfc-bamea.r51	-	26940024	1	400000000	4	384
lfc-bamea.rar	-	50000000	1	426940024	4	410
lfc-bamea.sfv	-	1272	1	476940024	4	458
Proof	d	0	1	476941296	4	459
Proof/lfc-bamea.jpg	-	418396	1	476941296	4	459
