sxs-hyperforma_v262144.nfo	-	6602	1	0	0	0
sxs-hyperforma_v262144.r00	-	100000000	1	6602	0	1
sxs-hyperforma_v262144.r01	-	100000000	1	100006602	0	97
sxs-hyperforma_v262144.r02	-	100000000	1	200006602	0	193
sxs-hyperforma_v262144.r03	-	100000000	1	300006602	0	289
sxs-hyperforma_v262144.r04	-	100000000	1	400006602	0	385
sxs-hyperforma_v262144.r05	-	100000000	1	500006602	0	481
sxs-hyperforma_v262144.r06	-	100000000	1	62251264	1	60
sxs-hyperforma_v262144.r07	-	100000000	1	162251264	1	156
sxs-hyperforma_v262144.r08	-	100000000	1	262251264	1	252
sxs-hyperforma_v262144.r09	-	100000000	1	362251264	1	348
sxs-hyperforma_v262144.r10	-	100000000	1	462251264	1	444
sxs-hyperforma_v262144.r11	-	100000000	1	24502528	2	24
sxs-hyperforma_v262144.r12	-	100000000	1	124502528	2	120
sxs-hyperforma_v262144.r13	-	100000000	1	224502528	2	216
sxs-hyperforma_v262144.r14	-	100000000	1	324502528	2	312
sxs-hyperforma_v262144.r15	-	100000000	1	424502528	2	408
sxs-hyperforma_v262144.r16	-	100000000	1	524502528	2	504
sxs-hyperforma_v262144.r17	-	100000000	1	87417088	3	84
sxs-hyperforma_v262144.r18	-	100000000	1	187417088	3	180
sxs-hyperforma_v262144.r19	-	100000000	1	287417088	3	276
sxs-hyperforma_v262144.r20	-	100000000	1	387417088	3	372
sxs-hyperforma_v262144.r21	-	100000000	1	487417088	3	468
sxs-hyperforma_v262144.r22	-	100000000	1	49668352	4	48
sxs-hyperforma_v262144.r23	-	100000000	1	149668352	4	144
sxs-hyperforma_v262144.r24	-	100000000	1	249668352	4	240
sxs-hyperforma_v262144.r25	-	100000000	1	349668352	4	336
sxs-hyperforma_v262144.r26	-	100000000	1	449668352	4	432
sxs-hyperforma_v262144.r27	-	4009669	1	11919616	5	12
sxs-hyperforma_v262144.rar	-	100000000	1	15929285	5	16
sxs-hyperforma_v262144.sfv	-	1073	1	115929285	5	112
