v-lunistice.nfo	-	5668	1	0	0	0
v-lunistice.r00	-	50000000	1	5668	0	1
v-lunistice.r01	-	50000000	1	50005668	0	49
v-lunistice.r02	-	50000000	1	100005668	0	97
v-lunistice.r03	-	50000000	1	150005668	0	145
v-lunistice.r04	-	50000000	1	200005668	0	193
v-lunistice.r05	-	50000000	1	250005668	0	241
v-lunistice.r06	-	50000000	1	300005668	0	289
v-lunistice.r07	-	50000000	1	350005668	0	337
v-lunistice.r08	-	50000000	1	400005668	0	385
v-lunistice.r09	-	50000000	1	450005668	0	433
v-lunistice.r10	-	50000000	1	500005668	0	481
v-lunistice.r11	-	50000000	1	12251264	1	12
v-lunistice.r12	-	50000000	1	62251264	1	60
v-lunistice.r13	-	50000000	1	112251264	1	108
v-lunistice.r14	-	50000000	1	162251264	1	156
v-lunistice.r15	-	50000000	1	212251264	1	204
v-lunistice.r16	-	11091739	1	262251264	1	252
v-lunistice.rar	-	50000000	1	273343003	1	263
v-lunistice.sfv	-	468	1	323343003	1	311
