sxs-dragon_wings.nfo	-	4340	1	0	0	0
sxs-dragon_wings.r00	-	100000000	1	4340	0	1
sxs-dragon_wings.r01	-	100000000	1	100004340	0	97
sxs-dragon_wings.r02	-	100000000	1	200004340	0	193
sxs-dragon_wings.r03	-	100000000	1	300004340	0	289
sxs-dragon_wings.r04	-	100000000	1	400004340	0	385
sxs-dragon_wings.r05	-	100000000	1	500004340	0	481
sxs-dragon_wings.r06	-	100000000	1	62251264	1	60
sxs-dragon_wings.r07	-	100000000	1	162251264	1	156
sxs-dragon_wings.r08	-	100000000	1	262251264	1	252
sxs-dragon_wings.r09	-	100000000	1	362251264	1	348
sxs-dragon_wings.r10	-	100000000	1	462251264	1	444
sxs-dragon_wings.r11	-	100000000	1	24502528	2	24
sxs-dragon_wings.r12	-	100000000	1	124502528	2	120
sxs-dragon_wings.r13	-	100000000	1	224502528	2	216
sxs-dragon_wings.r14	-	100000000	1	324502528	2	312
sxs-dragon_wings.r15	-	100000000	1	424502528	2	408
sxs-dragon_wings.r16	-	100000000	1	524502528	2	504
sxs-dragon_wings.r17	-	100000000	1	87417088	3	84
sxs-dragon_wings.r18	-	100000000	1	187417088	3	180
sxs-dragon_wings.r19	-	100000000	1	287417088	3	276
sxs-dragon_wings.r20	-	100000000	1	387417088	3	372
sxs-dragon_wings.r21	-	100000000	1	487417088	3	468
sxs-dragon_wings.r22	-	100000000	1	49668352	4	48
sxs-dragon_wings.r23	-	100000000	1	149668352	4	144
sxs-dragon_wings.r24	-	100000000	1	249668352	4	240
sxs-dragon_wings.r25	-	100000000	1	349668352	4	336
sxs-dragon_wings.r26	-	100000000	1	449668352	4	432
sxs-dragon_wings.r27	-	100000000	1	11919616	5	12
sxs-dragon_wings.r28	-	100000000	1	111919616	5	108
sxs-dragon_wings.r29	-	100000000	1	211919616	5	204
sxs-dragon_wings.r30	-	100000000	1	311919616	5	300
sxs-dragon_wings.r31	-	100000000	1	411919616	5	396
sxs-dragon_wings.r32	-	100000000	1	511919616	5	492
sxs-dragon_wings.r33	-	100000000	1	74834176	6	72
sxs-dragon_wings.r34	-	100000000	1	174834176	6	168
sxs-dragon_wings.r35	-	100000000	1	274834176	6	264
sxs-dragon_wings.r36	-	100000000	1	374834176	6	360
sxs-dragon_wings.r37	-	100000000	1	474834176	6	456
sxs-dragon_wings.r38	-	100000000	1	37085440	7	36
sxs-dragon_wings.r39	-	30795220	1	137085440	7	132
sxs-dragon_wings.rar	-	100000000	1	167880660	7	162
sxs-dragon_wings.sfv	-	1271	1	267880660	7	258
