sxs-asscrr_dlc.nfo	-	5121	1	0	0	0
sxs-asscrr_dlc.r00	-	50000000	1	5121	0	1
sxs-asscrr_dlc.r01	-	50000000	1	50005121	0	49
sxs-asscrr_dlc.r02	-	50000000	1	100005121	0	97
sxs-asscrr_dlc.r03	-	50000000	1	150005121	0	145
sxs-asscrr_dlc.r04	-	50000000	1	200005121	0	193
sxs-asscrr_dlc.r05	-	50000000	1	250005121	0	241
sxs-asscrr_dlc.r06	-	50000000	1	300005121	0	289
sxs-asscrr_dlc.r07	-	50000000	1	350005121	0	337
sxs-asscrr_dlc.r08	-	50000000	1	400005121	0	385
sxs-asscrr_dlc.r09	-	50000000	1	450005121	0	433
sxs-asscrr_dlc.r10	-	50000000	1	500005121	0	481
sxs-asscrr_dlc.r11	-	50000000	1	12251264	1	12
sxs-asscrr_dlc.r12	-	50000000	1	62251264	1	60
sxs-asscrr_dlc.r13	-	50000000	1	112251264	1	108
sxs-asscrr_dlc.r14	-	50000000	1	162251264	1	156
sxs-asscrr_dlc.r15	-	50000000	1	212251264	1	204
sxs-asscrr_dlc.r16	-	50000000	1	262251264	1	252
sxs-asscrr_dlc.r17	-	50000000	1	312251264	1	300
sxs-asscrr_dlc.r18	-	50000000	1	362251264	1	348
sxs-asscrr_dlc.r19	-	50000000	1	412251264	1	396
sxs-asscrr_dlc.r20	-	50000000	1	462251264	1	444
sxs-asscrr_dlc.r21	-	50000000	1	512251264	1	492
sxs-asscrr_dlc.r22	-	50000000	1	24834176	2	24
sxs-asscrr_dlc.r23	-	50000000	1	74834176	2	72
sxs-asscrr_dlc.r24	-	50000000	1	124834176	2	120
sxs-asscrr_dlc.r25	-	50000000	1	174834176	2	168
sxs-asscrr_dlc.r26	-	50000000	1	224834176	2	216
sxs-asscrr_dlc.r27	-	50000000	1	274834176	2	264
sxs-asscrr_dlc.r28	-	50000000	1	324834176	2	312
sxs-asscrr_dlc.r29	-	50000000	1	374834176	2	360
sxs-asscrr_dlc.r30	-	50000000	1	424834176	2	408
sxs-asscrr_dlc.r31	-	50000000	1	474834176	2	456
sxs-asscrr_dlc.r32	-	50000000	1	524834176	2	504
sxs-asscrr_dlc.r33	-	50000000	1	37417088	3	36
sxs-asscrr_dlc.r34	-	50000000	1	87417088	3	84
sxs-asscrr_dlc.r35	-	50000000	1	137417088	3	132
sxs-asscrr_dlc.r36	-	50000000	1	187417088	3	180
sxs-asscrr_dlc.r37	-	50000000	1	237417088	3	228
sxs-asscrr_dlc.r38	-	50000000	1	287417088	3	276
sxs-asscrr_dlc.r39	-	50000000	1	337417088	3	324
sxs-asscrr_dlc.r40	-	50000000	1	387417088	3	372
sxs-asscrr_dlc.r41	-	50000000	1	437417088	3	420
sxs-asscrr_dlc.r42	-	50000000	1	487417088	3	468
sxs-asscrr_dlc.r43	-	50000000	1	0	4	0
sxs-asscrr_dlc.r44	-	50000000	1	50000000	4	48
sxs-asscrr_dlc.r45	-	50000000	1	100000000	4	96
sxs-asscrr_dlc.r46	-	50000000	1	150000000	4	144
sxs-asscrr_dlc.r47	-	50000000	1	200000000	4	192
sxs-asscrr_dlc.r48	-	50000000	1	250000000	4	240
sxs-asscrr_dlc.r49	-	50000000	1	300000000	4	288
sxs-asscrr_dlc.r50	-	50000000	1	350000000	4	336
sxs-asscrr_dlc.r51	-	50000000	1	400000000	4	384
sxs-asscrr_dlc.r52	-	50000000	1	450000000	4	432
sxs-asscrr_dlc.r53	-	50000000	1	500000000	4	480
sxs-asscrr_dlc.r54	-	50000000	1	12251264	5	12
sxs-asscrr_dlc.r55	-	50000000	1	62251264	5	60
sxs-asscrr_dlc.r56	-	50000000	1	112251264	5	108
sxs-asscrr_dlc.r57	-	50000000	1	162251264	5	156
sxs-asscrr_dlc.r58	-	50000000	1	212251264	5	204
sxs-asscrr_dlc.r59	-	50000000	1	262251264	5	252
sxs-asscrr_dlc.r60	-	50000000	1	312251264	5	300
sxs-asscrr_dlc.r61	-	50000000	1	362251264	5	348
sxs-asscrr_dlc.r62	-	50000000	1	412251264	5	396
sxs-asscrr_dlc.r63	-	50000000	1	462251264	5	444
sxs-asscrr_dlc.r64	-	50000000	1	512251264	5	492
sxs-asscrr_dlc.r65	-	50000000	1	24834176	6	24
sxs-asscrr_dlc.r66	-	50000000	1	74834176	6	72
sxs-asscrr_dlc.r67	-	50000000	1	124834176	6	120
sxs-asscrr_dlc.r68	-	50000000	1	174834176	6	168
sxs-asscrr_dlc.r69	-	50000000	1	224834176	6	216
sxs-asscrr_dlc.r70	-	50000000	1	274834176	6	264
sxs-asscrr_dlc.r71	-	50000000	1	324834176	6	312
sxs-asscrr_dlc.r72	-	50000000	1	374834176	6	360
sxs-asscrr_dlc.r73	-	50000000	1	424834176	6	408
sxs-asscrr_dlc.r74	-	50000000	1	474834176	6	456
sxs-asscrr_dlc.r75	-	50000000	1	524834176	6	504
sxs-asscrr_dlc.r76	-	50000000	1	37417088	7	36
sxs-asscrr_dlc.r77	-	25203422	1	87417088	7	84
sxs-asscrr_dlc.rar	-	50000000	1	112620510	7	109
sxs-asscrr_dlc.sfv	-	2291	1	162620510	7	157
