hr-ba3la.nfo	-	43404	1	0	0	0
hr-ba3la.r00	-	50000000	1	43404	0	1
hr-ba3la.r01	-	50000000	1	50043404	0	49
hr-ba3la.r02	-	50000000	1	100043404	0	97
hr-ba3la.r03	-	50000000	1	150043404	0	145
hr-ba3la.r04	-	50000000	1	200043404	0	193
hr-ba3la.r05	-	50000000	1	250043404	0	241
hr-ba3la.r06	-	50000000	1	300043404	0	289
hr-ba3la.r07	-	50000000	1	350043404	0	337
hr-ba3la.r08	-	50000000	1	400043404	0	385
hr-ba3la.r09	-	50000000	1	450043404	0	433
hr-ba3la.r10	-	50000000	1	500043404	0	481
hr-ba3la.r11	-	50000000	1	12251264	1	12
hr-ba3la.r12	-	50000000	1	62251264	1	60
hr-ba3la.r13	-	50000000	1	112251264	1	108
hr-ba3la.r14	-	50000000	1	162251264	1	156
hr-ba3la.r15	-	50000000	1	212251264	1	204
hr-ba3la.r16	-	50000000	1	262251264	1	252
hr-ba3la.r17	-	50000000	1	312251264	1	300
hr-ba3la.r18	-	50000000	1	362251264	1	348
hr-ba3la.r19	-	50000000	1	412251264	1	396
hr-ba3la.r20	-	50000000	1	462251264	1	444
hr-ba3la.r21	-	50000000	1	512251264	1	492
hr-ba3la.r22	-	50000000	1	24834176	2	24
hr-ba3la.r23	-	50000000	1	74834176	2	72
hr-ba3la.r24	-	50000000	1	124834176	2	120
hr-ba3la.r25	-	50000000	1	174834176	2	168
hr-ba3la.r26	-	50000000	1	224834176	2	216
hr-ba3la.r27	-	50000000	1	274834176	2	264
hr-ba3la.r28	-	50000000	1	324834176	2	312
hr-ba3la.r29	-	50000000	1	374834176	2	360
hr-ba3la.r30	-	50000000	1	424834176	2	408
hr-ba3la.r31	-	50000000	1	474834176	2	456
hr-ba3la.r32	-	50000000	1	524834176	2	504
hr-ba3la.r33	-	50000000	1	37417088	3	36
hr-ba3la.r34	-	50000000	1	87417088	3	84
hr-ba3la.r35	-	50000000	1	137417088	3	132
hr-ba3la.r36	-	50000000	1	187417088	3	180
hr-ba3la.r37	-	13646039	1	237417088	3	228
hr-ba3la.rar	-	50000000	1	251063127	3	242
hr-ba3la.sfv	-	897	1	301063127	3	290
Proof	d	0	1	301064024	3	291
Proof/hr-ba3la.jpg	-	833471	1	301064024	3	291
