lfc-a4j9a.nfo	-	5722	1	0	0	0
lfc-a4j9a.r00	-	50000000	1	5722	0	1
lfc-a4j9a.r01	-	50000000	1	50005722	0	49
lfc-a4j9a.r02	-	50000000	1	100005722	0	97
lfc-a4j9a.r03	-	50000000	1	150005722	0	145
lfc-a4j9a.r04	-	50000000	1	200005722	0	193
lfc-a4j9a.r05	-	50000000	1	250005722	0	241
lfc-a4j9a.r06	-	50000000	1	300005722	0	289
lfc-a4j9a.r07	-	50000000	1	350005722	0	337
lfc-a4j9a.r08	-	50000000	1	400005722	0	385
lfc-a4j9a.r09	-	50000000	1	450005722	0	433
lfc-a4j9a.r10	-	50000000	1	500005722	0	481
lfc-a4j9a.r11	-	50000000	1	12251264	1	12
lfc-a4j9a.r12	-	50000000	1	62251264	1	60
lfc-a4j9a.r13	-	50000000	1	112251264	1	108
lfc-a4j9a.r14	-	50000000	1	162251264	1	156
lfc-a4j9a.r15	-	50000000	1	212251264	1	204
lfc-a4j9a.r16	-	50000000	1	262251264	1	252
lfc-a4j9a.r17	-	50000000	1	312251264	1	300
lfc-a4j9a.r18	-	50000000	1	362251264	1	348
lfc-a4j9a.r19	-	50000000	1	412251264	1	396
lfc-a4j9a.r20	-	50000000	1	462251264	1	444
lfc-a4j9a.r21	-	50000000	1	512251264	1	492
lfc-a4j9a.r22	-	50000000	1	24834176	2	24
lfc-a4j9a.r23	-	50000000	1	74834176	2	72
lfc-a4j9a.r24	-	50000000	1	124834176	2	120
lfc-a4j9a.r25	-	50000000	1	174834176	2	168
lfc-a4j9a.r26	-	50000000	1	224834176	2	216
lfc-a4j9a.r27	-	50000000	1	274834176	2	264
lfc-a4j9a.r28	-	29365745	1	324834176	2	312
lfc-a4j9a.rar	-	50000000	1	354199921	2	341
lfc-a4j9a.sfv	-	720	1	404199921	2	389
Proof	d	0	1	404200641	2	390
Proof/lfc-a4j9a.jpg	-	429506	1	404200641	2	390
