gant-ssbbbr.nfo	-	11825	1	0	0	0
gant-ssbbbr.r00	-	100000000	1	11825	0	1
gant-ssbbbr.r01	-	100000000	1	100011825	0	97
gant-ssbbbr.r02	-	100000000	1	200011825	0	193
gant-ssbbbr.r03	-	100000000	1	300011825	0	289
gant-ssbbbr.r04	-	100000000	1	400011825	0	385
gant-ssbbbr.r05	-	100000000	1	500011825	0	481
gant-ssbbbr.r06	-	100000000	1	62251264	1	60
gant-ssbbbr.r07	-	100000000	1	162251264	1	156
gant-ssbbbr.r08	-	100000000	1	262251264	1	252
gant-ssbbbr.r09	-	100000000	1	362251264	1	348
gant-ssbbbr.r10	-	100000000	1	462251264	1	444
gant-ssbbbr.r11	-	100000000	1	24502528	2	24
gant-ssbbbr.r12	-	100000000	1	124502528	2	120
gant-ssbbbr.r13	-	100000000	1	224502528	2	216
gant-ssbbbr.r14	-	100000000	1	324502528	2	312
gant-ssbbbr.r15	-	100000000	1	424502528	2	408
gant-ssbbbr.r16	-	100000000	1	524502528	2	504
gant-ssbbbr.r17	-	100000000	1	87417088	3	84
gant-ssbbbr.r18	-	100000000	1	187417088	3	180
gant-ssbbbr.r19	-	100000000	1	287417088	3	276
gant-ssbbbr.r20	-	100000000	1	387417088	3	372
gant-ssbbbr.r21	-	100000000	1	487417088	3	468
gant-ssbbbr.r22	-	100000000	1	49668352	4	48
gant-ssbbbr.r23	-	100000000	1	149668352	4	144
gant-ssbbbr.r24	-	100000000	1	249668352	4	240
gant-ssbbbr.r25	-	100000000	1	349668352	4	336
gant-ssbbbr.r26	-	100000000	1	449668352	4	432
gant-ssbbbr.r27	-	100000000	1	11919616	5	12
gant-ssbbbr.r28	-	100000000	1	111919616	5	108
gant-ssbbbr.r29	-	100000000	1	211919616	5	204
gant-ssbbbr.r30	-	100000000	1	311919616	5	300
gant-ssbbbr.r31	-	100000000	1	411919616	5	396
gant-ssbbbr.r32	-	100000000	1	511919616	5	492
gant-ssbbbr.r33	-	100000000	1	74834176	6	72
gant-ssbbbr.r34	-	100000000	1	174834176	6	168
gant-ssbbbr.r35	-	100000000	1	274834176	6	264
gant-ssbbbr.r36	-	100000000	1	374834176	6	360
gant-ssbbbr.r37	-	100000000	1	474834176	6	456
gant-ssbbbr.r38	-	100000000	1	37085440	7	36
gant-ssbbbr.r39	-	100000000	1	137085440	7	132
gant-ssbbbr.r40	-	100000000	1	237085440	7	228
gant-ssbbbr.r41	-	100000000	1	337085440	7	324
gant-ssbbbr.r42	-	100000000	1	437085440	7	420
gant-ssbbbr.r43	-	100000000	1	0	8	0
gant-ssbbbr.r44	-	100000000	1	100000000	8	96
gant-ssbbbr.r45	-	100000000	1	200000000	8	192
gant-ssbbbr.r46	-	100000000	1	300000000	8	288
gant-ssbbbr.r47	-	100000000	1	400000000	8	384
gant-ssbbbr.r48	-	100000000	1	500000000	8	480
gant-ssbbbr.r49	-	100000000	1	62251264	9	60
gant-ssbbbr.r50	-	100000000	1	162251264	9	156
gant-ssbbbr.r51	-	100000000	1	262251264	9	252
gant-ssbbbr.r52	-	100000000	1	362251264	9	348
gant-ssbbbr.r53	-	100000000	1	462251264	9	444
gant-ssbbbr.r54	-	100000000	1	24502528	10	24
gant-ssbbbr.r55	-	100000000	1	124502528	10	120
gant-ssbbbr.r56	-	100000000	1	224502528	10	216
gant-ssbbbr.r57	-	100000000	1	324502528	10	312
gant-ssbbbr.r58	-	100000000	1	424502528	10	408
gant-ssbbbr.r59	-	100000000	1	524502528	10	504
gant-ssbbbr.r60	-	100000000	1	87417088	11	84
gant-ssbbbr.r61	-	100000000	1	187417088	11	180
gant-ssbbbr.r62	-	100000000	1	287417088	11	276
gant-ssbbbr.r63	-	100000000	1	387417088	11	372
gant-ssbbbr.r64	-	100000000	1	487417088	11	468
gant-ssbbbr.r65	-	17410261	1	49668352	12	48
gant-ssbbbr.rar	-	100000000	1	67078613	12	65
gant-ssbbbr.sfv	-	1742	1	167078613	12	161
