v-super_woden_gp_v131072.nfo	-	5824	1	0	0	0
v-super_woden_gp_v131072.r00	-	100000000	1	5824	0	1
v-super_woden_gp_v131072.r01	-	100000000	1	100005824	0	97
v-super_woden_gp_v131072.r02	-	100000000	1	200005824	0	193
v-super_woden_gp_v131072.r03	-	100000000	1	300005824	0	289
v-super_woden_gp_v131072.r04	-	100000000	1	400005824	0	385
v-super_woden_gp_v131072.r05	-	100000000	1	500005824	0	481
v-super_woden_gp_v131072.r06	-	13725338	1	62251264	1	60
v-super_woden_gp_v131072.rar	-	100000000	1	75976602	1	74
v-super_woden_gp_v131072.sfv	-	312	1	175976602	1	170
