bbb-n-agb2a.nfo	-	5517	1	0	0	0
bbb-n-agb2a.part01.rar	-	250000000	1	5517	0	1
bbb-n-agb2a.part02.rar	-	250000000	1	250005517	0	240
bbb-n-agb2a.part03.rar	-	250000000	1	500005517	0	479
bbb-n-agb2a.part04.rar	-	250000000	1	212251264	1	203
bbb-n-agb2a.part05.rar	-	250000000	1	462251264	1	442
bbb-n-agb2a.part06.rar	-	250000000	1	174502528	2	167
bbb-n-agb2a.part07.rar	-	250000000	1	424502528	2	406
bbb-n-agb2a.part08.rar	-	250000000	1	136753792	3	131
bbb-n-agb2a.part09.rar	-	179725702	1	386753792	3	370
bbb-n-agb2a.sfv	-	297	1	28730758	4	28
