sxs-rico_v262144.nfo	-	7148	1	0	0	0
sxs-rico_v262144.r00	-	50000000	1	7148	0	1
sxs-rico_v262144.r01	-	50000000	1	50007148	0	49
sxs-rico_v262144.r02	-	50000000	1	100007148	0	97
sxs-rico_v262144.r03	-	50000000	1	150007148	0	145
sxs-rico_v262144.r04	-	50000000	1	200007148	0	193
sxs-rico_v262144.r05	-	50000000	1	250007148	0	241
sxs-rico_v262144.r06	-	50000000	1	300007148	0	289
sxs-rico_v262144.r07	-	50000000	1	350007148	0	337
sxs-rico_v262144.r08	-	50000000	1	400007148	0	385
sxs-rico_v262144.r09	-	50000000	1	450007148	0	433
sxs-rico_v262144.r10	-	50000000	1	500007148	0	481
sxs-rico_v262144.r11	-	50000000	1	12251264	1	12
sxs-rico_v262144.r12	-	50000000	1	62251264	1	60
sxs-rico_v262144.r13	-	50000000	1	112251264	1	108
sxs-rico_v262144.r14	-	50000000	1	162251264	1	156
sxs-rico_v262144.r15	-	50000000	1	212251264	1	204
sxs-rico_v262144.r16	-	17002531	1	262251264	1	252
sxs-rico_v262144.rar	-	50000000	1	279253795	1	269
sxs-rico_v262144.sfv	-	558	1	329253795	1	317
