hr-a7qcav262144.nfo	-	11258	1	0	0	0
hr-a7qcav262144.r00	-	50000000	1	11258	0	1
hr-a7qcav262144.r01	-	50000000	1	50011258	0	49
hr-a7qcav262144.r02	-	50000000	1	100011258	0	97
hr-a7qcav262144.r03	-	50000000	1	150011258	0	145
hr-a7qcav262144.r04	-	50000000	1	200011258	0	193
hr-a7qcav262144.r05	-	50000000	1	250011258	0	241
hr-a7qcav262144.r06	-	50000000	1	300011258	0	289
hr-a7qcav262144.r07	-	19161983	1	350011258	0	337
hr-a7qcav262144.rar	-	50000000	1	369173241	0	356
hr-a7qcav262144.sfv	-	270	1	419173241	0	404
