sxs-pesterquest.nfo	-	5354	1	0	0	0
sxs-pesterquest.r00	-	100000000	1	5354	0	1
sxs-pesterquest.r01	-	100000000	1	100005354	0	97
sxs-pesterquest.r02	-	100000000	1	200005354	0	193
sxs-pesterquest.r03	-	100000000	1	300005354	0	289
sxs-pesterquest.r04	-	100000000	1	400005354	0	385
sxs-pesterquest.r05	-	100000000	1	500005354	0	481
sxs-pesterquest.r06	-	100000000	1	62251264	1	60
sxs-pesterquest.r07	-	100000000	1	162251264	1	156
sxs-pesterquest.r08	-	100000000	1	262251264	1	252
sxs-pesterquest.r09	-	100000000	1	362251264	1	348
sxs-pesterquest.r10	-	100000000	1	462251264	1	444
sxs-pesterquest.r11	-	100000000	1	24502528	2	24
sxs-pesterquest.r12	-	100000000	1	124502528	2	120
sxs-pesterquest.r13	-	100000000	1	224502528	2	216
sxs-pesterquest.r14	-	72299142	1	324502528	2	312
sxs-pesterquest.rar	-	100000000	1	396801670	2	381
sxs-pesterquest.sfv	-	480	1	496801670	2	477
