v-starlink_v393216.nfo	-	8944	1	0	0	0
v-starlink_v393216.r00	-	150000000	1	8944	0	1
v-starlink_v393216.r01	-	150000000	1	150008944	0	145
v-starlink_v393216.r02	-	150000000	1	300008944	0	289
v-starlink_v393216.r03	-	150000000	1	450008944	0	433
v-starlink_v393216.r04	-	150000000	1	62968192	1	61
v-starlink_v393216.r05	-	150000000	1	212968192	1	205
v-starlink_v393216.r06	-	150000000	1	362968192	1	349
v-starlink_v393216.r07	-	150000000	1	512968192	1	493
v-starlink_v393216.r08	-	150000000	1	125882752	2	121
v-starlink_v393216.r09	-	150000000	1	275882752	2	265
v-starlink_v393216.r10	-	150000000	1	425882752	2	409
v-starlink_v393216.r11	-	150000000	1	38850944	3	38
v-starlink_v393216.r12	-	150000000	1	188850944	3	182
v-starlink_v393216.r13	-	150000000	1	338850944	3	326
v-starlink_v393216.r14	-	150000000	1	488850944	3	470
v-starlink_v393216.r15	-	150000000	1	101765504	4	98
v-starlink_v393216.r16	-	150000000	1	251765504	4	242
v-starlink_v393216.r17	-	150000000	1	401765504	4	386
v-starlink_v393216.r18	-	150000000	1	14733696	5	15
v-starlink_v393216.r19	-	150000000	1	164733696	5	159
v-starlink_v393216.r20	-	150000000	1	314733696	5	303
v-starlink_v393216.r21	-	150000000	1	464733696	5	447
v-starlink_v393216.r22	-	150000000	1	77648256	6	75
v-starlink_v393216.r23	-	150000000	1	227648256	6	219
v-starlink_v393216.r24	-	150000000	1	377648256	6	363
v-starlink_v393216.r25	-	150000000	1	527648256	6	507
v-starlink_v393216.r26	-	150000000	1	140562816	7	135
v-starlink_v393216.r27	-	150000000	1	290562816	7	279
v-starlink_v393216.r28	-	150000000	1	440562816	7	423
v-starlink_v393216.r29	-	150000000	1	53531008	8	52
v-starlink_v393216.r30	-	150000000	1	203531008	8	196
v-starlink_v393216.r31	-	150000000	1	353531008	8	340
v-starlink_v393216.r32	-	150000000	1	503531008	8	484
v-starlink_v393216.r33	-	150000000	1	116445568	9	112
v-starlink_v393216.r34	-	150000000	1	266445568	9	256
v-starlink_v393216.r35	-	150000000	1	416445568	9	400
v-starlink_v393216.r36	-	150000000	1	29413760	10	29
v-starlink_v393216.r37	-	150000000	1	179413760	10	173
v-starlink_v393216.r38	-	150000000	1	329413760	10	317
v-starlink_v393216.r39	-	150000000	1	479413760	10	461
v-starlink_v393216.r40	-	150000000	1	92328320	11	89
v-starlink_v393216.r41	-	150000000	1	242328320	11	233
v-starlink_v393216.r42	-	150000000	1	392328320	11	377
v-starlink_v393216.r43	-	150000000	1	5296512	12	6
v-starlink_v393216.r44	-	150000000	1	155296512	12	150
v-starlink_v393216.r45	-	150000000	1	305296512	12	294
v-starlink_v393216.r46	-	150000000	1	455296512	12	438
v-starlink_v393216.r47	-	150000000	1	68211072	13	66
v-starlink_v393216.r48	-	150000000	1	218211072	13	210
v-starlink_v393216.r49	-	150000000	1	368211072	13	354
v-starlink_v393216.r50	-	150000000	1	518211072	13	498
v-starlink_v393216.r51	-	150000000	1	131125632	14	126
v-starlink_v393216.r52	-	150000000	1	281125632	14	270
v-starlink_v393216.r53	-	150000000	1	431125632	14	414
v-starlink_v393216.r54	-	150000000	1	44093824	15	43
v-starlink_v393216.r55	-	150000000	1	194093824	15	187
v-starlink_v393216.r56	-	150000000	1	344093824	15	331
v-starlink_v393216.r57	-	150000000	1	494093824	15	475
v-starlink_v393216.r58	-	150000000	1	107008384	16	103
v-starlink_v393216.r59	-	150000000	1	257008384	16	247
v-starlink_v393216.r60	-	150000000	1	407008384	16	391
v-starlink_v393216.r61	-	150000000	1	19976576	17	20
v-starlink_v393216.r62	-	150000000	1	169976576	17	164
v-starlink_v393216.r63	-	150000000	1	319976576	17	308
v-starlink_v393216.r64	-	150000000	1	469976576	17	452
v-starlink_v393216.r65	-	150000000	1	82891136	18	80
v-starlink_v393216.r66	-	150000000	1	232891136	18	224
v-starlink_v393216.r67	-	150000000	1	382891136	18	368
v-starlink_v393216.r68	-	150000000	1	532891136	18	512
v-starlink_v393216.r69	-	150000000	1	145805696	19	140
v-starlink_v393216.r70	-	140252786	1	295805696	19	284
v-starlink_v393216.rar	-	150000000	1	436058482	19	418
v-starlink_v393216.sfv	-	2376	1	48288128	20	47
