gant-zatjp.nfo	-	11826	1	0	0	0
gant-zatjp.r00	-	100000000	1	11826	0	1
gant-zatjp.r01	-	100000000	1	100011826	0	97
gant-zatjp.r02	-	100000000	1	200011826	0	193
gant-zatjp.r03	-	100000000	1	300011826	0	289
gant-zatjp.r04	-	100000000	1	400011826	0	385
gant-zatjp.r05	-	100000000	1	500011826	0	481
gant-zatjp.r06	-	100000000	1	62251264	1	60
gant-zatjp.r07	-	100000000	1	162251264	1	156
gant-zatjp.r08	-	100000000	1	262251264	1	252
gant-zatjp.r09	-	100000000	1	362251264	1	348
gant-zatjp.r10	-	100000000	1	462251264	1	444
gant-zatjp.r11	-	100000000	1	24502528	2	24
gant-zatjp.r12	-	100000000	1	124502528	2	120
gant-zatjp.r13	-	100000000	1	224502528	2	216
gant-zatjp.r14	-	100000000	1	324502528	2	312
gant-zatjp.r15	-	100000000	1	424502528	2	408
gant-zatjp.r16	-	100000000	1	524502528	2	504
gant-zatjp.r17	-	100000000	1	87417088	3	84
gant-zatjp.r18	-	100000000	1	187417088	3	180
gant-zatjp.r19	-	100000000	1	287417088	3	276
gant-zatjp.r20	-	100000000	1	387417088	3	372
gant-zatjp.r21	-	100000000	1	487417088	3	468
gant-zatjp.r22	-	100000000	1	49668352	4	48
gant-zatjp.r23	-	100000000	1	149668352	4	144
gant-zatjp.r24	-	100000000	1	249668352	4	240
gant-zatjp.r25	-	100000000	1	349668352	4	336
gant-zatjp.r26	-	100000000	1	449668352	4	432
gant-zatjp.r27	-	100000000	1	11919616	5	12
gant-zatjp.r28	-	100000000	1	111919616	5	108
gant-zatjp.r29	-	100000000	1	211919616	5	204
gant-zatjp.r30	-	100000000	1	311919616	5	300
gant-zatjp.r31	-	100000000	1	411919616	5	396
gant-zatjp.r32	-	100000000	1	511919616	5	492
gant-zatjp.r33	-	100000000	1	74834176	6	72
gant-zatjp.r34	-	100000000	1	174834176	6	168
gant-zatjp.r35	-	100000000	1	274834176	6	264
gant-zatjp.r36	-	100000000	1	374834176	6	360
gant-zatjp.r37	-	100000000	1	474834176	6	456
gant-zatjp.r38	-	100000000	1	37085440	7	36
gant-zatjp.r39	-	100000000	1	137085440	7	132
gant-zatjp.r40	-	100000000	1	237085440	7	228
gant-zatjp.r41	-	100000000	1	337085440	7	324
gant-zatjp.r42	-	100000000	1	437085440	7	420
gant-zatjp.r43	-	100000000	1	0	8	0
gant-zatjp.r44	-	100000000	1	100000000	8	96
gant-zatjp.r45	-	100000000	1	200000000	8	192
gant-zatjp.r46	-	100000000	1	300000000	8	288
gant-zatjp.r47	-	100000000	1	400000000	8	384
gant-zatjp.r48	-	100000000	1	500000000	8	480
gant-zatjp.r49	-	100000000	1	62251264	9	60
gant-zatjp.r50	-	100000000	1	162251264	9	156
gant-zatjp.r51	-	100000000	1	262251264	9	252
gant-zatjp.r52	-	100000000	1	362251264	9	348
gant-zatjp.r53	-	100000000	1	462251264	9	444
gant-zatjp.r54	-	100000000	1	24502528	10	24
gant-zatjp.r55	-	100000000	1	124502528	10	120
gant-zatjp.r56	-	62916361	1	224502528	10	216
gant-zatjp.rar	-	100000000	1	287418889	10	277
gant-zatjp.sfv	-	1450	1	387418889	10	373
Proof	d	0	1	387420339	10	374
Proof/gant-zatjp.jpg	-	866594	1	387420339	10	374
