v-steamworld_v262144.nfo	-	4264	1	0	0	0
v-steamworld_v262144.r00	-	50000000	1	4264	0	1
v-steamworld_v262144.r01	-	50000000	1	50004264	0	49
v-steamworld_v262144.r02	-	50000000	1	100004264	0	97
v-steamworld_v262144.r03	-	50000000	1	150004264	0	145
v-steamworld_v262144.r04	-	50000000	1	200004264	0	193
v-steamworld_v262144.r05	-	50000000	1	250004264	0	241
v-steamworld_v262144.r06	-	50000000	1	300004264	0	289
v-steamworld_v262144.r07	-	50000000	1	350004264	0	337
v-steamworld_v262144.r08	-	50000000	1	400004264	0	385
v-steamworld_v262144.r09	-	50000000	1	450004264	0	433
v-steamworld_v262144.r10	-	18326376	1	500004264	0	481
v-steamworld_v262144.rar	-	50000000	1	518330640	0	499
v-steamworld_v262144.sfv	-	420	1	31125632	1	30
