l-dda_v65536.nfo	-	1151	1	0	0	0
l-dda_v65536.r00	-	50000000	1	1151	0	1
l-dda_v65536.r01	-	50000000	1	50001151	0	49
l-dda_v65536.r02	-	50000000	1	100001151	0	97
l-dda_v65536.r03	-	50000000	1	150001151	0	145
l-dda_v65536.r04	-	50000000	1	200001151	0	193
l-dda_v65536.r05	-	50000000	1	250001151	0	241
l-dda_v65536.r06	-	50000000	1	300001151	0	289
l-dda_v65536.r07	-	50000000	1	350001151	0	337
l-dda_v65536.r08	-	50000000	1	400001151	0	385
l-dda_v65536.r09	-	50000000	1	450001151	0	433
l-dda_v65536.r10	-	50000000	1	500001151	0	481
l-dda_v65536.r11	-	50000000	1	12251264	1	12
l-dda_v65536.r12	-	50000000	1	62251264	1	60
l-dda_v65536.r13	-	50000000	1	112251264	1	108
l-dda_v65536.r14	-	50000000	1	162251264	1	156
l-dda_v65536.r15	-	50000000	1	212251264	1	204
l-dda_v65536.r16	-	50000000	1	262251264	1	252
l-dda_v65536.r17	-	50000000	1	312251264	1	300
l-dda_v65536.r18	-	50000000	1	362251264	1	348
l-dda_v65536.r19	-	50000000	1	412251264	1	396
l-dda_v65536.r20	-	50000000	1	462251264	1	444
l-dda_v65536.r21	-	50000000	1	512251264	1	492
l-dda_v65536.r22	-	50000000	1	24834176	2	24
l-dda_v65536.r23	-	50000000	1	74834176	2	72
l-dda_v65536.r24	-	50000000	1	124834176	2	120
l-dda_v65536.r25	-	50000000	1	174834176	2	168
l-dda_v65536.r26	-	50000000	1	224834176	2	216
l-dda_v65536.r27	-	50000000	1	274834176	2	264
l-dda_v65536.r28	-	50000000	1	324834176	2	312
l-dda_v65536.r29	-	50000000	1	374834176	2	360
l-dda_v65536.r30	-	50000000	1	424834176	2	408
l-dda_v65536.r31	-	50000000	1	474834176	2	456
l-dda_v65536.r32	-	50000000	1	524834176	2	504
l-dda_v65536.r33	-	50000000	1	37417088	3	36
l-dda_v65536.r34	-	50000000	1	87417088	3	84
l-dda_v65536.r35	-	50000000	1	137417088	3	132
l-dda_v65536.r36	-	50000000	1	187417088	3	180
l-dda_v65536.r37	-	50000000	1	237417088	3	228
l-dda_v65536.r38	-	50000000	1	287417088	3	276
l-dda_v65536.r39	-	50000000	1	337417088	3	324
l-dda_v65536.r40	-	50000000	1	387417088	3	372
l-dda_v65536.r41	-	50000000	1	437417088	3	420
l-dda_v65536.r42	-	50000000	1	487417088	3	468
l-dda_v65536.r43	-	50000000	1	0	4	0
l-dda_v65536.r44	-	50000000	1	50000000	4	48
l-dda_v65536.r45	-	50000000	1	100000000	4	96
l-dda_v65536.r46	-	50000000	1	150000000	4	144
l-dda_v65536.r47	-	50000000	1	200000000	4	192
l-dda_v65536.r48	-	50000000	1	250000000	4	240
l-dda_v65536.r49	-	50000000	1	300000000	4	288
l-dda_v65536.r50	-	50000000	1	350000000	4	336
l-dda_v65536.r51	-	44022427	1	400000000	4	384
l-dda_v65536.rar	-	50000000	1	444022427	4	426
l-dda_v65536.sfv	-	1431	1	494022427	4	474
