sxs-tennis_world_tour_v458752.nfo	-	5432	1	0	0	0
sxs-tennis_world_tour_v458752.r00	-	50000000	1	5432	0	1
sxs-tennis_world_tour_v458752.r01	-	50000000	1	50005432	0	49
sxs-tennis_world_tour_v458752.r02	-	50000000	1	100005432	0	97
sxs-tennis_world_tour_v458752.r03	-	50000000	1	150005432	0	145
sxs-tennis_world_tour_v458752.r04	-	50000000	1	200005432	0	193
sxs-tennis_world_tour_v458752.r05	-	50000000	1	250005432	0	241
sxs-tennis_world_tour_v458752.r06	-	50000000	1	300005432	0	289
sxs-tennis_world_tour_v458752.r07	-	50000000	1	350005432	0	337
sxs-tennis_world_tour_v458752.r08	-	50000000	1	400005432	0	385
sxs-tennis_world_tour_v458752.r09	-	50000000	1	450005432	0	433
sxs-tennis_world_tour_v458752.r10	-	50000000	1	500005432	0	481
sxs-tennis_world_tour_v458752.r11	-	50000000	1	12251264	1	12
sxs-tennis_world_tour_v458752.r12	-	50000000	1	62251264	1	60
sxs-tennis_world_tour_v458752.r13	-	50000000	1	112251264	1	108
sxs-tennis_world_tour_v458752.r14	-	50000000	1	162251264	1	156
sxs-tennis_world_tour_v458752.r15	-	50000000	1	212251264	1	204
sxs-tennis_world_tour_v458752.r16	-	50000000	1	262251264	1	252
sxs-tennis_world_tour_v458752.r17	-	50000000	1	312251264	1	300
sxs-tennis_world_tour_v458752.r18	-	50000000	1	362251264	1	348
sxs-tennis_world_tour_v458752.r19	-	50000000	1	412251264	1	396
sxs-tennis_world_tour_v458752.r20	-	50000000	1	462251264	1	444
sxs-tennis_world_tour_v458752.r21	-	50000000	1	512251264	1	492
sxs-tennis_world_tour_v458752.r22	-	50000000	1	24834176	2	24
sxs-tennis_world_tour_v458752.r23	-	50000000	1	74834176	2	72
sxs-tennis_world_tour_v458752.r24	-	50000000	1	124834176	2	120
sxs-tennis_world_tour_v458752.r25	-	50000000	1	174834176	2	168
sxs-tennis_world_tour_v458752.r26	-	50000000	1	224834176	2	216
sxs-tennis_world_tour_v458752.r27	-	50000000	1	274834176	2	264
sxs-tennis_world_tour_v458752.r28	-	50000000	1	324834176	2	312
sxs-tennis_world_tour_v458752.r29	-	50000000	1	374834176	2	360
sxs-tennis_world_tour_v458752.r30	-	50000000	1	424834176	2	408
sxs-tennis_world_tour_v458752.r31	-	50000000	1	474834176	2	456
sxs-tennis_world_tour_v458752.r32	-	50000000	1	524834176	2	504
sxs-tennis_world_tour_v458752.r33	-	50000000	1	37417088	3	36
sxs-tennis_world_tour_v458752.r34	-	50000000	1	87417088	3	84
sxs-tennis_world_tour_v458752.r35	-	50000000	1	137417088	3	132
sxs-tennis_world_tour_v458752.r36	-	50000000	1	187417088	3	180
sxs-tennis_world_tour_v458752.r37	-	50000000	1	237417088	3	228
sxs-tennis_world_tour_v458752.r38	-	50000000	1	287417088	3	276
sxs-tennis_world_tour_v458752.r39	-	50000000	1	337417088	3	324
sxs-tennis_world_tour_v458752.r40	-	50000000	1	387417088	3	372
sxs-tennis_world_tour_v458752.r41	-	50000000	1	437417088	3	420
sxs-tennis_world_tour_v458752.r42	-	50000000	1	487417088	3	468
sxs-tennis_world_tour_v458752.r43	-	50000000	1	0	4	0
sxs-tennis_world_tour_v458752.r44	-	27437021	1	50000000	4	48
sxs-tennis_world_tour_v458752.rar	-	50000000	1	77437021	4	75
sxs-tennis_world_tour_v458752.sfv	-	2024	1	127437021	4	123
