sxs-bonfire_peaks_v327680.nfo	-	5510	1	0	0	0
sxs-bonfire_peaks_v327680.r00	-	50000000	1	5510	0	1
sxs-bonfire_peaks_v327680.r01	-	50000000	1	50005510	0	49
sxs-bonfire_peaks_v327680.r02	-	50000000	1	100005510	0	97
sxs-bonfire_peaks_v327680.r03	-	50000000	1	150005510	0	145
sxs-bonfire_peaks_v327680.r04	-	50000000	1	200005510	0	193
sxs-bonfire_peaks_v327680.r05	-	50000000	1	250005510	0	241
sxs-bonfire_peaks_v327680.r06	-	50000000	1	300005510	0	289
sxs-bonfire_peaks_v327680.r07	-	50000000	1	350005510	0	337
sxs-bonfire_peaks_v327680.r08	-	50000000	1	400005510	0	385
sxs-bonfire_peaks_v327680.r09	-	50000000	1	450005510	0	433
sxs-bonfire_peaks_v327680.r10	-	23535271	1	500005510	0	481
sxs-bonfire_peaks_v327680.rar	-	50000000	1	523540781	0	504
sxs-bonfire_peaks_v327680.sfv	-	480	1	36368512	1	35
