sxs-stardew_valley_v196608.nfo	-	8397	1	0	0	0
sxs-stardew_valley_v196608.r00	-	50000000	1	8397	0	1
sxs-stardew_valley_v196608.r01	-	50000000	1	50008397	0	49
sxs-stardew_valley_v196608.r02	-	50000000	1	100008397	0	97
sxs-stardew_valley_v196608.r03	-	50000000	1	150008397	0	145
sxs-stardew_valley_v196608.r04	-	50000000	1	200008397	0	193
sxs-stardew_valley_v196608.r05	-	50000000	1	250008397	0	241
sxs-stardew_valley_v196608.r06	-	50000000	1	300008397	0	289
sxs-stardew_valley_v196608.r07	-	50000000	1	350008397	0	337
sxs-stardew_valley_v196608.r08	-	50000000	1	400008397	0	385
sxs-stardew_valley_v196608.r09	-	50000000	1	450008397	0	433
sxs-stardew_valley_v196608.r10	-	50000000	1	500008397	0	481
sxs-stardew_valley_v196608.r11	-	50000000	1	12251264	1	12
sxs-stardew_valley_v196608.r12	-	50000000	1	62251264	1	60
sxs-stardew_valley_v196608.r13	-	50000000	1	112251264	1	108
sxs-stardew_valley_v196608.r14	-	50000000	1	162251264	1	156
sxs-stardew_valley_v196608.r15	-	50000000	1	212251264	1	204
sxs-stardew_valley_v196608.r16	-	50000000	1	262251264	1	252
sxs-stardew_valley_v196608.r17	-	50000000	1	312251264	1	300
sxs-stardew_valley_v196608.r18	-	50000000	1	362251264	1	348
sxs-stardew_valley_v196608.r19	-	32904734	1	412251264	1	396
sxs-stardew_valley_v196608.rar	-	50000000	1	445155998	1	428
sxs-stardew_valley_v196608.sfv	-	861	1	495155998	1	476
