v-grip_v262144.nfo	-	5278	1	0	0	0
v-grip_v262144.r00	-	50000000	1	5278	0	1
v-grip_v262144.r01	-	50000000	1	50005278	0	49
v-grip_v262144.r02	-	50000000	1	100005278	0	97
v-grip_v262144.r03	-	50000000	1	150005278	0	145
v-grip_v262144.r04	-	50000000	1	200005278	0	193
v-grip_v262144.r05	-	50000000	1	250005278	0	241
v-grip_v262144.r06	-	50000000	1	300005278	0	289
v-grip_v262144.r07	-	50000000	1	350005278	0	337
v-grip_v262144.r08	-	50000000	1	400005278	0	385
v-grip_v262144.r09	-	50000000	1	450005278	0	433
v-grip_v262144.r10	-	50000000	1	500005278	0	481
v-grip_v262144.r11	-	50000000	1	12251264	1	12
v-grip_v262144.r12	-	50000000	1	62251264	1	60
v-grip_v262144.r13	-	50000000	1	112251264	1	108
v-grip_v262144.r14	-	50000000	1	162251264	1	156
v-grip_v262144.r15	-	50000000	1	212251264	1	204
v-grip_v262144.r16	-	50000000	1	262251264	1	252
v-grip_v262144.r17	-	50000000	1	312251264	1	300
v-grip_v262144.r18	-	50000000	1	362251264	1	348
v-grip_v262144.r19	-	50000000	1	412251264	1	396
v-grip_v262144.r20	-	50000000	1	462251264	1	444
v-grip_v262144.r21	-	50000000	1	512251264	1	492
v-grip_v262144.r22	-	50000000	1	24834176	2	24
v-grip_v262144.r23	-	50000000	1	74834176	2	72
v-grip_v262144.r24	-	50000000	1	124834176	2	120
v-grip_v262144.r25	-	50000000	1	174834176	2	168
v-grip_v262144.r26	-	35410231	1	224834176	2	216
v-grip_v262144.rar	-	50000000	1	260244407	2	250
v-grip_v262144.sfv	-	812	1	310244407	2	298
