v-chained_echoes_v196608.nfo	-	6214	1	0	0	0
v-chained_echoes_v196608.r00	-	50000000	1	6214	0	1
v-chained_echoes_v196608.r01	-	50000000	1	50006214	0	49
v-chained_echoes_v196608.r02	-	50000000	1	100006214	0	97
v-chained_echoes_v196608.r03	-	50000000	1	150006214	0	145
v-chained_echoes_v196608.r04	-	50000000	1	200006214	0	193
v-chained_echoes_v196608.r05	-	50000000	1	250006214	0	241
v-chained_echoes_v196608.r06	-	50000000	1	300006214	0	289
v-chained_echoes_v196608.r07	-	50000000	1	350006214	0	337
v-chained_echoes_v196608.r08	-	50000000	1	400006214	0	385
v-chained_echoes_v196608.r09	-	13941538	1	450006214	0	433
v-chained_echoes_v196608.rar	-	50000000	1	463947752	0	447
v-chained_echoes_v196608.sfv	-	429	1	513947752	0	495
