v-have_a_nice_death_v196608.nfo	-	5746	1	0	0	0
v-have_a_nice_death_v196608.r00	-	100000000	1	5746	0	1
v-have_a_nice_death_v196608.r01	-	100000000	1	100005746	0	97
v-have_a_nice_death_v196608.r02	-	100000000	1	200005746	0	193
v-have_a_nice_death_v196608.r03	-	100000000	1	300005746	0	289
v-have_a_nice_death_v196608.r04	-	100000000	1	400005746	0	385
v-have_a_nice_death_v196608.r05	-	100000000	1	500005746	0	481
v-have_a_nice_death_v196608.r06	-	100000000	1	62251264	1	60
v-have_a_nice_death_v196608.r07	-	100000000	1	162251264	1	156
v-have_a_nice_death_v196608.r08	-	100000000	1	262251264	1	252
v-have_a_nice_death_v196608.r09	-	100000000	1	362251264	1	348
v-have_a_nice_death_v196608.r10	-	100000000	1	462251264	1	444
v-have_a_nice_death_v196608.r11	-	100000000	1	24502528	2	24
v-have_a_nice_death_v196608.r12	-	100000000	1	124502528	2	120
v-have_a_nice_death_v196608.r13	-	100000000	1	224502528	2	216
v-have_a_nice_death_v196608.r14	-	100000000	1	324502528	2	312
v-have_a_nice_death_v196608.r15	-	100000000	1	424502528	2	408
v-have_a_nice_death_v196608.r16	-	100000000	1	524502528	2	504
v-have_a_nice_death_v196608.r17	-	100000000	1	87417088	3	84
v-have_a_nice_death_v196608.r18	-	100000000	1	187417088	3	180
v-have_a_nice_death_v196608.r19	-	100000000	1	287417088	3	276
v-have_a_nice_death_v196608.r20	-	100000000	1	387417088	3	372
v-have_a_nice_death_v196608.r21	-	100000000	1	487417088	3	468
v-have_a_nice_death_v196608.r22	-	100000000	1	49668352	4	48
v-have_a_nice_death_v196608.r23	-	100000000	1	149668352	4	144
v-have_a_nice_death_v196608.r24	-	26908070	1	249668352	4	240
v-have_a_nice_death_v196608.rar	-	100000000	1	276576422	4	266
v-have_a_nice_death_v196608.sfv	-	1092	1	376576422	4	362
