bbb-h-baara.nfo	-	5517	1	0	0	0
bbb-h-baara.part01.rar	-	250000000	1	5517	0	1
bbb-h-baara.part02.rar	-	250000000	1	250005517	0	240
bbb-h-baara.part03.rar	-	250000000	1	500005517	0	479
bbb-h-baara.part04.rar	-	250000000	1	212251264	1	203
bbb-h-baara.part05.rar	-	250000000	1	462251264	1	442
bbb-h-baara.part06.rar	-	250000000	1	174502528	2	167
bbb-h-baara.part07.rar	-	250000000	1	424502528	2	406
bbb-h-baara.part08.rar	-	250000000	1	136753792	3	131
bbb-h-baara.part09.rar	-	250000000	1	386753792	3	370
bbb-h-baara.part10.rar	-	250000000	1	99005056	4	95
bbb-h-baara.part11.rar	-	250000000	1	349005056	4	334
bbb-h-baara.part12.rar	-	250000000	1	61256320	5	59
bbb-h-baara.part13.rar	-	250000000	1	311256320	5	298
bbb-h-baara.part14.rar	-	250000000	1	23507584	6	23
bbb-h-baara.part15.rar	-	250000000	1	273507584	6	262
bbb-h-baara.part16.rar	-	250000000	1	523507584	6	501
bbb-h-baara.part17.rar	-	250000000	1	236368512	7	226
bbb-h-baara.part18.rar	-	250000000	1	486368512	7	465
bbb-h-baara.part19.rar	-	250000000	1	198619776	8	190
bbb-h-baara.part20.rar	-	250000000	1	448619776	8	429
bbb-h-baara.part21.rar	-	250000000	1	160871040	9	154
bbb-h-baara.part22.rar	-	250000000	1	410871040	9	393
bbb-h-baara.part23.rar	-	250000000	1	123122304	10	118
bbb-h-baara.part24.rar	-	250000000	1	373122304	10	357
bbb-h-baara.part25.rar	-	250000000	1	85373568	11	82
bbb-h-baara.part26.rar	-	250000000	1	335373568	11	321
bbb-h-baara.part27.rar	-	250000000	1	47624832	12	46
bbb-h-baara.part28.rar	-	250000000	1	297624832	12	285
bbb-h-baara.part29.rar	-	250000000	1	9876096	13	10
bbb-h-baara.part30.rar	-	175357864	1	259876096	13	249
bbb-h-baara.sfv	-	990	1	435233960	13	417
