hr-outofline.nfo	-	11258	1	0	0	0
hr-outofline.r00	-	50000000	1	11258	0	1
hr-outofline.r01	-	50000000	1	50011258	0	49
hr-outofline.r02	-	50000000	1	100011258	0	97
hr-outofline.r03	-	50000000	1	150011258	0	145
hr-outofline.r04	-	50000000	1	200011258	0	193
hr-outofline.r05	-	50000000	1	250011258	0	241
hr-outofline.r06	-	50000000	1	300011258	0	289
hr-outofline.r07	-	50000000	1	350011258	0	337
hr-outofline.r08	-	50000000	1	400011258	0	385
hr-outofline.r09	-	50000000	1	450011258	0	433
hr-outofline.r10	-	50000000	1	500011258	0	481
hr-outofline.r11	-	50000000	1	12251264	1	12
hr-outofline.r12	-	50000000	1	62251264	1	60
hr-outofline.r13	-	50000000	1	112251264	1	108
hr-outofline.r14	-	50000000	1	162251264	1	156
hr-outofline.r15	-	50000000	1	212251264	1	204
hr-outofline.r16	-	50000000	1	262251264	1	252
hr-outofline.r17	-	50000000	1	312251264	1	300
hr-outofline.r18	-	50000000	1	362251264	1	348
hr-outofline.r19	-	50000000	1	412251264	1	396
hr-outofline.r20	-	50000000	1	462251264	1	444
hr-outofline.r21	-	50000000	1	512251264	1	492
hr-outofline.r22	-	50000000	1	24834176	2	24
hr-outofline.r23	-	50000000	1	74834176	2	72
hr-outofline.r24	-	50000000	1	124834176	2	120
hr-outofline.r25	-	50000000	1	174834176	2	168
hr-outofline.r26	-	50000000	1	224834176	2	216
hr-outofline.r27	-	50000000	1	274834176	2	264
hr-outofline.r28	-	50000000	1	324834176	2	312
hr-outofline.r29	-	50000000	1	374834176	2	360
hr-outofline.r30	-	50000000	1	424834176	2	408
hr-outofline.r31	-	50000000	1	474834176	2	456
hr-outofline.r32	-	50000000	1	524834176	2	504
hr-outofline.r33	-	50000000	1	37417088	3	36
hr-outofline.r34	-	50000000	1	87417088	3	84
hr-outofline.r35	-	50000000	1	137417088	3	132
hr-outofline.r36	-	50000000	1	187417088	3	180
hr-outofline.r37	-	50000000	1	237417088	3	228
hr-outofline.r38	-	29217051	1	287417088	3	276
hr-outofline.rar	-	50000000	1	316634139	3	304
hr-outofline.sfv	-	1080	1	366634139	3	352
