v-risk_of_rain_2_v327680.nfo	-	4342	1	0	0	0
v-risk_of_rain_2_v327680.r00	-	50000000	1	4342	0	1
v-risk_of_rain_2_v327680.r01	-	50000000	1	50004342	0	49
v-risk_of_rain_2_v327680.r02	-	50000000	1	100004342	0	97
v-risk_of_rain_2_v327680.r03	-	50000000	1	150004342	0	145
v-risk_of_rain_2_v327680.r04	-	50000000	1	200004342	0	193
v-risk_of_rain_2_v327680.r05	-	50000000	1	250004342	0	241
v-risk_of_rain_2_v327680.r06	-	50000000	1	300004342	0	289
v-risk_of_rain_2_v327680.r07	-	50000000	1	350004342	0	337
v-risk_of_rain_2_v327680.r08	-	50000000	1	400004342	0	385
v-risk_of_rain_2_v327680.r09	-	50000000	1	450004342	0	433
v-risk_of_rain_2_v327680.r10	-	50000000	1	500004342	0	481
v-risk_of_rain_2_v327680.r11	-	50000000	1	12251264	1	12
v-risk_of_rain_2_v327680.r12	-	50000000	1	62251264	1	60
v-risk_of_rain_2_v327680.r13	-	50000000	1	112251264	1	108
v-risk_of_rain_2_v327680.r14	-	50000000	1	162251264	1	156
v-risk_of_rain_2_v327680.r15	-	50000000	1	212251264	1	204
v-risk_of_rain_2_v327680.r16	-	50000000	1	262251264	1	252
v-risk_of_rain_2_v327680.r17	-	50000000	1	312251264	1	300
v-risk_of_rain_2_v327680.r18	-	50000000	1	362251264	1	348
v-risk_of_rain_2_v327680.r19	-	50000000	1	412251264	1	396
v-risk_of_rain_2_v327680.r20	-	50000000	1	462251264	1	444
v-risk_of_rain_2_v327680.r21	-	50000000	1	512251264	1	492
v-risk_of_rain_2_v327680.r22	-	50000000	1	24834176	2	24
v-risk_of_rain_2_v327680.r23	-	50000000	1	74834176	2	72
v-risk_of_rain_2_v327680.r24	-	50000000	1	124834176	2	120
v-risk_of_rain_2_v327680.r25	-	50000000	1	174834176	2	168
v-risk_of_rain_2_v327680.r26	-	50000000	1	224834176	2	216
v-risk_of_rain_2_v327680.r27	-	50000000	1	274834176	2	264
v-risk_of_rain_2_v327680.r28	-	50000000	1	324834176	2	312
v-risk_of_rain_2_v327680.r29	-	50000000	1	374834176	2	360
v-risk_of_rain_2_v327680.r30	-	50000000	1	424834176	2	408
v-risk_of_rain_2_v327680.r31	-	5499227	1	474834176	2	456
v-risk_of_rain_2_v327680.rar	-	50000000	1	480333403	2	462
v-risk_of_rain_2_v327680.sfv	-	1287	1	530333403	2	510
