v-aery_dreamscape.nfo	-	5434	1	0	0	0
v-aery_dreamscape.r00	-	50000000	1	5434	0	1
v-aery_dreamscape.r01	-	50000000	1	50005434	0	49
v-aery_dreamscape.r02	-	50000000	1	100005434	0	97
v-aery_dreamscape.r03	-	50000000	1	150005434	0	145
v-aery_dreamscape.r04	-	50000000	1	200005434	0	193
v-aery_dreamscape.r05	-	50000000	1	250005434	0	241
v-aery_dreamscape.r06	-	50000000	1	300005434	0	289
v-aery_dreamscape.r07	-	50000000	1	350005434	0	337
v-aery_dreamscape.r08	-	50000000	1	400005434	0	385
v-aery_dreamscape.r09	-	50000000	1	450005434	0	433
v-aery_dreamscape.r10	-	50000000	1	500005434	0	481
v-aery_dreamscape.r11	-	50000000	1	12251264	1	12
v-aery_dreamscape.r12	-	50000000	1	62251264	1	60
v-aery_dreamscape.r13	-	50000000	1	112251264	1	108
v-aery_dreamscape.r14	-	50000000	1	162251264	1	156
v-aery_dreamscape.r15	-	50000000	1	212251264	1	204
v-aery_dreamscape.r16	-	50000000	1	262251264	1	252
v-aery_dreamscape.r17	-	50000000	1	312251264	1	300
v-aery_dreamscape.r18	-	50000000	1	362251264	1	348
v-aery_dreamscape.r19	-	50000000	1	412251264	1	396
v-aery_dreamscape.r20	-	50000000	1	462251264	1	444
v-aery_dreamscape.r21	-	50000000	1	512251264	1	492
v-aery_dreamscape.r22	-	50000000	1	24834176	2	24
v-aery_dreamscape.r23	-	50000000	1	74834176	2	72
v-aery_dreamscape.r24	-	50000000	1	124834176	2	120
v-aery_dreamscape.r25	-	50000000	1	174834176	2	168
v-aery_dreamscape.r26	-	50000000	1	224834176	2	216
v-aery_dreamscape.r27	-	50000000	1	274834176	2	264
v-aery_dreamscape.r28	-	50000000	1	324834176	2	312
v-aery_dreamscape.r29	-	50000000	1	374834176	2	360
v-aery_dreamscape.r30	-	50000000	1	424834176	2	408
v-aery_dreamscape.r31	-	50000000	1	474834176	2	456
v-aery_dreamscape.r32	-	50000000	1	524834176	2	504
v-aery_dreamscape.r33	-	50000000	1	37417088	3	36
v-aery_dreamscape.r34	-	50000000	1	87417088	3	84
v-aery_dreamscape.r35	-	50000000	1	137417088	3	132
v-aery_dreamscape.r36	-	50000000	1	187417088	3	180
v-aery_dreamscape.r37	-	50000000	1	237417088	3	228
v-aery_dreamscape.r38	-	50000000	1	287417088	3	276
v-aery_dreamscape.r39	-	50000000	1	337417088	3	324
v-aery_dreamscape.r40	-	50000000	1	387417088	3	372
v-aery_dreamscape.r41	-	50000000	1	437417088	3	420
v-aery_dreamscape.r42	-	50000000	1	487417088	3	468
v-aery_dreamscape.r43	-	50000000	1	0	4	0
v-aery_dreamscape.r44	-	50000000	1	50000000	4	48
v-aery_dreamscape.r45	-	50000000	1	100000000	4	96
v-aery_dreamscape.r46	-	50000000	1	150000000	4	144
v-aery_dreamscape.r47	-	50000000	1	200000000	4	192
v-aery_dreamscape.r48	-	50000000	1	250000000	4	240
v-aery_dreamscape.r49	-	50000000	1	300000000	4	288
v-aery_dreamscape.r50	-	50000000	1	350000000	4	336
v-aery_dreamscape.r51	-	50000000	1	400000000	4	384
v-aery_dreamscape.r52	-	50000000	1	450000000	4	432
v-aery_dreamscape.r53	-	50000000	1	500000000	4	480
v-aery_dreamscape.r54	-	50000000	1	12251264	5	12
v-aery_dreamscape.r55	-	50000000	1	62251264	5	60
v-aery_dreamscape.r56	-	50000000	1	112251264	5	108
v-aery_dreamscape.r57	-	50000000	1	162251264	5	156
v-aery_dreamscape.r58	-	50000000	1	212251264	5	204
v-aery_dreamscape.r59	-	50000000	1	262251264	5	252
v-aery_dreamscape.r60	-	50000000	1	312251264	5	300
v-aery_dreamscape.r61	-	50000000	1	362251264	5	348
v-aery_dreamscape.r62	-	50000000	1	412251264	5	396
v-aery_dreamscape.r63	-	50000000	1	462251264	5	444
v-aery_dreamscape.r64	-	50000000	1	512251264	5	492
v-aery_dreamscape.r65	-	50000000	1	24834176	6	24
v-aery_dreamscape.r66	-	50000000	1	74834176	6	72
v-aery_dreamscape.r67	-	50000000	1	124834176	6	120
v-aery_dreamscape.r68	-	50000000	1	174834176	6	168
v-aery_dreamscape.r69	-	50000000	1	224834176	6	216
v-aery_dreamscape.r70	-	50000000	1	274834176	6	264
v-aery_dreamscape.r71	-	50000000	1	324834176	6	312
v-aery_dreamscape.r72	-	50000000	1	374834176	6	360
v-aery_dreamscape.r73	-	50000000	1	424834176	6	408
v-aery_dreamscape.r74	-	50000000	1	474834176	6	456
v-aery_dreamscape.r75	-	50000000	1	524834176	6	504
v-aery_dreamscape.r76	-	50000000	1	37417088	7	36
v-aery_dreamscape.r77	-	50000000	1	87417088	7	84
v-aery_dreamscape.r78	-	50000000	1	137417088	7	132
v-aery_dreamscape.r79	-	50000000	1	187417088	7	180
v-aery_dreamscape.r80	-	50000000	1	237417088	7	228
v-aery_dreamscape.r81	-	50000000	1	287417088	7	276
v-aery_dreamscape.r82	-	50000000	1	337417088	7	324
v-aery_dreamscape.r83	-	8148172	1	387417088	7	372
v-aery_dreamscape.rar	-	50000000	1	395565260	7	380
v-aery_dreamscape.sfv	-	2720	1	445565260	7	428
