n-pokemonscarlet.nfo	-	6001	1	0	0	0
n-pokemonscarlet.r00	-	150000000	1	6001	0	1
n-pokemonscarlet.r01	-	150000000	1	150006001	0	145
n-pokemonscarlet.r02	-	150000000	1	300006001	0	289
n-pokemonscarlet.r03	-	150000000	1	450006001	0	433
n-pokemonscarlet.r04	-	150000000	1	62968192	1	61
n-pokemonscarlet.r05	-	150000000	1	212968192	1	205
n-pokemonscarlet.r06	-	150000000	1	362968192	1	349
n-pokemonscarlet.r07	-	150000000	1	512968192	1	493
n-pokemonscarlet.r08	-	150000000	1	125882752	2	121
n-pokemonscarlet.r09	-	150000000	1	275882752	2	265
n-pokemonscarlet.r10	-	150000000	1	425882752	2	409
n-pokemonscarlet.r11	-	150000000	1	38850944	3	38
n-pokemonscarlet.r12	-	150000000	1	188850944	3	182
n-pokemonscarlet.r13	-	150000000	1	338850944	3	326
n-pokemonscarlet.r14	-	150000000	1	488850944	3	470
n-pokemonscarlet.r15	-	150000000	1	101765504	4	98
n-pokemonscarlet.r16	-	150000000	1	251765504	4	242
n-pokemonscarlet.r17	-	150000000	1	401765504	4	386
n-pokemonscarlet.r18	-	150000000	1	14733696	5	15
n-pokemonscarlet.r19	-	150000000	1	164733696	5	159
n-pokemonscarlet.r20	-	150000000	1	314733696	5	303
n-pokemonscarlet.r21	-	150000000	1	464733696	5	447
n-pokemonscarlet.r22	-	150000000	1	77648256	6	75
n-pokemonscarlet.r23	-	150000000	1	227648256	6	219
n-pokemonscarlet.r24	-	150000000	1	377648256	6	363
n-pokemonscarlet.r25	-	150000000	1	527648256	6	507
n-pokemonscarlet.r26	-	150000000	1	140562816	7	135
n-pokemonscarlet.r27	-	150000000	1	290562816	7	279
n-pokemonscarlet.r28	-	150000000	1	440562816	7	423
n-pokemonscarlet.r29	-	150000000	1	53531008	8	52
n-pokemonscarlet.r30	-	150000000	1	203531008	8	196
n-pokemonscarlet.r31	-	150000000	1	353531008	8	340
n-pokemonscarlet.r32	-	150000000	1	503531008	8	484
n-pokemonscarlet.r33	-	150000000	1	116445568	9	112
n-pokemonscarlet.r34	-	150000000	1	266445568	9	256
n-pokemonscarlet.r35	-	150000000	1	416445568	9	400
n-pokemonscarlet.r36	-	150000000	1	29413760	10	29
n-pokemonscarlet.r37	-	150000000	1	179413760	10	173
n-pokemonscarlet.r38	-	150000000	1	329413760	10	317
n-pokemonscarlet.r39	-	150000000	1	479413760	10	461
n-pokemonscarlet.r40	-	150000000	1	92328320	11	89
n-pokemonscarlet.r41	-	150000000	1	242328320	11	233
n-pokemonscarlet.r42	-	150000000	1	392328320	11	377
n-pokemonscarlet.r43	-	150000000	1	5296512	12	6
n-pokemonscarlet.r44	-	150000000	1	155296512	12	150
n-pokemonscarlet.r45	-	150000000	1	305296512	12	294
n-pokemonscarlet.r46	-	33207444	1	455296512	12	438
n-pokemonscarlet.rar	-	150000000	1	488503956	12	470
n-pokemonscarlet.sfv	-	1488	1	100716928	13	97
Proof	d	0	1	100718416	13	98
Proof/n-pokemonscarlet.jpg	-	1962572	1	100718416	13	98
