sxs-crosscode_v524288.nfo	-	6836	1	0	0	0
sxs-crosscode_v524288.r00	-	50000000	1	6836	0	1
sxs-crosscode_v524288.r01	-	50000000	1	50006836	0	49
sxs-crosscode_v524288.r02	-	50000000	1	100006836	0	97
sxs-crosscode_v524288.r03	-	50000000	1	150006836	0	145
sxs-crosscode_v524288.r04	-	50000000	1	200006836	0	193
sxs-crosscode_v524288.r05	-	50000000	1	250006836	0	241
sxs-crosscode_v524288.r06	-	50000000	1	300006836	0	289
sxs-crosscode_v524288.r07	-	50000000	1	350006836	0	337
sxs-crosscode_v524288.r08	-	50000000	1	400006836	0	385
sxs-crosscode_v524288.r09	-	50000000	1	450006836	0	433
sxs-crosscode_v524288.r10	-	50000000	1	500006836	0	481
sxs-crosscode_v524288.r11	-	50000000	1	12251264	1	12
sxs-crosscode_v524288.r12	-	50000000	1	62251264	1	60
sxs-crosscode_v524288.r13	-	50000000	1	112251264	1	108
sxs-crosscode_v524288.r14	-	50000000	1	162251264	1	156
sxs-crosscode_v524288.r15	-	50000000	1	212251264	1	204
sxs-crosscode_v524288.r16	-	50000000	1	262251264	1	252
sxs-crosscode_v524288.r17	-	50000000	1	312251264	1	300
sxs-crosscode_v524288.r18	-	50000000	1	362251264	1	348
sxs-crosscode_v524288.r19	-	50000000	1	412251264	1	396
sxs-crosscode_v524288.r20	-	50000000	1	462251264	1	444
sxs-crosscode_v524288.r21	-	50000000	1	512251264	1	492
sxs-crosscode_v524288.r22	-	50000000	1	24834176	2	24
sxs-crosscode_v524288.r23	-	50000000	1	74834176	2	72
sxs-crosscode_v524288.r24	-	50000000	1	124834176	2	120
sxs-crosscode_v524288.r25	-	50000000	1	174834176	2	168
sxs-crosscode_v524288.r26	-	50000000	1	224834176	2	216
sxs-crosscode_v524288.r27	-	50000000	1	274834176	2	264
sxs-crosscode_v524288.r28	-	50000000	1	324834176	2	312
sxs-crosscode_v524288.r29	-	50000000	1	374834176	2	360
sxs-crosscode_v524288.r30	-	50000000	1	424834176	2	408
sxs-crosscode_v524288.r31	-	6175996	1	474834176	2	456
sxs-crosscode_v524288.rar	-	50000000	1	481010172	2	462
sxs-crosscode_v524288.sfv	-	1188	1	531010172	2	510
