lfc-ciel_v65536.nfo	-	6884	1	0	0	0
lfc-ciel_v65536.r00	-	50000000	1	6884	0	1
lfc-ciel_v65536.r01	-	50000000	1	50006884	0	49
lfc-ciel_v65536.r02	-	50000000	1	100006884	0	97
lfc-ciel_v65536.r03	-	50000000	1	150006884	0	145
lfc-ciel_v65536.r04	-	50000000	1	200006884	0	193
lfc-ciel_v65536.r05	-	50000000	1	250006884	0	241
lfc-ciel_v65536.r06	-	50000000	1	300006884	0	289
lfc-ciel_v65536.r07	-	50000000	1	350006884	0	337
lfc-ciel_v65536.r08	-	50000000	1	400006884	0	385
lfc-ciel_v65536.r09	-	50000000	1	450006884	0	433
lfc-ciel_v65536.r10	-	50000000	1	500006884	0	481
lfc-ciel_v65536.r11	-	50000000	1	12251264	1	12
lfc-ciel_v65536.r12	-	50000000	1	62251264	1	60
lfc-ciel_v65536.r13	-	50000000	1	112251264	1	108
lfc-ciel_v65536.r14	-	50000000	1	162251264	1	156
lfc-ciel_v65536.r15	-	50000000	1	212251264	1	204
lfc-ciel_v65536.r16	-	50000000	1	262251264	1	252
lfc-ciel_v65536.r17	-	50000000	1	312251264	1	300
lfc-ciel_v65536.r18	-	23560990	1	362251264	1	348
lfc-ciel_v65536.rar	-	50000000	1	385812254	1	371
lfc-ciel_v65536.sfv	-	600	1	435812254	1	419
