Proof	d	0	1	0	0	0
Proof/w-nnee.jpg	-	751333	1	0	0	0
w-nnee.nfo	-	9338	1	751333	0	1
w-nnee.r00	-	100000000	1	760671	0	2
w-nnee.r01	-	100000000	1	100760671	0	98
w-nnee.r02	-	100000000	1	200760671	0	194
w-nnee.r03	-	100000000	1	300760671	0	290
w-nnee.r04	-	100000000	1	400760671	0	386
w-nnee.r05	-	100000000	1	500760671	0	482
w-nnee.r06	-	100000000	1	63299840	1	61
w-nnee.r07	-	100000000	1	163299840	1	157
w-nnee.r08	-	100000000	1	263299840	1	253
w-nnee.r09	-	100000000	1	363299840	1	349
w-nnee.r10	-	100000000	1	463299840	1	445
w-nnee.r11	-	100000000	1	25551104	2	25
w-nnee.r12	-	100000000	1	125551104	2	121
w-nnee.r13	-	100000000	1	225551104	2	217
w-nnee.r14	-	100000000	1	325551104	2	313
w-nnee.r15	-	100000000	1	425551104	2	409
w-nnee.r16	-	100000000	1	525551104	2	505
w-nnee.r17	-	100000000	1	88465664	3	85
w-nnee.r18	-	100000000	1	188465664	3	181
w-nnee.r19	-	100000000	1	288465664	3	277
w-nnee.r20	-	100000000	1	388465664	3	373
w-nnee.r21	-	100000000	1	488465664	3	469
w-nnee.r22	-	100000000	1	50716928	4	49
w-nnee.r23	-	100000000	1	150716928	4	145
w-nnee.r24	-	100000000	1	250716928	4	241
w-nnee.r25	-	100000000	1	350716928	4	337
w-nnee.r26	-	100000000	1	450716928	4	433
w-nnee.r27	-	100000000	1	12968192	5	13
w-nnee.r28	-	100000000	1	112968192	5	109
w-nnee.r29	-	100000000	1	212968192	5	205
w-nnee.r30	-	100000000	1	312968192	5	301
w-nnee.r31	-	100000000	1	412968192	5	397
w-nnee.r32	-	100000000	1	512968192	5	493
w-nnee.r33	-	100000000	1	75882752	6	73
w-nnee.r34	-	100000000	1	175882752	6	169
w-nnee.r35	-	100000000	1	275882752	6	265
w-nnee.r36	-	100000000	1	375882752	6	361
w-nnee.r37	-	100000000	1	475882752	6	457
w-nnee.r38	-	100000000	1	38134016	7	37
w-nnee.r39	-	100000000	1	138134016	7	133
w-nnee.r40	-	100000000	1	238134016	7	229
w-nnee.r41	-	100000000	1	338134016	7	325
w-nnee.r42	-	100000000	1	438134016	7	421
w-nnee.r43	-	100000000	1	385280	8	1
w-nnee.r44	-	100000000	1	100385280	8	97
w-nnee.r45	-	100000000	1	200385280	8	193
w-nnee.r46	-	100000000	1	300385280	8	289
w-nnee.r47	-	100000000	1	400385280	8	385
w-nnee.r48	-	100000000	1	500385280	8	481
w-nnee.r49	-	100000000	1	63299840	9	61
w-nnee.r50	-	100000000	1	163299840	9	157
w-nnee.r51	-	100000000	1	263299840	9	253
w-nnee.r52	-	100000000	1	363299840	9	349
w-nnee.r53	-	88600344	1	463299840	9	445
w-nnee.rar	-	100000000	1	14151448	10	14
w-nnee.sfv	-	1155	1	114151448	10	110
