brw-sera_v131072.nfo	-	7025	1	0	0	0
brw-sera_v131072.r00	-	50000000	1	7025	0	1
brw-sera_v131072.r01	-	50000000	1	50007025	0	49
brw-sera_v131072.r02	-	50000000	1	100007025	0	97
brw-sera_v131072.r03	-	50000000	1	150007025	0	145
brw-sera_v131072.r04	-	50000000	1	200007025	0	193
brw-sera_v131072.r05	-	50000000	1	250007025	0	241
brw-sera_v131072.r06	-	50000000	1	300007025	0	289
brw-sera_v131072.r07	-	50000000	1	350007025	0	337
brw-sera_v131072.r08	-	50000000	1	400007025	0	385
brw-sera_v131072.r09	-	50000000	1	450007025	0	433
brw-sera_v131072.r10	-	50000000	1	500007025	0	481
brw-sera_v131072.r11	-	50000000	1	12251264	1	12
brw-sera_v131072.r12	-	50000000	1	62251264	1	60
brw-sera_v131072.r13	-	50000000	1	112251264	1	108
brw-sera_v131072.r14	-	50000000	1	162251264	1	156
brw-sera_v131072.r15	-	50000000	1	212251264	1	204
brw-sera_v131072.r16	-	50000000	1	262251264	1	252
brw-sera_v131072.r17	-	50000000	1	312251264	1	300
brw-sera_v131072.r18	-	50000000	1	362251264	1	348
brw-sera_v131072.r19	-	50000000	1	412251264	1	396
brw-sera_v131072.r20	-	50000000	1	462251264	1	444
brw-sera_v131072.r21	-	50000000	1	512251264	1	492
brw-sera_v131072.r22	-	50000000	1	24834176	2	24
brw-sera_v131072.r23	-	50000000	1	74834176	2	72
brw-sera_v131072.r24	-	50000000	1	124834176	2	120
brw-sera_v131072.r25	-	50000000	1	174834176	2	168
brw-sera_v131072.r26	-	50000000	1	224834176	2	216
brw-sera_v131072.r27	-	50000000	1	274834176	2	264
brw-sera_v131072.r28	-	50000000	1	324834176	2	312
brw-sera_v131072.r29	-	50000000	1	374834176	2	360
brw-sera_v131072.r30	-	50000000	1	424834176	2	408
brw-sera_v131072.r31	-	50000000	1	474834176	2	456
brw-sera_v131072.r32	-	50000000	1	524834176	2	504
brw-sera_v131072.r33	-	50000000	1	37417088	3	36
brw-sera_v131072.r34	-	50000000	1	87417088	3	84
brw-sera_v131072.r35	-	50000000	1	137417088	3	132
brw-sera_v131072.r36	-	50000000	1	187417088	3	180
brw-sera_v131072.r37	-	50000000	1	237417088	3	228
brw-sera_v131072.r38	-	50000000	1	287417088	3	276
brw-sera_v131072.r39	-	50000000	1	337417088	3	324
brw-sera_v131072.r40	-	50000000	1	387417088	3	372
brw-sera_v131072.r41	-	50000000	1	437417088	3	420
brw-sera_v131072.r42	-	50000000	1	487417088	3	468
brw-sera_v131072.r43	-	50000000	1	0	4	0
brw-sera_v131072.r44	-	50000000	1	50000000	4	48
brw-sera_v131072.r45	-	50000000	1	100000000	4	96
brw-sera_v131072.r46	-	50000000	1	150000000	4	144
brw-sera_v131072.r47	-	50000000	1	200000000	4	192
brw-sera_v131072.r48	-	50000000	1	250000000	4	240
brw-sera_v131072.r49	-	50000000	1	300000000	4	288
brw-sera_v131072.r50	-	50000000	1	350000000	4	336
brw-sera_v131072.r51	-	50000000	1	400000000	4	384
brw-sera_v131072.r52	-	50000000	1	450000000	4	432
brw-sera_v131072.r53	-	50000000	1	500000000	4	480
brw-sera_v131072.r54	-	50000000	1	12251264	5	12
brw-sera_v131072.r55	-	50000000	1	62251264	5	60
brw-sera_v131072.r56	-	50000000	1	112251264	5	108
brw-sera_v131072.r57	-	50000000	1	162251264	5	156
brw-sera_v131072.r58	-	50000000	1	212251264	5	204
brw-sera_v131072.r59	-	50000000	1	262251264	5	252
brw-sera_v131072.r60	-	50000000	1	312251264	5	300
brw-sera_v131072.r61	-	50000000	1	362251264	5	348
brw-sera_v131072.r62	-	50000000	1	412251264	5	396
brw-sera_v131072.r63	-	50000000	1	462251264	5	444
brw-sera_v131072.r64	-	50000000	1	512251264	5	492
brw-sera_v131072.r65	-	50000000	1	24834176	6	24
brw-sera_v131072.r66	-	50000000	1	74834176	6	72
brw-sera_v131072.r67	-	48333703	1	124834176	6	120
brw-sera_v131072.rar	-	50000000	1	173167879	6	167
brw-sera_v131072.sfv	-	2139	1	223167879	6	215
