hr-ayyvav458752.nfo	-	43404	1	0	0	0
hr-ayyvav458752.r00	-	50000000	1	43404	0	1
hr-ayyvav458752.r01	-	50000000	1	50043404	0	49
hr-ayyvav458752.r02	-	50000000	1	100043404	0	97
hr-ayyvav458752.r03	-	50000000	1	150043404	0	145
hr-ayyvav458752.r04	-	50000000	1	200043404	0	193
hr-ayyvav458752.r05	-	50000000	1	250043404	0	241
hr-ayyvav458752.r06	-	50000000	1	300043404	0	289
hr-ayyvav458752.r07	-	50000000	1	350043404	0	337
hr-ayyvav458752.r08	-	50000000	1	400043404	0	385
hr-ayyvav458752.r09	-	50000000	1	450043404	0	433
hr-ayyvav458752.r10	-	50000000	1	500043404	0	481
hr-ayyvav458752.r11	-	50000000	1	12251264	1	12
hr-ayyvav458752.r12	-	50000000	1	62251264	1	60
hr-ayyvav458752.r13	-	50000000	1	112251264	1	108
hr-ayyvav458752.r14	-	50000000	1	162251264	1	156
hr-ayyvav458752.r15	-	50000000	1	212251264	1	204
hr-ayyvav458752.r16	-	50000000	1	262251264	1	252
hr-ayyvav458752.r17	-	22657897	1	312251264	1	300
hr-ayyvav458752.rar	-	50000000	1	334909161	1	322
hr-ayyvav458752.sfv	-	570	1	384909161	1	370
