v-ffd21_v131072.nfo	-	5044	1	0	0	0
v-ffd21_v131072.r00	-	50000000	1	5044	0	1
v-ffd21_v131072.r01	-	50000000	1	50005044	0	49
v-ffd21_v131072.r02	-	50000000	1	100005044	0	97
v-ffd21_v131072.r03	-	50000000	1	150005044	0	145
v-ffd21_v131072.r04	-	50000000	1	200005044	0	193
v-ffd21_v131072.r05	-	50000000	1	250005044	0	241
v-ffd21_v131072.r06	-	50000000	1	300005044	0	289
v-ffd21_v131072.r07	-	50000000	1	350005044	0	337
v-ffd21_v131072.r08	-	50000000	1	400005044	0	385
v-ffd21_v131072.r09	-	50000000	1	450005044	0	433
v-ffd21_v131072.r10	-	50000000	1	500005044	0	481
v-ffd21_v131072.r11	-	50000000	1	12251264	1	12
v-ffd21_v131072.r12	-	50000000	1	62251264	1	60
v-ffd21_v131072.r13	-	50000000	1	112251264	1	108
v-ffd21_v131072.r14	-	50000000	1	162251264	1	156
v-ffd21_v131072.r15	-	50000000	1	212251264	1	204
v-ffd21_v131072.r16	-	50000000	1	262251264	1	252
v-ffd21_v131072.r17	-	50000000	1	312251264	1	300
v-ffd21_v131072.r18	-	50000000	1	362251264	1	348
v-ffd21_v131072.r19	-	50000000	1	412251264	1	396
v-ffd21_v131072.r20	-	50000000	1	462251264	1	444
v-ffd21_v131072.r21	-	50000000	1	512251264	1	492
v-ffd21_v131072.r22	-	50000000	1	24834176	2	24
v-ffd21_v131072.r23	-	50000000	1	74834176	2	72
v-ffd21_v131072.r24	-	50000000	1	124834176	2	120
v-ffd21_v131072.r25	-	50000000	1	174834176	2	168
v-ffd21_v131072.r26	-	50000000	1	224834176	2	216
v-ffd21_v131072.r27	-	50000000	1	274834176	2	264
v-ffd21_v131072.r28	-	50000000	1	324834176	2	312
v-ffd21_v131072.r29	-	50000000	1	374834176	2	360
v-ffd21_v131072.r30	-	50000000	1	424834176	2	408
v-ffd21_v131072.r31	-	50000000	1	474834176	2	456
v-ffd21_v131072.r32	-	50000000	1	524834176	2	504
v-ffd21_v131072.r33	-	50000000	1	37417088	3	36
v-ffd21_v131072.r34	-	42680744	1	87417088	3	84
v-ffd21_v131072.rar	-	50000000	1	130097832	3	125
v-ffd21_v131072.sfv	-	1080	1	180097832	3	173
