hr-au3ga.nfo	-	20150	1	0	0	0
hr-au3ga.r00	-	100000000	1	20150	0	1
hr-au3ga.r01	-	100000000	1	100020150	0	97
hr-au3ga.r02	-	100000000	1	200020150	0	193
hr-au3ga.r03	-	100000000	1	300020150	0	289
hr-au3ga.r04	-	100000000	1	400020150	0	385
hr-au3ga.r05	-	100000000	1	500020150	0	481
hr-au3ga.r06	-	100000000	1	62251264	1	60
hr-au3ga.r07	-	100000000	1	162251264	1	156
hr-au3ga.r08	-	100000000	1	262251264	1	252
hr-au3ga.r09	-	100000000	1	362251264	1	348
hr-au3ga.r10	-	100000000	1	462251264	1	444
hr-au3ga.r11	-	100000000	1	24502528	2	24
hr-au3ga.r12	-	100000000	1	124502528	2	120
hr-au3ga.r13	-	100000000	1	224502528	2	216
hr-au3ga.r14	-	100000000	1	324502528	2	312
hr-au3ga.r15	-	100000000	1	424502528	2	408
hr-au3ga.r16	-	100000000	1	524502528	2	504
hr-au3ga.r17	-	100000000	1	87417088	3	84
hr-au3ga.r18	-	100000000	1	187417088	3	180
hr-au3ga.r19	-	100000000	1	287417088	3	276
hr-au3ga.r20	-	100000000	1	387417088	3	372
hr-au3ga.r21	-	100000000	1	487417088	3	468
hr-au3ga.r22	-	100000000	1	49668352	4	48
hr-au3ga.r23	-	100000000	1	149668352	4	144
hr-au3ga.r24	-	100000000	1	249668352	4	240
hr-au3ga.r25	-	100000000	1	349668352	4	336
hr-au3ga.r26	-	100000000	1	449668352	4	432
hr-au3ga.r27	-	100000000	1	11919616	5	12
hr-au3ga.r28	-	100000000	1	111919616	5	108
hr-au3ga.r29	-	100000000	1	211919616	5	204
hr-au3ga.r30	-	100000000	1	311919616	5	300
hr-au3ga.r31	-	100000000	1	411919616	5	396
hr-au3ga.r32	-	100000000	1	511919616	5	492
hr-au3ga.r33	-	100000000	1	74834176	6	72
hr-au3ga.r34	-	100000000	1	174834176	6	168
hr-au3ga.r35	-	100000000	1	274834176	6	264
hr-au3ga.r36	-	100000000	1	374834176	6	360
hr-au3ga.r37	-	100000000	1	474834176	6	456
hr-au3ga.r38	-	100000000	1	37085440	7	36
hr-au3ga.r39	-	100000000	1	137085440	7	132
hr-au3ga.r40	-	100000000	1	237085440	7	228
hr-au3ga.r41	-	100000000	1	337085440	7	324
hr-au3ga.r42	-	100000000	1	437085440	7	420
hr-au3ga.r43	-	100000000	1	0	8	0
hr-au3ga.r44	-	100000000	1	100000000	8	96
hr-au3ga.r45	-	100000000	1	200000000	8	192
hr-au3ga.r46	-	100000000	1	300000000	8	288
hr-au3ga.r47	-	100000000	1	400000000	8	384
hr-au3ga.r48	-	100000000	1	500000000	8	480
hr-au3ga.r49	-	100000000	1	62251264	9	60
hr-au3ga.r50	-	100000000	1	162251264	9	156
hr-au3ga.r51	-	100000000	1	262251264	9	252
hr-au3ga.r52	-	100000000	1	362251264	9	348
hr-au3ga.r53	-	100000000	1	462251264	9	444
hr-au3ga.r54	-	100000000	1	24502528	10	24
hr-au3ga.r55	-	100000000	1	124502528	10	120
hr-au3ga.r56	-	100000000	1	224502528	10	216
hr-au3ga.r57	-	100000000	1	324502528	10	312
hr-au3ga.r58	-	100000000	1	424502528	10	408
hr-au3ga.r59	-	100000000	1	524502528	10	504
hr-au3ga.r60	-	100000000	1	87417088	11	84
hr-au3ga.r61	-	100000000	1	187417088	11	180
hr-au3ga.r62	-	100000000	1	287417088	11	276
hr-au3ga.r63	-	100000000	1	387417088	11	372
hr-au3ga.r64	-	100000000	1	487417088	11	468
hr-au3ga.r65	-	100000000	1	49668352	12	48
hr-au3ga.r66	-	100000000	1	149668352	12	144
hr-au3ga.r67	-	100000000	1	249668352	12	240
hr-au3ga.r68	-	60366424	1	349668352	12	336
hr-au3ga.rar	-	100000000	1	410034776	12	394
hr-au3ga.sfv	-	1610	1	510034776	12	490
Proof	d	0	1	510036386	12	491
Proof/hr-au3ga.jpg	-	121142	1	510036386	12	491
