lfc-mosaic.nfo	-	4142	1	0	0	0
lfc-mosaic.r00	-	100000000	1	4142	0	1
lfc-mosaic.r01	-	100000000	1	100004142	0	97
lfc-mosaic.r02	-	100000000	1	200004142	0	193
lfc-mosaic.r03	-	100000000	1	300004142	0	289
lfc-mosaic.r04	-	100000000	1	400004142	0	385
lfc-mosaic.r05	-	100000000	1	500004142	0	481
lfc-mosaic.r06	-	100000000	1	62251264	1	60
lfc-mosaic.r07	-	100000000	1	162251264	1	156
lfc-mosaic.r08	-	100000000	1	262251264	1	252
lfc-mosaic.r09	-	100000000	1	362251264	1	348
lfc-mosaic.r10	-	100000000	1	462251264	1	444
lfc-mosaic.r11	-	100000000	1	24502528	2	24
lfc-mosaic.r12	-	100000000	1	124502528	2	120
lfc-mosaic.r13	-	100000000	1	224502528	2	216
lfc-mosaic.r14	-	100000000	1	324502528	2	312
lfc-mosaic.r15	-	100000000	1	424502528	2	408
lfc-mosaic.r16	-	100000000	1	524502528	2	504
lfc-mosaic.r17	-	100000000	1	87417088	3	84
lfc-mosaic.r18	-	100000000	1	187417088	3	180
lfc-mosaic.r19	-	5269267	1	287417088	3	276
lfc-mosaic.rar	-	100000000	1	292686355	3	282
lfc-mosaic.sfv	-	525	1	392686355	3	378
