l-lltfh.nfo	-	1271	1	0	0	0
l-lltfh.r00	-	50000000	1	1271	0	1
l-lltfh.r01	-	50000000	1	50001271	0	49
l-lltfh.r02	-	50000000	1	100001271	0	97
l-lltfh.r03	-	50000000	1	150001271	0	145
l-lltfh.r04	-	50000000	1	200001271	0	193
l-lltfh.r05	-	50000000	1	250001271	0	241
l-lltfh.r06	-	50000000	1	300001271	0	289
l-lltfh.r07	-	50000000	1	350001271	0	337
l-lltfh.r08	-	50000000	1	400001271	0	385
l-lltfh.r09	-	50000000	1	450001271	0	433
l-lltfh.r10	-	50000000	1	500001271	0	481
l-lltfh.r11	-	50000000	1	12251264	1	12
l-lltfh.r12	-	50000000	1	62251264	1	60
l-lltfh.r13	-	50000000	1	112251264	1	108
l-lltfh.r14	-	50000000	1	162251264	1	156
l-lltfh.r15	-	50000000	1	212251264	1	204
l-lltfh.r16	-	50000000	1	262251264	1	252
l-lltfh.r17	-	50000000	1	312251264	1	300
l-lltfh.r18	-	50000000	1	362251264	1	348
l-lltfh.r19	-	50000000	1	412251264	1	396
l-lltfh.r20	-	50000000	1	462251264	1	444
l-lltfh.r21	-	50000000	1	512251264	1	492
l-lltfh.r22	-	50000000	1	24834176	2	24
l-lltfh.r23	-	50000000	1	74834176	2	72
l-lltfh.r24	-	50000000	1	124834176	2	120
l-lltfh.r25	-	50000000	1	174834176	2	168
l-lltfh.r26	-	50000000	1	224834176	2	216
l-lltfh.r27	-	50000000	1	274834176	2	264
l-lltfh.r28	-	50000000	1	324834176	2	312
l-lltfh.r29	-	50000000	1	374834176	2	360
l-lltfh.r30	-	50000000	1	424834176	2	408
l-lltfh.r31	-	11007491	1	474834176	2	456
l-lltfh.rar	-	50000000	1	485841667	2	467
l-lltfh.sfv	-	726	1	535841667	2	515
