v-astroneer_v262144.nfo	-	5980	1	0	0	0
v-astroneer_v262144.r00	-	50000000	1	5980	0	1
v-astroneer_v262144.r01	-	50000000	1	50005980	0	49
v-astroneer_v262144.r02	-	50000000	1	100005980	0	97
v-astroneer_v262144.r03	-	50000000	1	150005980	0	145
v-astroneer_v262144.r04	-	50000000	1	200005980	0	193
v-astroneer_v262144.r05	-	50000000	1	250005980	0	241
v-astroneer_v262144.r06	-	50000000	1	300005980	0	289
v-astroneer_v262144.r07	-	50000000	1	350005980	0	337
v-astroneer_v262144.r08	-	50000000	1	400005980	0	385
v-astroneer_v262144.r09	-	50000000	1	450005980	0	433
v-astroneer_v262144.r10	-	50000000	1	500005980	0	481
v-astroneer_v262144.r11	-	50000000	1	12251264	1	12
v-astroneer_v262144.r12	-	50000000	1	62251264	1	60
v-astroneer_v262144.r13	-	50000000	1	112251264	1	108
v-astroneer_v262144.r14	-	50000000	1	162251264	1	156
v-astroneer_v262144.r15	-	3705503	1	212251264	1	204
v-astroneer_v262144.rar	-	50000000	1	215956767	1	208
v-astroneer_v262144.sfv	-	578	1	265956767	1	256
