n-tropico6_v65536.nfo	-	248	1	0	0	0
n-tropico6_v65536.r00	-	100000000	1	248	0	1
n-tropico6_v65536.r01	-	100000000	1	100000248	0	97
n-tropico6_v65536.r02	-	100000000	1	200000248	0	193
n-tropico6_v65536.r03	-	100000000	1	300000248	0	289
n-tropico6_v65536.r04	-	100000000	1	400000248	0	385
n-tropico6_v65536.r05	-	100000000	1	500000248	0	481
n-tropico6_v65536.r06	-	100000000	1	62251264	1	60
n-tropico6_v65536.r07	-	100000000	1	162251264	1	156
n-tropico6_v65536.r08	-	100000000	1	262251264	1	252
n-tropico6_v65536.r09	-	100000000	1	362251264	1	348
n-tropico6_v65536.r10	-	100000000	1	462251264	1	444
n-tropico6_v65536.r11	-	100000000	1	24502528	2	24
n-tropico6_v65536.r12	-	100000000	1	124502528	2	120
n-tropico6_v65536.r13	-	100000000	1	224502528	2	216
n-tropico6_v65536.r14	-	100000000	1	324502528	2	312
n-tropico6_v65536.r15	-	100000000	1	424502528	2	408
n-tropico6_v65536.r16	-	100000000	1	524502528	2	504
n-tropico6_v65536.r17	-	100000000	1	87417088	3	84
n-tropico6_v65536.r18	-	100000000	1	187417088	3	180
n-tropico6_v65536.r19	-	57255926	1	287417088	3	276
n-tropico6_v65536.rar	-	100000000	1	344673014	3	331
n-tropico6_v65536.sfv	-	672	1	444673014	3	427
