v-fuze4_v393216.nfo	-	3874	1	0	0	0
v-fuze4_v393216.r00	-	50000000	1	3874	0	1
v-fuze4_v393216.r01	-	50000000	1	50003874	0	49
v-fuze4_v393216.r02	-	50000000	1	100003874	0	97
v-fuze4_v393216.r03	-	50000000	1	150003874	0	145
v-fuze4_v393216.r04	-	50000000	1	200003874	0	193
v-fuze4_v393216.r05	-	50000000	1	250003874	0	241
v-fuze4_v393216.r06	-	50000000	1	300003874	0	289
v-fuze4_v393216.r07	-	50000000	1	350003874	0	337
v-fuze4_v393216.r08	-	50000000	1	400003874	0	385
v-fuze4_v393216.r09	-	50000000	1	450003874	0	433
v-fuze4_v393216.r10	-	50000000	1	500003874	0	481
v-fuze4_v393216.r11	-	50000000	1	12251264	1	12
v-fuze4_v393216.r12	-	50000000	1	62251264	1	60
v-fuze4_v393216.r13	-	50000000	1	112251264	1	108
v-fuze4_v393216.r14	-	10727570	1	162251264	1	156
v-fuze4_v393216.rar	-	50000000	1	172978834	1	167
v-fuze4_v393216.sfv	-	480	1	222978834	1	215
