w-headspun.nfo	-	9338	1	0	0	0
w-headspun.r00	-	100000000	1	9338	0	1
w-headspun.r01	-	100000000	1	100009338	0	97
w-headspun.r02	-	100000000	1	200009338	0	193
w-headspun.r03	-	100000000	1	300009338	0	289
w-headspun.r04	-	100000000	1	400009338	0	385
w-headspun.r05	-	100000000	1	500009338	0	481
w-headspun.r06	-	100000000	1	62251264	1	60
w-headspun.r07	-	100000000	1	162251264	1	156
w-headspun.r08	-	100000000	1	262251264	1	252
w-headspun.r09	-	100000000	1	362251264	1	348
w-headspun.r10	-	100000000	1	462251264	1	444
w-headspun.r11	-	100000000	1	24502528	2	24
w-headspun.r12	-	100000000	1	124502528	2	120
w-headspun.r13	-	100000000	1	224502528	2	216
w-headspun.r14	-	100000000	1	324502528	2	312
w-headspun.r15	-	100000000	1	424502528	2	408
w-headspun.r16	-	100000000	1	524502528	2	504
w-headspun.r17	-	100000000	1	87417088	3	84
w-headspun.r18	-	100000000	1	187417088	3	180
w-headspun.r19	-	100000000	1	287417088	3	276
w-headspun.r20	-	100000000	1	387417088	3	372
w-headspun.r21	-	100000000	1	487417088	3	468
w-headspun.r22	-	100000000	1	49668352	4	48
w-headspun.r23	-	100000000	1	149668352	4	144
w-headspun.r24	-	100000000	1	249668352	4	240
w-headspun.r25	-	100000000	1	349668352	4	336
w-headspun.r26	-	100000000	1	449668352	4	432
w-headspun.r27	-	100000000	1	11919616	5	12
w-headspun.r28	-	100000000	1	111919616	5	108
w-headspun.r29	-	100000000	1	211919616	5	204
w-headspun.r30	-	100000000	1	311919616	5	300
w-headspun.r31	-	100000000	1	411919616	5	396
w-headspun.r32	-	100000000	1	511919616	5	492
w-headspun.r33	-	100000000	1	74834176	6	72
w-headspun.r34	-	100000000	1	174834176	6	168
w-headspun.r35	-	100000000	1	274834176	6	264
w-headspun.r36	-	100000000	1	374834176	6	360
w-headspun.r37	-	100000000	1	474834176	6	456
w-headspun.r38	-	100000000	1	37085440	7	36
w-headspun.r39	-	100000000	1	137085440	7	132
w-headspun.r40	-	100000000	1	237085440	7	228
w-headspun.r41	-	100000000	1	337085440	7	324
w-headspun.r42	-	100000000	1	437085440	7	420
w-headspun.r43	-	100000000	1	0	8	0
w-headspun.r44	-	100000000	1	100000000	8	96
w-headspun.r45	-	100000000	1	200000000	8	192
w-headspun.r46	-	44930158	1	300000000	8	288
w-headspun.rar	-	100000000	1	344930158	8	331
w-headspun.sfv	-	1200	1	444930158	8	427
