v-kunai_v196608.nfo	-	7618	1	0	0	0
v-kunai_v196608.r00	-	50000000	1	7618	0	1
v-kunai_v196608.r01	-	50000000	1	50007618	0	49
v-kunai_v196608.r02	-	50000000	1	100007618	0	97
v-kunai_v196608.r03	-	50000000	1	150007618	0	145
v-kunai_v196608.r04	-	50000000	1	200007618	0	193
v-kunai_v196608.r05	-	50000000	1	250007618	0	241
v-kunai_v196608.r06	-	50000000	1	300007618	0	289
v-kunai_v196608.r07	-	13357359	1	350007618	0	337
v-kunai_v196608.rar	-	50000000	1	363364977	0	350
v-kunai_v196608.sfv	-	270	1	413364977	0	398
