sxs-five_dates.nfo	-	5198	1	0	0	0
sxs-five_dates.r00	-	150000000	1	5198	0	1
sxs-five_dates.r01	-	150000000	1	150005198	0	145
sxs-five_dates.r02	-	150000000	1	300005198	0	289
sxs-five_dates.r03	-	150000000	1	450005198	0	433
sxs-five_dates.r04	-	150000000	1	62968192	1	61
sxs-five_dates.r05	-	150000000	1	212968192	1	205
sxs-five_dates.r06	-	150000000	1	362968192	1	349
sxs-five_dates.r07	-	150000000	1	512968192	1	493
sxs-five_dates.r08	-	150000000	1	125882752	2	121
sxs-five_dates.r09	-	150000000	1	275882752	2	265
sxs-five_dates.r10	-	150000000	1	425882752	2	409
sxs-five_dates.r11	-	150000000	1	38850944	3	38
sxs-five_dates.r12	-	150000000	1	188850944	3	182
sxs-five_dates.r13	-	150000000	1	338850944	3	326
sxs-five_dates.r14	-	150000000	1	488850944	3	470
sxs-five_dates.r15	-	150000000	1	101765504	4	98
sxs-five_dates.r16	-	150000000	1	251765504	4	242
sxs-five_dates.r17	-	150000000	1	401765504	4	386
sxs-five_dates.r18	-	150000000	1	14733696	5	15
sxs-five_dates.r19	-	150000000	1	164733696	5	159
sxs-five_dates.r20	-	150000000	1	314733696	5	303
sxs-five_dates.r21	-	150000000	1	464733696	5	447
sxs-five_dates.r22	-	150000000	1	77648256	6	75
sxs-five_dates.r23	-	150000000	1	227648256	6	219
sxs-five_dates.r24	-	150000000	1	377648256	6	363
sxs-five_dates.r25	-	150000000	1	527648256	6	507
sxs-five_dates.r26	-	150000000	1	140562816	7	135
sxs-five_dates.r27	-	150000000	1	290562816	7	279
sxs-five_dates.r28	-	150000000	1	440562816	7	423
sxs-five_dates.r29	-	150000000	1	53531008	8	52
sxs-five_dates.r30	-	150000000	1	203531008	8	196
sxs-five_dates.r31	-	150000000	1	353531008	8	340
sxs-five_dates.r32	-	150000000	1	503531008	8	484
sxs-five_dates.r33	-	150000000	1	116445568	9	112
sxs-five_dates.r34	-	150000000	1	266445568	9	256
sxs-five_dates.r35	-	150000000	1	416445568	9	400
sxs-five_dates.r36	-	150000000	1	29413760	10	29
sxs-five_dates.r37	-	150000000	1	179413760	10	173
sxs-five_dates.r38	-	150000000	1	329413760	10	317
sxs-five_dates.r39	-	150000000	1	479413760	10	461
sxs-five_dates.r40	-	150000000	1	92328320	11	89
sxs-five_dates.r41	-	150000000	1	242328320	11	233
sxs-five_dates.r42	-	150000000	1	392328320	11	377
sxs-five_dates.r43	-	150000000	1	5296512	12	6
sxs-five_dates.r44	-	150000000	1	155296512	12	150
sxs-five_dates.r45	-	150000000	1	305296512	12	294
sxs-five_dates.r46	-	150000000	1	455296512	12	438
sxs-five_dates.r47	-	150000000	1	68211072	13	66
sxs-five_dates.r48	-	150000000	1	218211072	13	210
sxs-five_dates.r49	-	150000000	1	368211072	13	354
sxs-five_dates.r50	-	150000000	1	518211072	13	498
sxs-five_dates.r51	-	150000000	1	131125632	14	126
sxs-five_dates.r52	-	150000000	1	281125632	14	270
sxs-five_dates.r53	-	150000000	1	431125632	14	414
sxs-five_dates.r54	-	150000000	1	44093824	15	43
sxs-five_dates.r55	-	150000000	1	194093824	15	187
sxs-five_dates.r56	-	150000000	1	344093824	15	331
sxs-five_dates.r57	-	150000000	1	494093824	15	475
sxs-five_dates.r58	-	150000000	1	107008384	16	103
sxs-five_dates.r59	-	150000000	1	257008384	16	247
sxs-five_dates.r60	-	150000000	1	407008384	16	391
sxs-five_dates.r61	-	150000000	1	19976576	17	20
sxs-five_dates.r62	-	150000000	1	169976576	17	164
sxs-five_dates.r63	-	150000000	1	319976576	17	308
sxs-five_dates.r64	-	150000000	1	469976576	17	452
sxs-five_dates.r65	-	150000000	1	82891136	18	80
sxs-five_dates.r66	-	150000000	1	232891136	18	224
sxs-five_dates.r67	-	150000000	1	382891136	18	368
sxs-five_dates.r68	-	150000000	1	532891136	18	512
sxs-five_dates.r69	-	150000000	1	145805696	19	140
sxs-five_dates.r70	-	150000000	1	295805696	19	284
sxs-five_dates.r71	-	150000000	1	445805696	19	428
sxs-five_dates.r72	-	150000000	1	58773888	20	57
sxs-five_dates.r73	-	150000000	1	208773888	20	201
sxs-five_dates.r74	-	106996423	1	358773888	20	345
sxs-five_dates.rar	-	150000000	1	465770311	20	448
sxs-five_dates.sfv	-	2204	1	78696832	21	76
