sxs-dont_be_afraid.nfo	-	6602	1	0	0	0
sxs-dont_be_afraid.r00	-	50000000	1	6602	0	1
sxs-dont_be_afraid.r01	-	50000000	1	50006602	0	49
sxs-dont_be_afraid.r02	-	50000000	1	100006602	0	97
sxs-dont_be_afraid.r03	-	50000000	1	150006602	0	145
sxs-dont_be_afraid.r04	-	50000000	1	200006602	0	193
sxs-dont_be_afraid.r05	-	50000000	1	250006602	0	241
sxs-dont_be_afraid.r06	-	50000000	1	300006602	0	289
sxs-dont_be_afraid.r07	-	50000000	1	350006602	0	337
sxs-dont_be_afraid.r08	-	50000000	1	400006602	0	385
sxs-dont_be_afraid.r09	-	50000000	1	450006602	0	433
sxs-dont_be_afraid.r10	-	50000000	1	500006602	0	481
sxs-dont_be_afraid.r11	-	50000000	1	12251264	1	12
sxs-dont_be_afraid.r12	-	50000000	1	62251264	1	60
sxs-dont_be_afraid.r13	-	50000000	1	112251264	1	108
sxs-dont_be_afraid.r14	-	50000000	1	162251264	1	156
sxs-dont_be_afraid.r15	-	50000000	1	212251264	1	204
sxs-dont_be_afraid.r16	-	50000000	1	262251264	1	252
sxs-dont_be_afraid.r17	-	50000000	1	312251264	1	300
sxs-dont_be_afraid.r18	-	50000000	1	362251264	1	348
sxs-dont_be_afraid.r19	-	50000000	1	412251264	1	396
sxs-dont_be_afraid.r20	-	50000000	1	462251264	1	444
sxs-dont_be_afraid.r21	-	50000000	1	512251264	1	492
sxs-dont_be_afraid.r22	-	50000000	1	24834176	2	24
sxs-dont_be_afraid.r23	-	50000000	1	74834176	2	72
sxs-dont_be_afraid.r24	-	50000000	1	124834176	2	120
sxs-dont_be_afraid.r25	-	50000000	1	174834176	2	168
sxs-dont_be_afraid.r26	-	50000000	1	224834176	2	216
sxs-dont_be_afraid.r27	-	50000000	1	274834176	2	264
sxs-dont_be_afraid.r28	-	50000000	1	324834176	2	312
sxs-dont_be_afraid.r29	-	50000000	1	374834176	2	360
sxs-dont_be_afraid.r30	-	50000000	1	424834176	2	408
sxs-dont_be_afraid.r31	-	50000000	1	474834176	2	456
sxs-dont_be_afraid.r32	-	50000000	1	524834176	2	504
sxs-dont_be_afraid.r33	-	50000000	1	37417088	3	36
sxs-dont_be_afraid.r34	-	50000000	1	87417088	3	84
sxs-dont_be_afraid.r35	-	50000000	1	137417088	3	132
sxs-dont_be_afraid.r36	-	50000000	1	187417088	3	180
sxs-dont_be_afraid.r37	-	50000000	1	237417088	3	228
sxs-dont_be_afraid.r38	-	50000000	1	287417088	3	276
sxs-dont_be_afraid.r39	-	50000000	1	337417088	3	324
sxs-dont_be_afraid.r40	-	50000000	1	387417088	3	372
sxs-dont_be_afraid.r41	-	50000000	1	437417088	3	420
sxs-dont_be_afraid.r42	-	50000000	1	487417088	3	468
sxs-dont_be_afraid.r43	-	50000000	1	0	4	0
sxs-dont_be_afraid.r44	-	50000000	1	50000000	4	48
sxs-dont_be_afraid.r45	-	50000000	1	100000000	4	96
sxs-dont_be_afraid.r46	-	50000000	1	150000000	4	144
sxs-dont_be_afraid.r47	-	50000000	1	200000000	4	192
sxs-dont_be_afraid.r48	-	50000000	1	250000000	4	240
sxs-dont_be_afraid.r49	-	50000000	1	300000000	4	288
sxs-dont_be_afraid.r50	-	50000000	1	350000000	4	336
sxs-dont_be_afraid.r51	-	50000000	1	400000000	4	384
sxs-dont_be_afraid.r52	-	50000000	1	450000000	4	432
sxs-dont_be_afraid.r53	-	50000000	1	500000000	4	480
sxs-dont_be_afraid.r54	-	50000000	1	12251264	5	12
sxs-dont_be_afraid.r55	-	50000000	1	62251264	5	60
sxs-dont_be_afraid.r56	-	50000000	1	112251264	5	108
sxs-dont_be_afraid.r57	-	50000000	1	162251264	5	156
sxs-dont_be_afraid.r58	-	50000000	1	212251264	5	204
sxs-dont_be_afraid.r59	-	50000000	1	262251264	5	252
sxs-dont_be_afraid.r60	-	50000000	1	312251264	5	300
sxs-dont_be_afraid.r61	-	50000000	1	362251264	5	348
sxs-dont_be_afraid.r62	-	50000000	1	412251264	5	396
sxs-dont_be_afraid.r63	-	50000000	1	462251264	5	444
sxs-dont_be_afraid.r64	-	50000000	1	512251264	5	492
sxs-dont_be_afraid.r65	-	50000000	1	24834176	6	24
sxs-dont_be_afraid.r66	-	50000000	1	74834176	6	72
sxs-dont_be_afraid.r67	-	50000000	1	124834176	6	120
sxs-dont_be_afraid.r68	-	50000000	1	174834176	6	168
sxs-dont_be_afraid.r69	-	50000000	1	224834176	6	216
sxs-dont_be_afraid.r70	-	50000000	1	274834176	6	264
sxs-dont_be_afraid.r71	-	50000000	1	324834176	6	312
sxs-dont_be_afraid.r72	-	50000000	1	374834176	6	360
sxs-dont_be_afraid.r73	-	50000000	1	424834176	6	408
sxs-dont_be_afraid.r74	-	50000000	1	474834176	6	456
sxs-dont_be_afraid.r75	-	50000000	1	524834176	6	504
sxs-dont_be_afraid.r76	-	37896114	1	37417088	7	36
sxs-dont_be_afraid.rar	-	50000000	1	75313202	7	73
sxs-dont_be_afraid.sfv	-	2574	1	125313202	7	121
