sxs-splatoon_3_v851968.nfo	-	5978	1	0	0	0
sxs-splatoon_3_v851968.r00	-	100000000	1	5978	0	1
sxs-splatoon_3_v851968.r01	-	100000000	1	100005978	0	97
sxs-splatoon_3_v851968.r02	-	100000000	1	200005978	0	193
sxs-splatoon_3_v851968.r03	-	100000000	1	300005978	0	289
sxs-splatoon_3_v851968.r04	-	100000000	1	400005978	0	385
sxs-splatoon_3_v851968.r05	-	100000000	1	500005978	0	481
sxs-splatoon_3_v851968.r06	-	100000000	1	62251264	1	60
sxs-splatoon_3_v851968.r07	-	100000000	1	162251264	1	156
sxs-splatoon_3_v851968.r08	-	100000000	1	262251264	1	252
sxs-splatoon_3_v851968.r09	-	100000000	1	362251264	1	348
sxs-splatoon_3_v851968.r10	-	100000000	1	462251264	1	444
sxs-splatoon_3_v851968.r11	-	100000000	1	24502528	2	24
sxs-splatoon_3_v851968.r12	-	100000000	1	124502528	2	120
sxs-splatoon_3_v851968.r13	-	100000000	1	224502528	2	216
sxs-splatoon_3_v851968.r14	-	100000000	1	324502528	2	312
sxs-splatoon_3_v851968.r15	-	100000000	1	424502528	2	408
sxs-splatoon_3_v851968.r16	-	100000000	1	524502528	2	504
sxs-splatoon_3_v851968.r17	-	100000000	1	87417088	3	84
sxs-splatoon_3_v851968.r18	-	100000000	1	187417088	3	180
sxs-splatoon_3_v851968.r19	-	100000000	1	287417088	3	276
sxs-splatoon_3_v851968.r20	-	100000000	1	387417088	3	372
sxs-splatoon_3_v851968.r21	-	100000000	1	487417088	3	468
sxs-splatoon_3_v851968.r22	-	100000000	1	49668352	4	48
sxs-splatoon_3_v851968.r23	-	100000000	1	149668352	4	144
sxs-splatoon_3_v851968.r24	-	100000000	1	249668352	4	240
sxs-splatoon_3_v851968.r25	-	100000000	1	349668352	4	336
sxs-splatoon_3_v851968.r26	-	100000000	1	449668352	4	432
sxs-splatoon_3_v851968.r27	-	100000000	1	11919616	5	12
sxs-splatoon_3_v851968.r28	-	100000000	1	111919616	5	108
sxs-splatoon_3_v851968.r29	-	100000000	1	211919616	5	204
sxs-splatoon_3_v851968.r30	-	100000000	1	311919616	5	300
sxs-splatoon_3_v851968.r31	-	100000000	1	411919616	5	396
sxs-splatoon_3_v851968.r32	-	100000000	1	511919616	5	492
sxs-splatoon_3_v851968.r33	-	100000000	1	74834176	6	72
sxs-splatoon_3_v851968.r34	-	93766905	1	174834176	6	168
sxs-splatoon_3_v851968.rar	-	100000000	1	268601081	6	258
sxs-splatoon_3_v851968.sfv	-	1332	1	368601081	6	354
