v-muse_dash_v655360.nfo	-	7150	1	0	0	0
v-muse_dash_v655360.r00	-	50000000	1	7150	0	1
v-muse_dash_v655360.r01	-	50000000	1	50007150	0	49
v-muse_dash_v655360.r02	-	50000000	1	100007150	0	97
v-muse_dash_v655360.r03	-	50000000	1	150007150	0	145
v-muse_dash_v655360.r04	-	50000000	1	200007150	0	193
v-muse_dash_v655360.r05	-	50000000	1	250007150	0	241
v-muse_dash_v655360.r06	-	50000000	1	300007150	0	289
v-muse_dash_v655360.r07	-	50000000	1	350007150	0	337
v-muse_dash_v655360.r08	-	50000000	1	400007150	0	385
v-muse_dash_v655360.r09	-	4409487	1	450007150	0	433
v-muse_dash_v655360.rar	-	50000000	1	454416637	0	438
v-muse_dash_v655360.sfv	-	374	1	504416637	0	486
