l-nottonight.nfo	-	362	1	0	0	0
l-nottonight.r00	-	50000000	1	362	0	1
l-nottonight.r01	-	50000000	1	50000362	0	49
l-nottonight.r02	-	50000000	1	100000362	0	97
l-nottonight.r03	-	50000000	1	150000362	0	145
l-nottonight.r04	-	50000000	1	200000362	0	193
l-nottonight.r05	-	50000000	1	250000362	0	241
l-nottonight.r06	-	50000000	1	300000362	0	289
l-nottonight.r07	-	50000000	1	350000362	0	337
l-nottonight.r08	-	50000000	1	400000362	0	385
l-nottonight.r09	-	50000000	1	450000362	0	433
l-nottonight.r10	-	50000000	1	500000362	0	481
l-nottonight.r11	-	50000000	1	12251264	1	12
l-nottonight.r12	-	50000000	1	62251264	1	60
l-nottonight.r13	-	50000000	1	112251264	1	108
l-nottonight.r14	-	50000000	1	162251264	1	156
l-nottonight.r15	-	50000000	1	212251264	1	204
l-nottonight.r16	-	50000000	1	262251264	1	252
l-nottonight.r17	-	50000000	1	312251264	1	300
l-nottonight.r18	-	50000000	1	362251264	1	348
l-nottonight.r19	-	50000000	1	412251264	1	396
l-nottonight.r20	-	50000000	1	462251264	1	444
l-nottonight.r21	-	32443517	1	512251264	1	492
l-nottonight.rar	-	50000000	1	7277693	2	7
l-nottonight.sfv	-	621	1	57277693	2	55
