hr-torickys.nfo	-	11420	1	0	0	0
hr-torickys.r00	-	50000000	1	11420	0	1
hr-torickys.r01	-	50000000	1	50011420	0	49
hr-torickys.r02	-	50000000	1	100011420	0	97
hr-torickys.r03	-	50000000	1	150011420	0	145
hr-torickys.r04	-	50000000	1	200011420	0	193
hr-torickys.r05	-	50000000	1	250011420	0	241
hr-torickys.r06	-	50000000	1	300011420	0	289
hr-torickys.r07	-	50000000	1	350011420	0	337
hr-torickys.r08	-	50000000	1	400011420	0	385
hr-torickys.r09	-	23588203	1	450011420	0	433
hr-torickys.rar	-	50000000	1	473599623	0	456
hr-torickys.sfv	-	286	1	523599623	0	504
