nnssww_890b.nfo	-	1103	1	0	0	0
nnssww_890b.r00	-	50000000	1	1103	0	1
nnssww_890b.r01	-	50000000	1	50001103	0	49
nnssww_890b.r02	-	50000000	1	100001103	0	97
nnssww_890b.r03	-	50000000	1	150001103	0	145
nnssww_890b.r04	-	50000000	1	200001103	0	193
nnssww_890b.r05	-	50000000	1	250001103	0	241
nnssww_890b.r06	-	50000000	1	300001103	0	289
nnssww_890b.r07	-	50000000	1	350001103	0	337
nnssww_890b.r08	-	50000000	1	400001103	0	385
nnssww_890b.r09	-	50000000	1	450001103	0	433
nnssww_890b.r10	-	50000000	1	500001103	0	481
nnssww_890b.r11	-	50000000	1	12251264	1	12
nnssww_890b.r12	-	50000000	1	62251264	1	60
nnssww_890b.r13	-	50000000	1	112251264	1	108
nnssww_890b.r14	-	50000000	1	162251264	1	156
nnssww_890b.r15	-	50000000	1	212251264	1	204
nnssww_890b.r16	-	50000000	1	262251264	1	252
nnssww_890b.r17	-	50000000	1	312251264	1	300
nnssww_890b.r18	-	50000000	1	362251264	1	348
nnssww_890b.r19	-	50000000	1	412251264	1	396
nnssww_890b.r20	-	50000000	1	462251264	1	444
nnssww_890b.r21	-	50000000	1	512251264	1	492
nnssww_890b.r22	-	50000000	1	24834176	2	24
nnssww_890b.r23	-	50000000	1	74834176	2	72
nnssww_890b.r24	-	50000000	1	124834176	2	120
nnssww_890b.r25	-	50000000	1	174834176	2	168
nnssww_890b.r26	-	50000000	1	224834176	2	216
nnssww_890b.r27	-	50000000	1	274834176	2	264
nnssww_890b.r28	-	50000000	1	324834176	2	312
nnssww_890b.r29	-	50000000	1	374834176	2	360
nnssww_890b.r30	-	50000000	1	424834176	2	408
nnssww_890b.r31	-	50000000	1	474834176	2	456
nnssww_890b.r32	-	50000000	1	524834176	2	504
nnssww_890b.r33	-	50000000	1	37417088	3	36
nnssww_890b.r34	-	50000000	1	87417088	3	84
nnssww_890b.r35	-	50000000	1	137417088	3	132
nnssww_890b.r36	-	50000000	1	187417088	3	180
nnssww_890b.r37	-	50000000	1	237417088	3	228
nnssww_890b.r38	-	50000000	1	287417088	3	276
nnssww_890b.r39	-	50000000	1	337417088	3	324
nnssww_890b.r40	-	50000000	1	387417088	3	372
nnssww_890b.r41	-	50000000	1	437417088	3	420
nnssww_890b.r42	-	50000000	1	487417088	3	468
nnssww_890b.r43	-	7806678	1	0	4	0
nnssww_890b.rar	-	50000000	1	7806678	4	8
nnssww_890b.sfv	-	1170	1	57806678	4	56
