v-the_forbidden_arts_v196608.nfo	-	7150	1	0	0	0
v-the_forbidden_arts_v196608.r00	-	50000000	1	7150	0	1
v-the_forbidden_arts_v196608.r01	-	50000000	1	50007150	0	49
v-the_forbidden_arts_v196608.r02	-	50000000	1	100007150	0	97
v-the_forbidden_arts_v196608.r03	-	50000000	1	150007150	0	145
v-the_forbidden_arts_v196608.r04	-	50000000	1	200007150	0	193
v-the_forbidden_arts_v196608.r05	-	50000000	1	250007150	0	241
v-the_forbidden_arts_v196608.r06	-	50000000	1	300007150	0	289
v-the_forbidden_arts_v196608.r07	-	12188971	1	350007150	0	337
v-the_forbidden_arts_v196608.rar	-	50000000	1	362196121	0	349
v-the_forbidden_arts_v196608.sfv	-	387	1	412196121	0	397
