v-xenonr.nfo	-	4654	1	0	0	0
v-xenonr.r00	-	100000000	1	4654	0	1
v-xenonr.r01	-	100000000	1	100004654	0	97
v-xenonr.r02	-	100000000	1	200004654	0	193
v-xenonr.r03	-	100000000	1	300004654	0	289
v-xenonr.r04	-	100000000	1	400004654	0	385
v-xenonr.r05	-	100000000	1	500004654	0	481
v-xenonr.r06	-	100000000	1	62251264	1	60
v-xenonr.r07	-	100000000	1	162251264	1	156
v-xenonr.r08	-	100000000	1	262251264	1	252
v-xenonr.r09	-	100000000	1	362251264	1	348
v-xenonr.r10	-	100000000	1	462251264	1	444
v-xenonr.r11	-	100000000	1	24502528	2	24
v-xenonr.r12	-	100000000	1	124502528	2	120
v-xenonr.r13	-	100000000	1	224502528	2	216
v-xenonr.r14	-	100000000	1	324502528	2	312
v-xenonr.r15	-	100000000	1	424502528	2	408
v-xenonr.r16	-	100000000	1	524502528	2	504
v-xenonr.r17	-	100000000	1	87417088	3	84
v-xenonr.r18	-	100000000	1	187417088	3	180
v-xenonr.r19	-	100000000	1	287417088	3	276
v-xenonr.r20	-	100000000	1	387417088	3	372
v-xenonr.r21	-	100000000	1	487417088	3	468
v-xenonr.r22	-	100000000	1	49668352	4	48
v-xenonr.r23	-	100000000	1	149668352	4	144
v-xenonr.r24	-	100000000	1	249668352	4	240
v-xenonr.r25	-	100000000	1	349668352	4	336
v-xenonr.r26	-	100000000	1	449668352	4	432
v-xenonr.r27	-	100000000	1	11919616	5	12
v-xenonr.r28	-	100000000	1	111919616	5	108
v-xenonr.r29	-	100000000	1	211919616	5	204
v-xenonr.r30	-	100000000	1	311919616	5	300
v-xenonr.r31	-	100000000	1	411919616	5	396
v-xenonr.r32	-	100000000	1	511919616	5	492
v-xenonr.r33	-	100000000	1	74834176	6	72
v-xenonr.r34	-	100000000	1	174834176	6	168
v-xenonr.r35	-	100000000	1	274834176	6	264
v-xenonr.r36	-	100000000	1	374834176	6	360
v-xenonr.r37	-	100000000	1	474834176	6	456
v-xenonr.r38	-	100000000	1	37085440	7	36
v-xenonr.r39	-	100000000	1	137085440	7	132
v-xenonr.r40	-	100000000	1	237085440	7	228
v-xenonr.r41	-	100000000	1	337085440	7	324
v-xenonr.r42	-	100000000	1	437085440	7	420
v-xenonr.r43	-	100000000	1	0	8	0
v-xenonr.r44	-	100000000	1	100000000	8	96
v-xenonr.r45	-	100000000	1	200000000	8	192
v-xenonr.r46	-	100000000	1	300000000	8	288
v-xenonr.r47	-	100000000	1	400000000	8	384
v-xenonr.r48	-	100000000	1	500000000	8	480
v-xenonr.r49	-	100000000	1	62251264	9	60
v-xenonr.r50	-	100000000	1	162251264	9	156
v-xenonr.r51	-	100000000	1	262251264	9	252
v-xenonr.r52	-	100000000	1	362251264	9	348
v-xenonr.r53	-	100000000	1	462251264	9	444
v-xenonr.r54	-	100000000	1	24502528	10	24
v-xenonr.r55	-	100000000	1	124502528	10	120
v-xenonr.r56	-	100000000	1	224502528	10	216
v-xenonr.r57	-	60748758	1	324502528	10	312
v-xenonr.rar	-	100000000	1	385251286	10	370
v-xenonr.sfv	-	1357	1	485251286	10	466
