sxs-moonlighter_v524288.nfo	-	8786	1	0	0	0
sxs-moonlighter_v524288.r00	-	50000000	1	8786	0	1
sxs-moonlighter_v524288.r01	-	50000000	1	50008786	0	49
sxs-moonlighter_v524288.r02	-	50000000	1	100008786	0	97
sxs-moonlighter_v524288.r03	-	50000000	1	150008786	0	145
sxs-moonlighter_v524288.r04	-	50000000	1	200008786	0	193
sxs-moonlighter_v524288.r05	-	50000000	1	250008786	0	241
sxs-moonlighter_v524288.r06	-	50000000	1	300008786	0	289
sxs-moonlighter_v524288.r07	-	50000000	1	350008786	0	337
sxs-moonlighter_v524288.r08	-	50000000	1	400008786	0	385
sxs-moonlighter_v524288.r09	-	50000000	1	450008786	0	433
sxs-moonlighter_v524288.r10	-	50000000	1	500008786	0	481
sxs-moonlighter_v524288.r11	-	50000000	1	12251264	1	12
sxs-moonlighter_v524288.r12	-	50000000	1	62251264	1	60
sxs-moonlighter_v524288.r13	-	50000000	1	112251264	1	108
sxs-moonlighter_v524288.r14	-	50000000	1	162251264	1	156
sxs-moonlighter_v524288.r15	-	50000000	1	212251264	1	204
sxs-moonlighter_v524288.r16	-	50000000	1	262251264	1	252
sxs-moonlighter_v524288.r17	-	50000000	1	312251264	1	300
sxs-moonlighter_v524288.r18	-	50000000	1	362251264	1	348
sxs-moonlighter_v524288.r19	-	50000000	1	412251264	1	396
sxs-moonlighter_v524288.r20	-	6532159	1	462251264	1	444
sxs-moonlighter_v524288.rar	-	50000000	1	468783423	1	451
sxs-moonlighter_v524288.sfv	-	836	1	518783423	1	499
