w-mb.nfo	-	8846	1	0	0	0
w-mb.r00	-	100000000	1	8846	0	1
w-mb.r01	-	100000000	1	100008846	0	97
w-mb.r02	-	100000000	1	200008846	0	193
w-mb.r03	-	100000000	1	300008846	0	289
w-mb.r04	-	100000000	1	400008846	0	385
w-mb.r05	-	100000000	1	500008846	0	481
w-mb.r06	-	100000000	1	62251264	1	60
w-mb.r07	-	100000000	1	162251264	1	156
w-mb.r08	-	100000000	1	262251264	1	252
w-mb.r09	-	100000000	1	362251264	1	348
w-mb.r10	-	100000000	1	462251264	1	444
w-mb.r11	-	100000000	1	24502528	2	24
w-mb.r12	-	100000000	1	124502528	2	120
w-mb.r13	-	100000000	1	224502528	2	216
w-mb.r14	-	100000000	1	324502528	2	312
w-mb.r15	-	100000000	1	424502528	2	408
w-mb.r16	-	100000000	1	524502528	2	504
w-mb.r17	-	100000000	1	87417088	3	84
w-mb.r18	-	100000000	1	187417088	3	180
w-mb.r19	-	100000000	1	287417088	3	276
w-mb.r20	-	100000000	1	387417088	3	372
w-mb.r21	-	100000000	1	487417088	3	468
w-mb.r22	-	100000000	1	49668352	4	48
w-mb.r23	-	100000000	1	149668352	4	144
w-mb.r24	-	100000000	1	249668352	4	240
w-mb.r25	-	100000000	1	349668352	4	336
w-mb.r26	-	100000000	1	449668352	4	432
w-mb.r27	-	100000000	1	11919616	5	12
w-mb.r28	-	100000000	1	111919616	5	108
w-mb.r29	-	100000000	1	211919616	5	204
w-mb.r30	-	100000000	1	311919616	5	300
w-mb.r31	-	100000000	1	411919616	5	396
w-mb.r32	-	94601402	1	511919616	5	492
w-mb.rar	-	100000000	1	69435578	6	67
w-mb.sfv	-	646	1	169435578	6	163
