v-fantasy_strike.nfo	-	3874	1	0	0	0
v-fantasy_strike.r00	-	50000000	1	3874	0	1
v-fantasy_strike.r01	-	50000000	1	50003874	0	49
v-fantasy_strike.r02	-	50000000	1	100003874	0	97
v-fantasy_strike.r03	-	50000000	1	150003874	0	145
v-fantasy_strike.r04	-	50000000	1	200003874	0	193
v-fantasy_strike.r05	-	50000000	1	250003874	0	241
v-fantasy_strike.r06	-	50000000	1	300003874	0	289
v-fantasy_strike.r07	-	50000000	1	350003874	0	337
v-fantasy_strike.r08	-	50000000	1	400003874	0	385
v-fantasy_strike.r09	-	50000000	1	450003874	0	433
v-fantasy_strike.r10	-	50000000	1	500003874	0	481
v-fantasy_strike.r11	-	50000000	1	12251264	1	12
v-fantasy_strike.r12	-	50000000	1	62251264	1	60
v-fantasy_strike.r13	-	50000000	1	112251264	1	108
v-fantasy_strike.r14	-	50000000	1	162251264	1	156
v-fantasy_strike.r15	-	50000000	1	212251264	1	204
v-fantasy_strike.r16	-	50000000	1	262251264	1	252
v-fantasy_strike.r17	-	50000000	1	312251264	1	300
v-fantasy_strike.r18	-	50000000	1	362251264	1	348
v-fantasy_strike.r19	-	50000000	1	412251264	1	396
v-fantasy_strike.r20	-	50000000	1	462251264	1	444
v-fantasy_strike.r21	-	50000000	1	512251264	1	492
v-fantasy_strike.r22	-	50000000	1	24834176	2	24
v-fantasy_strike.r23	-	50000000	1	74834176	2	72
v-fantasy_strike.r24	-	50000000	1	124834176	2	120
v-fantasy_strike.r25	-	50000000	1	174834176	2	168
v-fantasy_strike.r26	-	50000000	1	224834176	2	216
v-fantasy_strike.r27	-	50000000	1	274834176	2	264
v-fantasy_strike.r28	-	50000000	1	324834176	2	312
v-fantasy_strike.r29	-	50000000	1	374834176	2	360
v-fantasy_strike.r30	-	50000000	1	424834176	2	408
v-fantasy_strike.r31	-	50000000	1	474834176	2	456
v-fantasy_strike.r32	-	50000000	1	524834176	2	504
v-fantasy_strike.r33	-	50000000	1	37417088	3	36
v-fantasy_strike.r34	-	50000000	1	87417088	3	84
v-fantasy_strike.r35	-	50000000	1	137417088	3	132
v-fantasy_strike.r36	-	50000000	1	187417088	3	180
v-fantasy_strike.r37	-	50000000	1	237417088	3	228
v-fantasy_strike.r38	-	50000000	1	287417088	3	276
v-fantasy_strike.r39	-	50000000	1	337417088	3	324
v-fantasy_strike.r40	-	50000000	1	387417088	3	372
v-fantasy_strike.r41	-	50000000	1	437417088	3	420
v-fantasy_strike.r42	-	50000000	1	487417088	3	468
v-fantasy_strike.r43	-	50000000	1	0	4	0
v-fantasy_strike.r44	-	50000000	1	50000000	4	48
v-fantasy_strike.r45	-	50000000	1	100000000	4	96
v-fantasy_strike.r46	-	50000000	1	150000000	4	144
v-fantasy_strike.r47	-	50000000	1	200000000	4	192
v-fantasy_strike.r48	-	50000000	1	250000000	4	240
v-fantasy_strike.r49	-	50000000	1	300000000	4	288
v-fantasy_strike.r50	-	50000000	1	350000000	4	336
v-fantasy_strike.r51	-	50000000	1	400000000	4	384
v-fantasy_strike.r52	-	50000000	1	450000000	4	432
v-fantasy_strike.r53	-	50000000	1	500000000	4	480
v-fantasy_strike.r54	-	50000000	1	12251264	5	12
v-fantasy_strike.r55	-	50000000	1	62251264	5	60
v-fantasy_strike.r56	-	50000000	1	112251264	5	108
v-fantasy_strike.r57	-	50000000	1	162251264	5	156
v-fantasy_strike.r58	-	50000000	1	212251264	5	204
v-fantasy_strike.r59	-	50000000	1	262251264	5	252
v-fantasy_strike.r60	-	50000000	1	312251264	5	300
v-fantasy_strike.r61	-	50000000	1	362251264	5	348
v-fantasy_strike.r62	-	50000000	1	412251264	5	396
v-fantasy_strike.r63	-	50000000	1	462251264	5	444
v-fantasy_strike.r64	-	50000000	1	512251264	5	492
v-fantasy_strike.r65	-	50000000	1	24834176	6	24
v-fantasy_strike.r66	-	50000000	1	74834176	6	72
v-fantasy_strike.r67	-	50000000	1	124834176	6	120
v-fantasy_strike.r68	-	50000000	1	174834176	6	168
v-fantasy_strike.r69	-	50000000	1	224834176	6	216
v-fantasy_strike.r70	-	50000000	1	274834176	6	264
v-fantasy_strike.r71	-	50000000	1	324834176	6	312
v-fantasy_strike.r72	-	50000000	1	374834176	6	360
v-fantasy_strike.r73	-	50000000	1	424834176	6	408
v-fantasy_strike.r74	-	50000000	1	474834176	6	456
v-fantasy_strike.r75	-	50000000	1	524834176	6	504
v-fantasy_strike.r76	-	50000000	1	37417088	7	36
v-fantasy_strike.r77	-	50000000	1	87417088	7	84
v-fantasy_strike.r78	-	50000000	1	137417088	7	132
v-fantasy_strike.r79	-	50000000	1	187417088	7	180
v-fantasy_strike.r80	-	50000000	1	237417088	7	228
v-fantasy_strike.r81	-	50000000	1	287417088	7	276
v-fantasy_strike.r82	-	50000000	1	337417088	7	324
v-fantasy_strike.r83	-	50000000	1	387417088	7	372
v-fantasy_strike.r84	-	50000000	1	437417088	7	420
v-fantasy_strike.r85	-	50000000	1	487417088	7	468
v-fantasy_strike.r86	-	50000000	1	0	8	0
v-fantasy_strike.r87	-	50000000	1	50000000	8	48
v-fantasy_strike.r88	-	27783129	1	100000000	8	96
v-fantasy_strike.rar	-	50000000	1	127783129	8	123
v-fantasy_strike.sfv	-	2790	1	177783129	8	171
