v-river_city_girls.nfo	-	5590	1	0	0	0
v-river_city_girls.r00	-	50000000	1	5590	0	1
v-river_city_girls.r01	-	50000000	1	50005590	0	49
v-river_city_girls.r02	-	50000000	1	100005590	0	97
v-river_city_girls.r03	-	50000000	1	150005590	0	145
v-river_city_girls.r04	-	50000000	1	200005590	0	193
v-river_city_girls.r05	-	50000000	1	250005590	0	241
v-river_city_girls.r06	-	50000000	1	300005590	0	289
v-river_city_girls.r07	-	50000000	1	350005590	0	337
v-river_city_girls.r08	-	50000000	1	400005590	0	385
v-river_city_girls.r09	-	50000000	1	450005590	0	433
v-river_city_girls.r10	-	50000000	1	500005590	0	481
v-river_city_girls.r11	-	50000000	1	12251264	1	12
v-river_city_girls.r12	-	50000000	1	62251264	1	60
v-river_city_girls.r13	-	50000000	1	112251264	1	108
v-river_city_girls.r14	-	50000000	1	162251264	1	156
v-river_city_girls.r15	-	50000000	1	212251264	1	204
v-river_city_girls.r16	-	50000000	1	262251264	1	252
v-river_city_girls.r17	-	50000000	1	312251264	1	300
v-river_city_girls.r18	-	50000000	1	362251264	1	348
v-river_city_girls.r19	-	50000000	1	412251264	1	396
v-river_city_girls.r20	-	50000000	1	462251264	1	444
v-river_city_girls.r21	-	50000000	1	512251264	1	492
v-river_city_girls.r22	-	50000000	1	24834176	2	24
v-river_city_girls.r23	-	50000000	1	74834176	2	72
v-river_city_girls.r24	-	50000000	1	124834176	2	120
v-river_city_girls.r25	-	50000000	1	174834176	2	168
v-river_city_girls.r26	-	50000000	1	224834176	2	216
v-river_city_girls.r27	-	50000000	1	274834176	2	264
v-river_city_girls.r28	-	50000000	1	324834176	2	312
v-river_city_girls.r29	-	50000000	1	374834176	2	360
v-river_city_girls.r30	-	50000000	1	424834176	2	408
v-river_city_girls.r31	-	50000000	1	474834176	2	456
v-river_city_girls.r32	-	50000000	1	524834176	2	504
v-river_city_girls.r33	-	50000000	1	37417088	3	36
v-river_city_girls.r34	-	50000000	1	87417088	3	84
v-river_city_girls.r35	-	50000000	1	137417088	3	132
v-river_city_girls.r36	-	50000000	1	187417088	3	180
v-river_city_girls.r37	-	50000000	1	237417088	3	228
v-river_city_girls.r38	-	50000000	1	287417088	3	276
v-river_city_girls.r39	-	50000000	1	337417088	3	324
v-river_city_girls.r40	-	50000000	1	387417088	3	372
v-river_city_girls.r41	-	50000000	1	437417088	3	420
v-river_city_girls.r42	-	50000000	1	487417088	3	468
v-river_city_girls.r43	-	50000000	1	0	4	0
v-river_city_girls.r44	-	50000000	1	50000000	4	48
v-river_city_girls.r45	-	50000000	1	100000000	4	96
v-river_city_girls.r46	-	50000000	1	150000000	4	144
v-river_city_girls.r47	-	50000000	1	200000000	4	192
v-river_city_girls.r48	-	50000000	1	250000000	4	240
v-river_city_girls.r49	-	50000000	1	300000000	4	288
v-river_city_girls.r50	-	50000000	1	350000000	4	336
v-river_city_girls.r51	-	50000000	1	400000000	4	384
v-river_city_girls.r52	-	50000000	1	450000000	4	432
v-river_city_girls.r53	-	50000000	1	500000000	4	480
v-river_city_girls.r54	-	50000000	1	12251264	5	12
v-river_city_girls.r55	-	50000000	1	62251264	5	60
v-river_city_girls.r56	-	50000000	1	112251264	5	108
v-river_city_girls.r57	-	50000000	1	162251264	5	156
v-river_city_girls.r58	-	50000000	1	212251264	5	204
v-river_city_girls.r59	-	50000000	1	262251264	5	252
v-river_city_girls.r60	-	50000000	1	312251264	5	300
v-river_city_girls.r61	-	50000000	1	362251264	5	348
v-river_city_girls.r62	-	50000000	1	412251264	5	396
v-river_city_girls.r63	-	50000000	1	462251264	5	444
v-river_city_girls.r64	-	50000000	1	512251264	5	492
v-river_city_girls.r65	-	50000000	1	24834176	6	24
v-river_city_girls.r66	-	50000000	1	74834176	6	72
v-river_city_girls.r67	-	50000000	1	124834176	6	120
v-river_city_girls.r68	-	50000000	1	174834176	6	168
v-river_city_girls.r69	-	50000000	1	224834176	6	216
v-river_city_girls.r70	-	50000000	1	274834176	6	264
v-river_city_girls.r71	-	50000000	1	324834176	6	312
v-river_city_girls.r72	-	50000000	1	374834176	6	360
v-river_city_girls.r73	-	50000000	1	424834176	6	408
v-river_city_girls.r74	-	50000000	1	474834176	6	456
v-river_city_girls.r75	-	50000000	1	524834176	6	504
v-river_city_girls.r76	-	50000000	1	37417088	7	36
v-river_city_girls.r77	-	50000000	1	87417088	7	84
v-river_city_girls.r78	-	50000000	1	137417088	7	132
v-river_city_girls.r79	-	50000000	1	187417088	7	180
v-river_city_girls.r80	-	50000000	1	237417088	7	228
v-river_city_girls.r81	-	50000000	1	287417088	7	276
v-river_city_girls.r82	-	50000000	1	337417088	7	324
v-river_city_girls.r83	-	808427	1	387417088	7	372
v-river_city_girls.rar	-	50000000	1	388225515	7	373
v-river_city_girls.sfv	-	2805	1	438225515	7	421
