n-aeryvikings.nfo	-	6072	1	0	0	0
n-aeryvikings.r00	-	50000000	1	6072	0	1
n-aeryvikings.r01	-	50000000	1	50006072	0	49
n-aeryvikings.r02	-	50000000	1	100006072	0	97
n-aeryvikings.r03	-	50000000	1	150006072	0	145
n-aeryvikings.r04	-	50000000	1	200006072	0	193
n-aeryvikings.r05	-	50000000	1	250006072	0	241
n-aeryvikings.r06	-	50000000	1	300006072	0	289
n-aeryvikings.r07	-	50000000	1	350006072	0	337
n-aeryvikings.r08	-	50000000	1	400006072	0	385
n-aeryvikings.r09	-	50000000	1	450006072	0	433
n-aeryvikings.r10	-	50000000	1	500006072	0	481
n-aeryvikings.r11	-	50000000	1	12251264	1	12
n-aeryvikings.r12	-	50000000	1	62251264	1	60
n-aeryvikings.r13	-	50000000	1	112251264	1	108
n-aeryvikings.r14	-	50000000	1	162251264	1	156
n-aeryvikings.r15	-	50000000	1	212251264	1	204
n-aeryvikings.r16	-	50000000	1	262251264	1	252
n-aeryvikings.r17	-	50000000	1	312251264	1	300
n-aeryvikings.r18	-	50000000	1	362251264	1	348
n-aeryvikings.r19	-	50000000	1	412251264	1	396
n-aeryvikings.r20	-	50000000	1	462251264	1	444
n-aeryvikings.r21	-	50000000	1	512251264	1	492
n-aeryvikings.r22	-	50000000	1	24834176	2	24
n-aeryvikings.r23	-	50000000	1	74834176	2	72
n-aeryvikings.r24	-	50000000	1	124834176	2	120
n-aeryvikings.r25	-	50000000	1	174834176	2	168
n-aeryvikings.r26	-	50000000	1	224834176	2	216
n-aeryvikings.r27	-	50000000	1	274834176	2	264
n-aeryvikings.r28	-	50000000	1	324834176	2	312
n-aeryvikings.r29	-	50000000	1	374834176	2	360
n-aeryvikings.r30	-	50000000	1	424834176	2	408
n-aeryvikings.r31	-	50000000	1	474834176	2	456
n-aeryvikings.r32	-	50000000	1	524834176	2	504
n-aeryvikings.r33	-	50000000	1	37417088	3	36
n-aeryvikings.r34	-	50000000	1	87417088	3	84
n-aeryvikings.r35	-	50000000	1	137417088	3	132
n-aeryvikings.r36	-	50000000	1	187417088	3	180
n-aeryvikings.r37	-	50000000	1	237417088	3	228
n-aeryvikings.r38	-	50000000	1	287417088	3	276
n-aeryvikings.r39	-	50000000	1	337417088	3	324
n-aeryvikings.r40	-	50000000	1	387417088	3	372
n-aeryvikings.r41	-	50000000	1	437417088	3	420
n-aeryvikings.r42	-	50000000	1	487417088	3	468
n-aeryvikings.r43	-	50000000	1	0	4	0
n-aeryvikings.r44	-	21605489	1	50000000	4	48
n-aeryvikings.rar	-	50000000	1	71605489	4	69
n-aeryvikings.sfv	-	1288	1	121605489	4	117
