v-dyna_bomb_2_v131072.nfo	-	5746	1	0	0	0
v-dyna_bomb_2_v131072.r00	-	50000000	1	5746	0	1
v-dyna_bomb_2_v131072.r01	-	50000000	1	50005746	0	49
v-dyna_bomb_2_v131072.r02	-	50000000	1	100005746	0	97
v-dyna_bomb_2_v131072.r03	-	50000000	1	150005746	0	145
v-dyna_bomb_2_v131072.r04	-	50000000	1	200005746	0	193
v-dyna_bomb_2_v131072.r05	-	50000000	1	250005746	0	241
v-dyna_bomb_2_v131072.r06	-	50000000	1	300005746	0	289
v-dyna_bomb_2_v131072.r07	-	50000000	1	350005746	0	337
v-dyna_bomb_2_v131072.r08	-	16727665	1	400005746	0	385
v-dyna_bomb_2_v131072.rar	-	50000000	1	416733411	0	401
v-dyna_bomb_2_v131072.sfv	-	360	1	466733411	0	449
