sxs-warparty_v65536.nfo	-	4808	1	0	0	0
sxs-warparty_v65536.r00	-	50000000	1	4808	0	1
sxs-warparty_v65536.r01	-	50000000	1	50004808	0	49
sxs-warparty_v65536.r02	-	50000000	1	100004808	0	97
sxs-warparty_v65536.r03	-	50000000	1	150004808	0	145
sxs-warparty_v65536.r04	-	50000000	1	200004808	0	193
sxs-warparty_v65536.r05	-	50000000	1	250004808	0	241
sxs-warparty_v65536.r06	-	47755270	1	300004808	0	289
sxs-warparty_v65536.rar	-	50000000	1	347760078	0	335
sxs-warparty_v65536.sfv	-	272	1	397760078	0	383
