v-tale_of_immortal.nfo	-	8740	1	0	0	0
v-tale_of_immortal.r00	-	100000000	1	8740	0	1
v-tale_of_immortal.r01	-	100000000	1	100008740	0	97
v-tale_of_immortal.r02	-	100000000	1	200008740	0	193
v-tale_of_immortal.r03	-	100000000	1	300008740	0	289
v-tale_of_immortal.r04	-	100000000	1	400008740	0	385
v-tale_of_immortal.r05	-	100000000	1	500008740	0	481
v-tale_of_immortal.r06	-	100000000	1	62251264	1	60
v-tale_of_immortal.r07	-	100000000	1	162251264	1	156
v-tale_of_immortal.r08	-	100000000	1	262251264	1	252
v-tale_of_immortal.r09	-	100000000	1	362251264	1	348
v-tale_of_immortal.r10	-	100000000	1	462251264	1	444
v-tale_of_immortal.r11	-	100000000	1	24502528	2	24
v-tale_of_immortal.r12	-	100000000	1	124502528	2	120
v-tale_of_immortal.r13	-	100000000	1	224502528	2	216
v-tale_of_immortal.r14	-	100000000	1	324502528	2	312
v-tale_of_immortal.r15	-	100000000	1	424502528	2	408
v-tale_of_immortal.r16	-	100000000	1	524502528	2	504
v-tale_of_immortal.r17	-	100000000	1	87417088	3	84
v-tale_of_immortal.r18	-	100000000	1	187417088	3	180
v-tale_of_immortal.r19	-	100000000	1	287417088	3	276
v-tale_of_immortal.r20	-	100000000	1	387417088	3	372
v-tale_of_immortal.r21	-	100000000	1	487417088	3	468
v-tale_of_immortal.r22	-	100000000	1	49668352	4	48
v-tale_of_immortal.r23	-	100000000	1	149668352	4	144
v-tale_of_immortal.r24	-	100000000	1	249668352	4	240
v-tale_of_immortal.r25	-	100000000	1	349668352	4	336
v-tale_of_immortal.r26	-	100000000	1	449668352	4	432
v-tale_of_immortal.r27	-	100000000	1	11919616	5	12
v-tale_of_immortal.r28	-	100000000	1	111919616	5	108
v-tale_of_immortal.r29	-	100000000	1	211919616	5	204
v-tale_of_immortal.r30	-	84049362	1	311919616	5	300
v-tale_of_immortal.rar	-	100000000	1	395968978	5	381
v-tale_of_immortal.sfv	-	1056	1	495968978	5	477
