sxs-mario_tennis_aces_v720896.nfo	-	6914	1	0	0	0
sxs-mario_tennis_aces_v720896.r00	-	50000000	1	6914	0	1
sxs-mario_tennis_aces_v720896.r01	-	50000000	1	50006914	0	49
sxs-mario_tennis_aces_v720896.r02	-	50000000	1	100006914	0	97
sxs-mario_tennis_aces_v720896.r03	-	50000000	1	150006914	0	145
sxs-mario_tennis_aces_v720896.r04	-	50000000	1	200006914	0	193
sxs-mario_tennis_aces_v720896.r05	-	50000000	1	250006914	0	241
sxs-mario_tennis_aces_v720896.r06	-	50000000	1	300006914	0	289
sxs-mario_tennis_aces_v720896.r07	-	50000000	1	350006914	0	337
sxs-mario_tennis_aces_v720896.r08	-	50000000	1	400006914	0	385
sxs-mario_tennis_aces_v720896.r09	-	50000000	1	450006914	0	433
sxs-mario_tennis_aces_v720896.r10	-	50000000	1	500006914	0	481
sxs-mario_tennis_aces_v720896.r11	-	50000000	1	12251264	1	12
sxs-mario_tennis_aces_v720896.r12	-	24141576	1	62251264	1	60
sxs-mario_tennis_aces_v720896.rar	-	50000000	1	86392840	1	84
sxs-mario_tennis_aces_v720896.sfv	-	616	1	136392840	1	132
