v-spiritfarer_v393216.nfo	-	4344	1	0	0	0
v-spiritfarer_v393216.r00	-	50000000	1	4344	0	1
v-spiritfarer_v393216.r01	-	50000000	1	50004344	0	49
v-spiritfarer_v393216.r02	-	50000000	1	100004344	0	97
v-spiritfarer_v393216.r03	-	50000000	1	150004344	0	145
v-spiritfarer_v393216.r04	-	50000000	1	200004344	0	193
v-spiritfarer_v393216.r05	-	50000000	1	250004344	0	241
v-spiritfarer_v393216.r06	-	50000000	1	300004344	0	289
v-spiritfarer_v393216.r07	-	50000000	1	350004344	0	337
v-spiritfarer_v393216.r08	-	50000000	1	400004344	0	385
v-spiritfarer_v393216.r09	-	50000000	1	450004344	0	433
v-spiritfarer_v393216.r10	-	50000000	1	500004344	0	481
v-spiritfarer_v393216.r11	-	50000000	1	12251264	1	12
v-spiritfarer_v393216.r12	-	50000000	1	62251264	1	60
v-spiritfarer_v393216.r13	-	50000000	1	112251264	1	108
v-spiritfarer_v393216.r14	-	50000000	1	162251264	1	156
v-spiritfarer_v393216.r15	-	50000000	1	212251264	1	204
v-spiritfarer_v393216.r16	-	50000000	1	262251264	1	252
v-spiritfarer_v393216.r17	-	50000000	1	312251264	1	300
v-spiritfarer_v393216.r18	-	50000000	1	362251264	1	348
v-spiritfarer_v393216.r19	-	50000000	1	412251264	1	396
v-spiritfarer_v393216.r20	-	50000000	1	462251264	1	444
v-spiritfarer_v393216.r21	-	50000000	1	512251264	1	492
v-spiritfarer_v393216.r22	-	50000000	1	24834176	2	24
v-spiritfarer_v393216.r23	-	50000000	1	74834176	2	72
v-spiritfarer_v393216.r24	-	50000000	1	124834176	2	120
v-spiritfarer_v393216.r25	-	50000000	1	174834176	2	168
v-spiritfarer_v393216.r26	-	50000000	1	224834176	2	216
v-spiritfarer_v393216.r27	-	50000000	1	274834176	2	264
v-spiritfarer_v393216.r28	-	50000000	1	324834176	2	312
v-spiritfarer_v393216.r29	-	50000000	1	374834176	2	360
v-spiritfarer_v393216.r30	-	50000000	1	424834176	2	408
v-spiritfarer_v393216.r31	-	50000000	1	474834176	2	456
v-spiritfarer_v393216.r32	-	50000000	1	524834176	2	504
v-spiritfarer_v393216.r33	-	50000000	1	37417088	3	36
v-spiritfarer_v393216.r34	-	50000000	1	87417088	3	84
v-spiritfarer_v393216.r35	-	50000000	1	137417088	3	132
v-spiritfarer_v393216.r36	-	50000000	1	187417088	3	180
v-spiritfarer_v393216.r37	-	50000000	1	237417088	3	228
v-spiritfarer_v393216.r38	-	50000000	1	287417088	3	276
v-spiritfarer_v393216.r39	-	50000000	1	337417088	3	324
v-spiritfarer_v393216.r40	-	50000000	1	387417088	3	372
v-spiritfarer_v393216.r41	-	50000000	1	437417088	3	420
v-spiritfarer_v393216.r42	-	50000000	1	487417088	3	468
v-spiritfarer_v393216.r43	-	50000000	1	0	4	0
v-spiritfarer_v393216.r44	-	50000000	1	50000000	4	48
v-spiritfarer_v393216.r45	-	50000000	1	100000000	4	96
v-spiritfarer_v393216.r46	-	50000000	1	150000000	4	144
v-spiritfarer_v393216.r47	-	50000000	1	200000000	4	192
v-spiritfarer_v393216.r48	-	50000000	1	250000000	4	240
v-spiritfarer_v393216.r49	-	50000000	1	300000000	4	288
v-spiritfarer_v393216.r50	-	50000000	1	350000000	4	336
v-spiritfarer_v393216.r51	-	3863138	1	400000000	4	384
v-spiritfarer_v393216.rar	-	50000000	1	403863138	4	388
v-spiritfarer_v393216.sfv	-	1908	1	453863138	4	436
