v-kunai_v196608r.nfo	-	8008	1	0	0	0
v-kunai_v196608r.r00	-	50000000	1	8008	0	1
v-kunai_v196608r.r01	-	50000000	1	50008008	0	49
v-kunai_v196608r.r02	-	50000000	1	100008008	0	97
v-kunai_v196608r.r03	-	50000000	1	150008008	0	145
v-kunai_v196608r.r04	-	50000000	1	200008008	0	193
v-kunai_v196608r.r05	-	50000000	1	250008008	0	241
v-kunai_v196608r.r06	-	50000000	1	300008008	0	289
v-kunai_v196608r.r07	-	13203562	1	350008008	0	337
v-kunai_v196608r.rar	-	50000000	1	363211570	0	350
v-kunai_v196608r.sfv	-	279	1	413211570	0	398
