ind-dqxoffline.v65536.nfo	-	260	1	0	0	0
ind-dqxoffline.v65536.r00	-	50000000	1	260	0	1
ind-dqxoffline.v65536.r01	-	50000000	1	50000260	0	49
ind-dqxoffline.v65536.r02	-	50000000	1	100000260	0	97
ind-dqxoffline.v65536.r03	-	50000000	1	150000260	0	145
ind-dqxoffline.v65536.r04	-	50000000	1	200000260	0	193
ind-dqxoffline.v65536.r05	-	50000000	1	250000260	0	241
ind-dqxoffline.v65536.r06	-	50000000	1	300000260	0	289
ind-dqxoffline.v65536.r07	-	50000000	1	350000260	0	337
ind-dqxoffline.v65536.r08	-	50000000	1	400000260	0	385
ind-dqxoffline.v65536.r09	-	50000000	1	450000260	0	433
ind-dqxoffline.v65536.r10	-	50000000	1	500000260	0	481
ind-dqxoffline.v65536.r11	-	50000000	1	12251264	1	12
ind-dqxoffline.v65536.r12	-	50000000	1	62251264	1	60
ind-dqxoffline.v65536.r13	-	50000000	1	112251264	1	108
ind-dqxoffline.v65536.r14	-	50000000	1	162251264	1	156
ind-dqxoffline.v65536.r15	-	6315085	1	212251264	1	204
ind-dqxoffline.v65536.rar	-	50000000	1	218566349	1	211
ind-dqxoffline.v65536.sfv	-	612	1	268566349	1	259
