sxs-tools_up_v589824.nfo	-	5354	1	0	0	0
sxs-tools_up_v589824.r00	-	50000000	1	5354	0	1
sxs-tools_up_v589824.r01	-	50000000	1	50005354	0	49
sxs-tools_up_v589824.r02	-	50000000	1	100005354	0	97
sxs-tools_up_v589824.r03	-	50000000	1	150005354	0	145
sxs-tools_up_v589824.r04	-	50000000	1	200005354	0	193
sxs-tools_up_v589824.r05	-	50000000	1	250005354	0	241
sxs-tools_up_v589824.r06	-	50000000	1	300005354	0	289
sxs-tools_up_v589824.r07	-	50000000	1	350005354	0	337
sxs-tools_up_v589824.r08	-	50000000	1	400005354	0	385
sxs-tools_up_v589824.r09	-	50000000	1	450005354	0	433
sxs-tools_up_v589824.r10	-	50000000	1	500005354	0	481
sxs-tools_up_v589824.r11	-	50000000	1	12251264	1	12
sxs-tools_up_v589824.r12	-	50000000	1	62251264	1	60
sxs-tools_up_v589824.r13	-	50000000	1	112251264	1	108
sxs-tools_up_v589824.r14	-	50000000	1	162251264	1	156
sxs-tools_up_v589824.r15	-	50000000	1	212251264	1	204
sxs-tools_up_v589824.r16	-	50000000	1	262251264	1	252
sxs-tools_up_v589824.r17	-	50000000	1	312251264	1	300
sxs-tools_up_v589824.r18	-	50000000	1	362251264	1	348
sxs-tools_up_v589824.r19	-	50000000	1	412251264	1	396
sxs-tools_up_v589824.r20	-	13105792	1	462251264	1	444
sxs-tools_up_v589824.rar	-	50000000	1	475357056	1	457
sxs-tools_up_v589824.sfv	-	770	1	525357056	1	505
