sxs-easy_red_2_v393216.nfo	-	10736	1	0	0	0
sxs-easy_red_2_v393216.r00	-	100000000	1	10736	0	1
sxs-easy_red_2_v393216.r01	-	100000000	1	100010736	0	97
sxs-easy_red_2_v393216.r02	-	100000000	1	200010736	0	193
sxs-easy_red_2_v393216.r03	-	100000000	1	300010736	0	289
sxs-easy_red_2_v393216.r04	-	100000000	1	400010736	0	385
sxs-easy_red_2_v393216.r05	-	100000000	1	500010736	0	481
sxs-easy_red_2_v393216.r06	-	100000000	1	62251264	1	60
sxs-easy_red_2_v393216.r07	-	100000000	1	162251264	1	156
sxs-easy_red_2_v393216.r08	-	100000000	1	262251264	1	252
sxs-easy_red_2_v393216.r09	-	100000000	1	362251264	1	348
sxs-easy_red_2_v393216.r10	-	100000000	1	462251264	1	444
sxs-easy_red_2_v393216.r11	-	100000000	1	24502528	2	24
sxs-easy_red_2_v393216.r12	-	100000000	1	124502528	2	120
sxs-easy_red_2_v393216.r13	-	100000000	1	224502528	2	216
sxs-easy_red_2_v393216.r14	-	100000000	1	324502528	2	312
sxs-easy_red_2_v393216.r15	-	100000000	1	424502528	2	408
sxs-easy_red_2_v393216.r16	-	100000000	1	524502528	2	504
sxs-easy_red_2_v393216.r17	-	100000000	1	87417088	3	84
sxs-easy_red_2_v393216.r18	-	100000000	1	187417088	3	180
sxs-easy_red_2_v393216.r19	-	100000000	1	287417088	3	276
sxs-easy_red_2_v393216.r20	-	100000000	1	387417088	3	372
sxs-easy_red_2_v393216.r21	-	100000000	1	487417088	3	468
sxs-easy_red_2_v393216.r22	-	100000000	1	49668352	4	48
sxs-easy_red_2_v393216.r23	-	100000000	1	149668352	4	144
sxs-easy_red_2_v393216.r24	-	100000000	1	249668352	4	240
sxs-easy_red_2_v393216.r25	-	100000000	1	349668352	4	336
sxs-easy_red_2_v393216.r26	-	100000000	1	449668352	4	432
sxs-easy_red_2_v393216.r27	-	100000000	1	11919616	5	12
sxs-easy_red_2_v393216.r28	-	100000000	1	111919616	5	108
sxs-easy_red_2_v393216.r29	-	100000000	1	211919616	5	204
sxs-easy_red_2_v393216.r30	-	100000000	1	311919616	5	300
sxs-easy_red_2_v393216.r31	-	100000000	1	411919616	5	396
sxs-easy_red_2_v393216.r32	-	100000000	1	511919616	5	492
sxs-easy_red_2_v393216.r33	-	100000000	1	74834176	6	72
sxs-easy_red_2_v393216.r34	-	100000000	1	174834176	6	168
sxs-easy_red_2_v393216.r35	-	100000000	1	274834176	6	264
sxs-easy_red_2_v393216.r36	-	100000000	1	374834176	6	360
sxs-easy_red_2_v393216.r37	-	100000000	1	474834176	6	456
sxs-easy_red_2_v393216.r38	-	100000000	1	37085440	7	36
sxs-easy_red_2_v393216.r39	-	44087507	1	137085440	7	132
sxs-easy_red_2_v393216.rar	-	100000000	1	181172947	7	175
sxs-easy_red_2_v393216.sfv	-	1517	1	281172947	7	271
