sxs-broforce_v131072.nfo	-	4808	1	0	0	0
sxs-broforce_v131072.r00	-	50000000	1	4808	0	1
sxs-broforce_v131072.r01	-	50000000	1	50004808	0	49
sxs-broforce_v131072.r02	-	50000000	1	100004808	0	97
sxs-broforce_v131072.r03	-	50000000	1	150004808	0	145
sxs-broforce_v131072.r04	-	50000000	1	200004808	0	193
sxs-broforce_v131072.r05	-	50000000	1	250004808	0	241
sxs-broforce_v131072.r06	-	50000000	1	300004808	0	289
sxs-broforce_v131072.r07	-	50000000	1	350004808	0	337
sxs-broforce_v131072.r08	-	50000000	1	400004808	0	385
sxs-broforce_v131072.r09	-	36512471	1	450004808	0	433
sxs-broforce_v131072.rar	-	50000000	1	486517279	0	468
sxs-broforce_v131072.sfv	-	385	1	536517279	0	516
