sxs-zenith_v196608.nfo	-	5901	1	0	0	0
sxs-zenith_v196608.r00	-	50000000	1	5901	0	1
sxs-zenith_v196608.r01	-	50000000	1	50005901	0	49
sxs-zenith_v196608.r02	-	50000000	1	100005901	0	97
sxs-zenith_v196608.r03	-	50000000	1	150005901	0	145
sxs-zenith_v196608.r04	-	50000000	1	200005901	0	193
sxs-zenith_v196608.r05	-	50000000	1	250005901	0	241
sxs-zenith_v196608.r06	-	50000000	1	300005901	0	289
sxs-zenith_v196608.r07	-	50000000	1	350005901	0	337
sxs-zenith_v196608.r08	-	50000000	1	400005901	0	385
sxs-zenith_v196608.r09	-	50000000	1	450005901	0	433
sxs-zenith_v196608.r10	-	50000000	1	500005901	0	481
sxs-zenith_v196608.r11	-	50000000	1	12251264	1	12
sxs-zenith_v196608.r12	-	50000000	1	62251264	1	60
sxs-zenith_v196608.r13	-	50000000	1	112251264	1	108
sxs-zenith_v196608.r14	-	50000000	1	162251264	1	156
sxs-zenith_v196608.r15	-	50000000	1	212251264	1	204
sxs-zenith_v196608.r16	-	50000000	1	262251264	1	252
sxs-zenith_v196608.r17	-	50000000	1	312251264	1	300
sxs-zenith_v196608.r18	-	50000000	1	362251264	1	348
sxs-zenith_v196608.r19	-	50000000	1	412251264	1	396
sxs-zenith_v196608.r20	-	50000000	1	462251264	1	444
sxs-zenith_v196608.r21	-	50000000	1	512251264	1	492
sxs-zenith_v196608.r22	-	50000000	1	24834176	2	24
sxs-zenith_v196608.r23	-	50000000	1	74834176	2	72
sxs-zenith_v196608.r24	-	50000000	1	124834176	2	120
sxs-zenith_v196608.r25	-	50000000	1	174834176	2	168
sxs-zenith_v196608.r26	-	9706793	1	224834176	2	216
sxs-zenith_v196608.rar	-	50000000	1	234540969	2	226
sxs-zenith_v196608.sfv	-	924	1	284540969	2	274
