hr-bd8qh.nfo	-	43404	1	0	0	0
hr-bd8qh.r00	-	50000000	1	43404	0	1
hr-bd8qh.r01	-	50000000	1	50043404	0	49
hr-bd8qh.r02	-	50000000	1	100043404	0	97
hr-bd8qh.r03	-	50000000	1	150043404	0	145
hr-bd8qh.r04	-	50000000	1	200043404	0	193
hr-bd8qh.r05	-	50000000	1	250043404	0	241
hr-bd8qh.r06	-	50000000	1	300043404	0	289
hr-bd8qh.r07	-	50000000	1	350043404	0	337
hr-bd8qh.r08	-	50000000	1	400043404	0	385
hr-bd8qh.r09	-	50000000	1	450043404	0	433
hr-bd8qh.r10	-	50000000	1	500043404	0	481
hr-bd8qh.r11	-	50000000	1	12251264	1	12
hr-bd8qh.r12	-	50000000	1	62251264	1	60
hr-bd8qh.r13	-	50000000	1	112251264	1	108
hr-bd8qh.r14	-	50000000	1	162251264	1	156
hr-bd8qh.r15	-	50000000	1	212251264	1	204
hr-bd8qh.r16	-	50000000	1	262251264	1	252
hr-bd8qh.r17	-	50000000	1	312251264	1	300
hr-bd8qh.r18	-	23903093	1	362251264	1	348
hr-bd8qh.rar	-	50000000	1	386154357	1	371
hr-bd8qh.sfv	-	460	1	436154357	1	419
Proof	d	0	1	436154817	1	420
Proof/hr-bd8qh.jpg	-	818824	1	436154817	1	420
