hr-az3ea2v262144.nfo	-	11501	1	0	0	0
hr-az3ea2v262144.r00	-	50000000	1	11501	0	1
hr-az3ea2v262144.r01	-	50000000	1	50011501	0	49
hr-az3ea2v262144.r02	-	50000000	1	100011501	0	97
hr-az3ea2v262144.r03	-	50000000	1	150011501	0	145
hr-az3ea2v262144.r04	-	50000000	1	200011501	0	193
hr-az3ea2v262144.r05	-	50000000	1	250011501	0	241
hr-az3ea2v262144.r06	-	50000000	1	300011501	0	289
hr-az3ea2v262144.r07	-	50000000	1	350011501	0	337
hr-az3ea2v262144.r08	-	50000000	1	400011501	0	385
hr-az3ea2v262144.r09	-	50000000	1	450011501	0	433
hr-az3ea2v262144.r10	-	50000000	1	500011501	0	481
hr-az3ea2v262144.r11	-	50000000	1	12251264	1	12
hr-az3ea2v262144.r12	-	50000000	1	62251264	1	60
hr-az3ea2v262144.r13	-	50000000	1	112251264	1	108
hr-az3ea2v262144.r14	-	50000000	1	162251264	1	156
hr-az3ea2v262144.r15	-	50000000	1	212251264	1	204
hr-az3ea2v262144.r16	-	50000000	1	262251264	1	252
hr-az3ea2v262144.r17	-	50000000	1	312251264	1	300
hr-az3ea2v262144.r18	-	50000000	1	362251264	1	348
hr-az3ea2v262144.r19	-	50000000	1	412251264	1	396
hr-az3ea2v262144.r20	-	50000000	1	462251264	1	444
hr-az3ea2v262144.r21	-	50000000	1	512251264	1	492
hr-az3ea2v262144.r22	-	50000000	1	24834176	2	24
hr-az3ea2v262144.r23	-	50000000	1	74834176	2	72
hr-az3ea2v262144.r24	-	50000000	1	124834176	2	120
hr-az3ea2v262144.r25	-	50000000	1	174834176	2	168
hr-az3ea2v262144.r26	-	50000000	1	224834176	2	216
hr-az3ea2v262144.r27	-	50000000	1	274834176	2	264
hr-az3ea2v262144.r28	-	50000000	1	324834176	2	312
hr-az3ea2v262144.r29	-	50000000	1	374834176	2	360
hr-az3ea2v262144.r30	-	50000000	1	424834176	2	408
hr-az3ea2v262144.r31	-	50000000	1	474834176	2	456
hr-az3ea2v262144.r32	-	50000000	1	524834176	2	504
hr-az3ea2v262144.r33	-	50000000	1	37417088	3	36
hr-az3ea2v262144.r34	-	50000000	1	87417088	3	84
hr-az3ea2v262144.r35	-	50000000	1	137417088	3	132
hr-az3ea2v262144.r36	-	50000000	1	187417088	3	180
hr-az3ea2v262144.r37	-	50000000	1	237417088	3	228
hr-az3ea2v262144.r38	-	50000000	1	287417088	3	276
hr-az3ea2v262144.r39	-	50000000	1	337417088	3	324
hr-az3ea2v262144.r40	-	50000000	1	387417088	3	372
hr-az3ea2v262144.r41	-	50000000	1	437417088	3	420
hr-az3ea2v262144.r42	-	50000000	1	487417088	3	468
hr-az3ea2v262144.r43	-	50000000	1	0	4	0
hr-az3ea2v262144.r44	-	50000000	1	50000000	4	48
hr-az3ea2v262144.r45	-	50000000	1	100000000	4	96
hr-az3ea2v262144.r46	-	31890222	1	150000000	4	144
hr-az3ea2v262144.rar	-	50000000	1	181890222	4	175
hr-az3ea2v262144.sfv	-	1488	1	231890222	4	223
