sxs-obakeidoro_v1179648.nfo	-	4964	1	0	0	0
sxs-obakeidoro_v1179648.r00	-	50000000	1	4964	0	1
sxs-obakeidoro_v1179648.r01	-	50000000	1	50004964	0	49
sxs-obakeidoro_v1179648.r02	-	50000000	1	100004964	0	97
sxs-obakeidoro_v1179648.r03	-	50000000	1	150004964	0	145
sxs-obakeidoro_v1179648.r04	-	50000000	1	200004964	0	193
sxs-obakeidoro_v1179648.r05	-	50000000	1	250004964	0	241
sxs-obakeidoro_v1179648.r06	-	27261542	1	300004964	0	289
sxs-obakeidoro_v1179648.rar	-	50000000	1	327266506	0	315
sxs-obakeidoro_v1179648.sfv	-	304	1	377266506	0	363
