v-ftking_v262144.nfo	-	5200	1	0	0	0
v-ftking_v262144.r00	-	50000000	1	5200	0	1
v-ftking_v262144.r01	-	50000000	1	50005200	0	49
v-ftking_v262144.r02	-	50000000	1	100005200	0	97
v-ftking_v262144.r03	-	50000000	1	150005200	0	145
v-ftking_v262144.r04	-	50000000	1	200005200	0	193
v-ftking_v262144.r05	-	50000000	1	250005200	0	241
v-ftking_v262144.r06	-	50000000	1	300005200	0	289
v-ftking_v262144.r07	-	9978427	1	350005200	0	337
v-ftking_v262144.rar	-	50000000	1	359983627	0	347
v-ftking_v262144.sfv	-	279	1	409983627	0	395
