Proof	d	0	1	0	0	0
Proof/sxs-carto.jpg	-	164038	1	0	0	0
sxs-carto.nfo	-	5666	1	164038	0	1
sxs-carto.r00	-	50000000	1	169704	0	2
sxs-carto.r01	-	50000000	1	50169704	0	50
sxs-carto.r02	-	50000000	1	100169704	0	98
sxs-carto.r03	-	50000000	1	150169704	0	146
sxs-carto.r04	-	50000000	1	200169704	0	194
sxs-carto.r05	-	50000000	1	250169704	0	242
sxs-carto.r06	-	50000000	1	300169704	0	290
sxs-carto.r07	-	50000000	1	350169704	0	338
sxs-carto.r08	-	50000000	1	400169704	0	386
sxs-carto.r09	-	50000000	1	450169704	0	434
sxs-carto.r10	-	50000000	1	500169704	0	482
sxs-carto.r11	-	50000000	1	12251264	1	12
sxs-carto.r12	-	50000000	1	62251264	1	60
sxs-carto.r13	-	50000000	1	112251264	1	108
sxs-carto.r14	-	50000000	1	162251264	1	156
sxs-carto.r15	-	50000000	1	212251264	1	204
sxs-carto.r16	-	50000000	1	262251264	1	252
sxs-carto.r17	-	50000000	1	312251264	1	300
sxs-carto.r18	-	50000000	1	362251264	1	348
sxs-carto.r19	-	50000000	1	412251264	1	396
sxs-carto.r20	-	50000000	1	462251264	1	444
sxs-carto.r21	-	50000000	1	512251264	1	492
sxs-carto.r22	-	50000000	1	24834176	2	24
sxs-carto.r23	-	50000000	1	74834176	2	72
sxs-carto.r24	-	50000000	1	124834176	2	120
sxs-carto.r25	-	50000000	1	174834176	2	168
sxs-carto.r26	-	50000000	1	224834176	2	216
sxs-carto.r27	-	50000000	1	274834176	2	264
sxs-carto.r28	-	50000000	1	324834176	2	312
sxs-carto.r29	-	50000000	1	374834176	2	360
sxs-carto.r30	-	50000000	1	424834176	2	408
sxs-carto.r31	-	50000000	1	474834176	2	456
sxs-carto.r32	-	50000000	1	524834176	2	504
sxs-carto.r33	-	50000000	1	37417088	3	36
sxs-carto.r34	-	50000000	1	87417088	3	84
sxs-carto.r35	-	50000000	1	137417088	3	132
sxs-carto.r36	-	50000000	1	187417088	3	180
sxs-carto.r37	-	50000000	1	237417088	3	228
sxs-carto.r38	-	50000000	1	287417088	3	276
sxs-carto.r39	-	50000000	1	337417088	3	324
sxs-carto.r40	-	50000000	1	387417088	3	372
sxs-carto.r41	-	50000000	1	437417088	3	420
sxs-carto.r42	-	50000000	1	487417088	3	468
sxs-carto.r43	-	50000000	1	0	4	0
sxs-carto.r44	-	50000000	1	50000000	4	48
sxs-carto.r45	-	50000000	1	100000000	4	96
sxs-carto.r46	-	50000000	1	150000000	4	144
sxs-carto.r47	-	50000000	1	200000000	4	192
sxs-carto.r48	-	50000000	1	250000000	4	240
sxs-carto.r49	-	50000000	1	300000000	4	288
sxs-carto.r50	-	50000000	1	350000000	4	336
sxs-carto.r51	-	50000000	1	400000000	4	384
sxs-carto.r52	-	50000000	1	450000000	4	432
sxs-carto.r53	-	50000000	1	500000000	4	480
sxs-carto.r54	-	50000000	1	12251264	5	12
sxs-carto.r55	-	50000000	1	62251264	5	60
sxs-carto.r56	-	50000000	1	112251264	5	108
sxs-carto.r57	-	50000000	1	162251264	5	156
sxs-carto.r58	-	50000000	1	212251264	5	204
sxs-carto.r59	-	50000000	1	262251264	5	252
sxs-carto.r60	-	50000000	1	312251264	5	300
sxs-carto.r61	-	50000000	1	362251264	5	348
sxs-carto.r62	-	50000000	1	412251264	5	396
sxs-carto.r63	-	50000000	1	462251264	5	444
sxs-carto.r64	-	50000000	1	512251264	5	492
sxs-carto.r65	-	50000000	1	24834176	6	24
sxs-carto.r66	-	30999935	1	74834176	6	72
sxs-carto.rar	-	50000000	1	105834111	6	102
sxs-carto.sfv	-	1632	1	155834111	6	150
