Proof	d	0	1	0	0	0
Proof/v-triangle_strategy.jpg	-	489319	1	0	0	0
v-triangle_strategy.nfo	-	5980	1	489319	0	1
v-triangle_strategy.r00	-	100000000	1	495299	0	2
v-triangle_strategy.r01	-	100000000	1	100495299	0	98
v-triangle_strategy.r02	-	100000000	1	200495299	0	194
v-triangle_strategy.r03	-	100000000	1	300495299	0	290
v-triangle_strategy.r04	-	100000000	1	400495299	0	386
v-triangle_strategy.r05	-	100000000	1	500495299	0	482
v-triangle_strategy.r06	-	100000000	1	63299840	1	61
v-triangle_strategy.r07	-	100000000	1	163299840	1	157
v-triangle_strategy.r08	-	100000000	1	263299840	1	253
v-triangle_strategy.r09	-	100000000	1	363299840	1	349
v-triangle_strategy.r10	-	100000000	1	463299840	1	445
v-triangle_strategy.r11	-	100000000	1	25551104	2	25
v-triangle_strategy.r12	-	100000000	1	125551104	2	121
v-triangle_strategy.r13	-	100000000	1	225551104	2	217
v-triangle_strategy.r14	-	100000000	1	325551104	2	313
v-triangle_strategy.r15	-	100000000	1	425551104	2	409
v-triangle_strategy.r16	-	100000000	1	525551104	2	505
v-triangle_strategy.r17	-	100000000	1	88465664	3	85
v-triangle_strategy.r18	-	100000000	1	188465664	3	181
v-triangle_strategy.r19	-	100000000	1	288465664	3	277
v-triangle_strategy.r20	-	100000000	1	388465664	3	373
v-triangle_strategy.r21	-	100000000	1	488465664	3	469
v-triangle_strategy.r22	-	100000000	1	50716928	4	49
v-triangle_strategy.r23	-	100000000	1	150716928	4	145
v-triangle_strategy.r24	-	100000000	1	250716928	4	241
v-triangle_strategy.r25	-	100000000	1	350716928	4	337
v-triangle_strategy.r26	-	100000000	1	450716928	4	433
v-triangle_strategy.r27	-	100000000	1	12968192	5	13
v-triangle_strategy.r28	-	100000000	1	112968192	5	109
v-triangle_strategy.r29	-	100000000	1	212968192	5	205
v-triangle_strategy.r30	-	100000000	1	312968192	5	301
v-triangle_strategy.r31	-	100000000	1	412968192	5	397
v-triangle_strategy.r32	-	100000000	1	512968192	5	493
v-triangle_strategy.r33	-	100000000	1	75882752	6	73
v-triangle_strategy.r34	-	100000000	1	175882752	6	169
v-triangle_strategy.r35	-	100000000	1	275882752	6	265
v-triangle_strategy.r36	-	100000000	1	375882752	6	361
v-triangle_strategy.r37	-	100000000	1	475882752	6	457
v-triangle_strategy.r38	-	100000000	1	38134016	7	37
v-triangle_strategy.r39	-	100000000	1	138134016	7	133
v-triangle_strategy.r40	-	100000000	1	238134016	7	229
v-triangle_strategy.r41	-	100000000	1	338134016	7	325
v-triangle_strategy.r42	-	100000000	1	438134016	7	421
v-triangle_strategy.r43	-	100000000	1	385280	8	1
v-triangle_strategy.r44	-	100000000	1	100385280	8	97
v-triangle_strategy.r45	-	100000000	1	200385280	8	193
v-triangle_strategy.r46	-	100000000	1	300385280	8	289
v-triangle_strategy.r47	-	100000000	1	400385280	8	385
v-triangle_strategy.r48	-	100000000	1	500385280	8	481
v-triangle_strategy.r49	-	100000000	1	63299840	9	61
v-triangle_strategy.r50	-	100000000	1	163299840	9	157
v-triangle_strategy.r51	-	100000000	1	263299840	9	253
v-triangle_strategy.r52	-	100000000	1	363299840	9	349
v-triangle_strategy.r53	-	100000000	1	463299840	9	445
v-triangle_strategy.r54	-	100000000	1	25551104	10	25
v-triangle_strategy.r55	-	100000000	1	125551104	10	121
v-triangle_strategy.r56	-	100000000	1	225551104	10	217
v-triangle_strategy.r57	-	100000000	1	325551104	10	313
v-triangle_strategy.r58	-	100000000	1	425551104	10	409
v-triangle_strategy.r59	-	100000000	1	525551104	10	505
v-triangle_strategy.r60	-	100000000	1	88465664	11	85
v-triangle_strategy.r61	-	100000000	1	188465664	11	181
v-triangle_strategy.r62	-	100000000	1	288465664	11	277
v-triangle_strategy.r63	-	100000000	1	388465664	11	373
v-triangle_strategy.r64	-	75904427	1	488465664	11	469
v-triangle_strategy.rar	-	100000000	1	26621355	12	26
v-triangle_strategy.sfv	-	2244	1	126621355	12	122
