jrp-n-gyoh.nfo	-	6069	1	0	0	0
jrp-n-gyoh.r00	-	50000000	1	6069	0	1
jrp-n-gyoh.r01	-	50000000	1	50006069	0	49
jrp-n-gyoh.r02	-	50000000	1	100006069	0	97
jrp-n-gyoh.r03	-	50000000	1	150006069	0	145
jrp-n-gyoh.r04	-	50000000	1	200006069	0	193
jrp-n-gyoh.r05	-	50000000	1	250006069	0	241
jrp-n-gyoh.r06	-	50000000	1	300006069	0	289
jrp-n-gyoh.r07	-	50000000	1	350006069	0	337
jrp-n-gyoh.r08	-	50000000	1	400006069	0	385
jrp-n-gyoh.r09	-	7925653	1	450006069	0	433
jrp-n-gyoh.rar	-	50000000	1	457931722	0	441
jrp-n-gyoh.sfv	-	275	1	507931722	0	489
