sxs-blackmoor_2_v524288.nfo	-	5198	1	0	0	0
sxs-blackmoor_2_v524288.r00	-	50000000	1	5198	0	1
sxs-blackmoor_2_v524288.r01	-	50000000	1	50005198	0	49
sxs-blackmoor_2_v524288.r02	-	50000000	1	100005198	0	97
sxs-blackmoor_2_v524288.r03	-	50000000	1	150005198	0	145
sxs-blackmoor_2_v524288.r04	-	50000000	1	200005198	0	193
sxs-blackmoor_2_v524288.r05	-	50000000	1	250005198	0	241
sxs-blackmoor_2_v524288.r06	-	50000000	1	300005198	0	289
sxs-blackmoor_2_v524288.r07	-	50000000	1	350005198	0	337
sxs-blackmoor_2_v524288.r08	-	50000000	1	400005198	0	385
sxs-blackmoor_2_v524288.r09	-	50000000	1	450005198	0	433
sxs-blackmoor_2_v524288.r10	-	5148441	1	500005198	0	481
sxs-blackmoor_2_v524288.rar	-	50000000	1	505153639	0	486
sxs-blackmoor_2_v524288.sfv	-	456	1	17494144	1	17
