v-baldrsgate12_v262144.nfo	-	8242	1	0	0	0
v-baldrsgate12_v262144.r00	-	50000000	1	8242	0	1
v-baldrsgate12_v262144.r01	-	50000000	1	50008242	0	49
v-baldrsgate12_v262144.r02	-	50000000	1	100008242	0	97
v-baldrsgate12_v262144.r03	-	50000000	1	150008242	0	145
v-baldrsgate12_v262144.r04	-	50000000	1	200008242	0	193
v-baldrsgate12_v262144.r05	-	50000000	1	250008242	0	241
v-baldrsgate12_v262144.r06	-	50000000	1	300008242	0	289
v-baldrsgate12_v262144.r07	-	50000000	1	350008242	0	337
v-baldrsgate12_v262144.r08	-	50000000	1	400008242	0	385
v-baldrsgate12_v262144.r09	-	50000000	1	450008242	0	433
v-baldrsgate12_v262144.r10	-	50000000	1	500008242	0	481
v-baldrsgate12_v262144.r11	-	25218255	1	12251264	1	12
v-baldrsgate12_v262144.rar	-	50000000	1	37469519	1	37
v-baldrsgate12_v262144.sfv	-	481	1	87469519	1	85
