hr-a8stbv65536.nfo	-	11258	1	0	0	0
hr-a8stbv65536.r00	-	50000000	1	11258	0	1
hr-a8stbv65536.r01	-	50000000	1	50011258	0	49
hr-a8stbv65536.r02	-	50000000	1	100011258	0	97
hr-a8stbv65536.r03	-	50000000	1	150011258	0	145
hr-a8stbv65536.r04	-	50000000	1	200011258	0	193
hr-a8stbv65536.r05	-	50000000	1	250011258	0	241
hr-a8stbv65536.r06	-	50000000	1	300011258	0	289
hr-a8stbv65536.r07	-	50000000	1	350011258	0	337
hr-a8stbv65536.r08	-	50000000	1	400011258	0	385
hr-a8stbv65536.r09	-	50000000	1	450011258	0	433
hr-a8stbv65536.r10	-	50000000	1	500011258	0	481
hr-a8stbv65536.r11	-	50000000	1	12251264	1	12
hr-a8stbv65536.r12	-	16782005	1	62251264	1	60
hr-a8stbv65536.rar	-	50000000	1	79033269	1	77
hr-a8stbv65536.sfv	-	406	1	129033269	1	125
