v-muse_dash_v196608.nfo	-	7696	1	0	0	0
v-muse_dash_v196608.r00	-	50000000	1	7696	0	1
v-muse_dash_v196608.r01	-	50000000	1	50007696	0	49
v-muse_dash_v196608.r02	-	50000000	1	100007696	0	97
v-muse_dash_v196608.r03	-	50000000	1	150007696	0	145
v-muse_dash_v196608.r04	-	50000000	1	200007696	0	193
v-muse_dash_v196608.r05	-	50000000	1	250007696	0	241
v-muse_dash_v196608.r06	-	23673018	1	300007696	0	289
v-muse_dash_v196608.rar	-	50000000	1	323680714	0	312
v-muse_dash_v196608.sfv	-	272	1	373680714	0	360
