hr-au3hav2.nfo	-	20150	1	0	0	0
hr-au3hav2.r00	-	50000000	1	20150	0	1
hr-au3hav2.r01	-	50000000	1	50020150	0	49
hr-au3hav2.r02	-	50000000	1	100020150	0	97
hr-au3hav2.r03	-	50000000	1	150020150	0	145
hr-au3hav2.r04	-	50000000	1	200020150	0	193
hr-au3hav2.r05	-	50000000	1	250020150	0	241
hr-au3hav2.r06	-	50000000	1	300020150	0	289
hr-au3hav2.r07	-	50000000	1	350020150	0	337
hr-au3hav2.r08	-	50000000	1	400020150	0	385
hr-au3hav2.r09	-	50000000	1	450020150	0	433
hr-au3hav2.r10	-	50000000	1	500020150	0	481
hr-au3hav2.r11	-	50000000	1	12251264	1	12
hr-au3hav2.r12	-	50000000	1	62251264	1	60
hr-au3hav2.r13	-	50000000	1	112251264	1	108
hr-au3hav2.r14	-	35006822	1	162251264	1	156
hr-au3hav2.rar	-	50000000	1	197258086	1	190
hr-au3hav2.sfv	-	400	1	247258086	1	238
