sxs-taiko_no_tatsujin_v1114112.nfo	-	3950	1	0	0	0
sxs-taiko_no_tatsujin_v1114112.r00	-	50000000	1	3950	0	1
sxs-taiko_no_tatsujin_v1114112.r01	-	50000000	1	50003950	0	49
sxs-taiko_no_tatsujin_v1114112.r02	-	50000000	1	100003950	0	97
sxs-taiko_no_tatsujin_v1114112.r03	-	50000000	1	150003950	0	145
sxs-taiko_no_tatsujin_v1114112.r04	-	50000000	1	200003950	0	193
sxs-taiko_no_tatsujin_v1114112.r05	-	50000000	1	250003950	0	241
sxs-taiko_no_tatsujin_v1114112.r06	-	50000000	1	300003950	0	289
sxs-taiko_no_tatsujin_v1114112.r07	-	50000000	1	350003950	0	337
sxs-taiko_no_tatsujin_v1114112.r08	-	50000000	1	400003950	0	385
sxs-taiko_no_tatsujin_v1114112.r09	-	50000000	1	450003950	0	433
sxs-taiko_no_tatsujin_v1114112.r10	-	50000000	1	500003950	0	481
sxs-taiko_no_tatsujin_v1114112.r11	-	50000000	1	12251264	1	12
sxs-taiko_no_tatsujin_v1114112.r12	-	50000000	1	62251264	1	60
sxs-taiko_no_tatsujin_v1114112.r13	-	50000000	1	112251264	1	108
sxs-taiko_no_tatsujin_v1114112.r14	-	50000000	1	162251264	1	156
sxs-taiko_no_tatsujin_v1114112.r15	-	50000000	1	212251264	1	204
sxs-taiko_no_tatsujin_v1114112.r16	-	50000000	1	262251264	1	252
sxs-taiko_no_tatsujin_v1114112.r17	-	50000000	1	312251264	1	300
sxs-taiko_no_tatsujin_v1114112.r18	-	50000000	1	362251264	1	348
sxs-taiko_no_tatsujin_v1114112.r19	-	50000000	1	412251264	1	396
sxs-taiko_no_tatsujin_v1114112.r20	-	50000000	1	462251264	1	444
sxs-taiko_no_tatsujin_v1114112.r21	-	50000000	1	512251264	1	492
sxs-taiko_no_tatsujin_v1114112.r22	-	33990161	1	24834176	2	24
sxs-taiko_no_tatsujin_v1114112.rar	-	50000000	1	58824337	2	57
sxs-taiko_no_tatsujin_v1114112.sfv	-	1080	1	108824337	2	105
