v-skate_city_v196608.nfo	-	5356	1	0	0	0
v-skate_city_v196608.r00	-	50000000	1	5356	0	1
v-skate_city_v196608.r01	-	50000000	1	50005356	0	49
v-skate_city_v196608.r02	-	50000000	1	100005356	0	97
v-skate_city_v196608.r03	-	50000000	1	150005356	0	145
v-skate_city_v196608.r04	-	50000000	1	200005356	0	193
v-skate_city_v196608.r05	-	50000000	1	250005356	0	241
v-skate_city_v196608.r06	-	50000000	1	300005356	0	289
v-skate_city_v196608.r07	-	50000000	1	350005356	0	337
v-skate_city_v196608.r08	-	46954353	1	400005356	0	385
v-skate_city_v196608.rar	-	50000000	1	446959709	0	430
v-skate_city_v196608.sfv	-	350	1	496959709	0	478
