gant-sseci.nfo	-	9802	1	0	0	0
gant-sseci.r00	-	50000000	1	9802	0	1
gant-sseci.r01	-	50000000	1	50009802	0	49
gant-sseci.r02	-	50000000	1	100009802	0	97
gant-sseci.r03	-	50000000	1	150009802	0	145
gant-sseci.r04	-	50000000	1	200009802	0	193
gant-sseci.r05	-	50000000	1	250009802	0	241
gant-sseci.r06	-	50000000	1	300009802	0	289
gant-sseci.r07	-	50000000	1	350009802	0	337
gant-sseci.r08	-	50000000	1	400009802	0	385
gant-sseci.r09	-	50000000	1	450009802	0	433
gant-sseci.r10	-	50000000	1	500009802	0	481
gant-sseci.r11	-	50000000	1	12251264	1	12
gant-sseci.r12	-	50000000	1	62251264	1	60
gant-sseci.r13	-	50000000	1	112251264	1	108
gant-sseci.r14	-	50000000	1	162251264	1	156
gant-sseci.r15	-	50000000	1	212251264	1	204
gant-sseci.r16	-	50000000	1	262251264	1	252
gant-sseci.r17	-	50000000	1	312251264	1	300
gant-sseci.r18	-	50000000	1	362251264	1	348
gant-sseci.r19	-	50000000	1	412251264	1	396
gant-sseci.r20	-	50000000	1	462251264	1	444
gant-sseci.r21	-	50000000	1	512251264	1	492
gant-sseci.r22	-	50000000	1	24834176	2	24
gant-sseci.r23	-	50000000	1	74834176	2	72
gant-sseci.r24	-	50000000	1	124834176	2	120
gant-sseci.r25	-	50000000	1	174834176	2	168
gant-sseci.r26	-	50000000	1	224834176	2	216
gant-sseci.r27	-	50000000	1	274834176	2	264
gant-sseci.r28	-	50000000	1	324834176	2	312
gant-sseci.r29	-	50000000	1	374834176	2	360
gant-sseci.r30	-	50000000	1	424834176	2	408
gant-sseci.r31	-	3356361	1	474834176	2	456
gant-sseci.rar	-	50000000	1	478190537	2	460
gant-sseci.sfv	-	825	1	528190537	2	508
Proof	d	0	1	528191362	2	509
Proof/gant-sseci.jpg	-	4792717	1	528191362	2	509
