v-portal.nfo	-	3952	1	0	0	0
v-portal.r00	-	50000000	1	3952	0	1
v-portal.r01	-	50000000	1	50003952	0	49
v-portal.r02	-	50000000	1	100003952	0	97
v-portal.r03	-	50000000	1	150003952	0	145
v-portal.r04	-	50000000	1	200003952	0	193
v-portal.r05	-	50000000	1	250003952	0	241
v-portal.r06	-	50000000	1	300003952	0	289
v-portal.r07	-	50000000	1	350003952	0	337
v-portal.r08	-	50000000	1	400003952	0	385
v-portal.r09	-	50000000	1	450003952	0	433
v-portal.r10	-	50000000	1	500003952	0	481
v-portal.r11	-	50000000	1	12251264	1	12
v-portal.r12	-	50000000	1	62251264	1	60
v-portal.r13	-	50000000	1	112251264	1	108
v-portal.r14	-	50000000	1	162251264	1	156
v-portal.r15	-	50000000	1	212251264	1	204
v-portal.r16	-	50000000	1	262251264	1	252
v-portal.r17	-	50000000	1	312251264	1	300
v-portal.r18	-	50000000	1	362251264	1	348
v-portal.r19	-	50000000	1	412251264	1	396
v-portal.r20	-	50000000	1	462251264	1	444
v-portal.r21	-	50000000	1	512251264	1	492
v-portal.r22	-	50000000	1	24834176	2	24
v-portal.r23	-	50000000	1	74834176	2	72
v-portal.r24	-	50000000	1	124834176	2	120
v-portal.r25	-	50000000	1	174834176	2	168
v-portal.r26	-	50000000	1	224834176	2	216
v-portal.r27	-	50000000	1	274834176	2	264
v-portal.r28	-	50000000	1	324834176	2	312
v-portal.r29	-	50000000	1	374834176	2	360
v-portal.r30	-	50000000	1	424834176	2	408
v-portal.r31	-	50000000	1	474834176	2	456
v-portal.r32	-	50000000	1	524834176	2	504
v-portal.r33	-	50000000	1	37417088	3	36
v-portal.r34	-	50000000	1	87417088	3	84
v-portal.r35	-	50000000	1	137417088	3	132
v-portal.r36	-	50000000	1	187417088	3	180
v-portal.r37	-	50000000	1	237417088	3	228
v-portal.r38	-	50000000	1	287417088	3	276
v-portal.r39	-	50000000	1	337417088	3	324
v-portal.r40	-	50000000	1	387417088	3	372
v-portal.r41	-	50000000	1	437417088	3	420
v-portal.r42	-	50000000	1	487417088	3	468
v-portal.r43	-	50000000	1	0	4	0
v-portal.r44	-	50000000	1	50000000	4	48
v-portal.r45	-	50000000	1	100000000	4	96
v-portal.r46	-	50000000	1	150000000	4	144
v-portal.r47	-	50000000	1	200000000	4	192
v-portal.r48	-	50000000	1	250000000	4	240
v-portal.r49	-	50000000	1	300000000	4	288
v-portal.r50	-	50000000	1	350000000	4	336
v-portal.r51	-	50000000	1	400000000	4	384
v-portal.r52	-	50000000	1	450000000	4	432
v-portal.r53	-	50000000	1	500000000	4	480
v-portal.r54	-	50000000	1	12251264	5	12
v-portal.r55	-	50000000	1	62251264	5	60
v-portal.r56	-	40732273	1	112251264	5	108
v-portal.rar	-	50000000	1	152983537	5	147
v-portal.sfv	-	1334	1	202983537	5	195
