sxs-titan_quest_v196608.nfo	-	4965	1	0	0	0
sxs-titan_quest_v196608.r00	-	50000000	1	4965	0	1
sxs-titan_quest_v196608.r01	-	50000000	1	50004965	0	49
sxs-titan_quest_v196608.r02	-	50000000	1	100004965	0	97
sxs-titan_quest_v196608.r03	-	50000000	1	150004965	0	145
sxs-titan_quest_v196608.r04	-	50000000	1	200004965	0	193
sxs-titan_quest_v196608.r05	-	50000000	1	250004965	0	241
sxs-titan_quest_v196608.r06	-	50000000	1	300004965	0	289
sxs-titan_quest_v196608.r07	-	50000000	1	350004965	0	337
sxs-titan_quest_v196608.r08	-	24563221	1	400004965	0	385
sxs-titan_quest_v196608.rar	-	50000000	1	424568186	0	409
sxs-titan_quest_v196608.sfv	-	380	1	474568186	0	457
