sxs-blasphemous_2_v262144.nfo	-	8240	1	0	0	0
sxs-blasphemous_2_v262144.r00	-	100000000	1	8240	0	1
sxs-blasphemous_2_v262144.r01	-	100000000	1	100008240	0	97
sxs-blasphemous_2_v262144.r02	-	100000000	1	200008240	0	193
sxs-blasphemous_2_v262144.r03	-	100000000	1	300008240	0	289
sxs-blasphemous_2_v262144.r04	-	100000000	1	400008240	0	385
sxs-blasphemous_2_v262144.r05	-	100000000	1	500008240	0	481
sxs-blasphemous_2_v262144.r06	-	100000000	1	62251264	1	60
sxs-blasphemous_2_v262144.r07	-	100000000	1	162251264	1	156
sxs-blasphemous_2_v262144.r08	-	100000000	1	262251264	1	252
sxs-blasphemous_2_v262144.r09	-	100000000	1	362251264	1	348
sxs-blasphemous_2_v262144.r10	-	42338311	1	462251264	1	444
sxs-blasphemous_2_v262144.rar	-	100000000	1	504589575	1	485
sxs-blasphemous_2_v262144.sfv	-	480	1	67494144	2	65
