sxs-aria_chronicle_v327680.nfo	-	6680	1	0	0	0
sxs-aria_chronicle_v327680.r00	-	50000000	1	6680	0	1
sxs-aria_chronicle_v327680.r01	-	50000000	1	50006680	0	49
sxs-aria_chronicle_v327680.r02	-	50000000	1	100006680	0	97
sxs-aria_chronicle_v327680.r03	-	50000000	1	150006680	0	145
sxs-aria_chronicle_v327680.r04	-	50000000	1	200006680	0	193
sxs-aria_chronicle_v327680.r05	-	50000000	1	250006680	0	241
sxs-aria_chronicle_v327680.r06	-	16063111	1	300006680	0	289
sxs-aria_chronicle_v327680.rar	-	50000000	1	316069791	0	305
sxs-aria_chronicle_v327680.sfv	-	328	1	366069791	0	353
