hr-ay9qb2v65536.nfo	-	11420	1	0	0	0
hr-ay9qb2v65536.r00	-	50000000	1	11420	0	1
hr-ay9qb2v65536.r01	-	50000000	1	50011420	0	49
hr-ay9qb2v65536.r02	-	50000000	1	100011420	0	97
hr-ay9qb2v65536.r03	-	50000000	1	150011420	0	145
hr-ay9qb2v65536.r04	-	50000000	1	200011420	0	193
hr-ay9qb2v65536.r05	-	50000000	1	250011420	0	241
hr-ay9qb2v65536.r06	-	50000000	1	300011420	0	289
hr-ay9qb2v65536.r07	-	50000000	1	350011420	0	337
hr-ay9qb2v65536.r08	-	10706442	1	400011420	0	385
hr-ay9qb2v65536.rar	-	50000000	1	410717862	0	396
hr-ay9qb2v65536.sfv	-	300	1	460717862	0	444
