hr-axtpa.nfo	-	11258	1	0	0	0
hr-axtpa.r00	-	150000000	1	11258	0	1
hr-axtpa.r01	-	150000000	1	150011258	0	145
hr-axtpa.r02	-	150000000	1	300011258	0	289
hr-axtpa.r03	-	150000000	1	450011258	0	433
hr-axtpa.r04	-	150000000	1	62968192	1	61
hr-axtpa.r05	-	150000000	1	212968192	1	205
hr-axtpa.r06	-	150000000	1	362968192	1	349
hr-axtpa.r07	-	150000000	1	512968192	1	493
hr-axtpa.r08	-	150000000	1	125882752	2	121
hr-axtpa.r09	-	150000000	1	275882752	2	265
hr-axtpa.r10	-	150000000	1	425882752	2	409
hr-axtpa.r11	-	150000000	1	38850944	3	38
hr-axtpa.r12	-	150000000	1	188850944	3	182
hr-axtpa.r13	-	150000000	1	338850944	3	326
hr-axtpa.r14	-	150000000	1	488850944	3	470
hr-axtpa.r15	-	150000000	1	101765504	4	98
hr-axtpa.r16	-	150000000	1	251765504	4	242
hr-axtpa.r17	-	150000000	1	401765504	4	386
hr-axtpa.r18	-	150000000	1	14733696	5	15
hr-axtpa.r19	-	150000000	1	164733696	5	159
hr-axtpa.r20	-	150000000	1	314733696	5	303
hr-axtpa.r21	-	150000000	1	464733696	5	447
hr-axtpa.r22	-	150000000	1	77648256	6	75
hr-axtpa.r23	-	150000000	1	227648256	6	219
hr-axtpa.r24	-	150000000	1	377648256	6	363
hr-axtpa.r25	-	150000000	1	527648256	6	507
hr-axtpa.r26	-	150000000	1	140562816	7	135
hr-axtpa.r27	-	150000000	1	290562816	7	279
hr-axtpa.r28	-	150000000	1	440562816	7	423
hr-axtpa.r29	-	150000000	1	53531008	8	52
hr-axtpa.r30	-	150000000	1	203531008	8	196
hr-axtpa.r31	-	150000000	1	353531008	8	340
hr-axtpa.r32	-	150000000	1	503531008	8	484
hr-axtpa.r33	-	150000000	1	116445568	9	112
hr-axtpa.r34	-	150000000	1	266445568	9	256
hr-axtpa.r35	-	150000000	1	416445568	9	400
hr-axtpa.r36	-	150000000	1	29413760	10	29
hr-axtpa.r37	-	150000000	1	179413760	10	173
hr-axtpa.r38	-	150000000	1	329413760	10	317
hr-axtpa.r39	-	150000000	1	479413760	10	461
hr-axtpa.r40	-	150000000	1	92328320	11	89
hr-axtpa.r41	-	150000000	1	242328320	11	233
hr-axtpa.r42	-	150000000	1	392328320	11	377
hr-axtpa.r43	-	150000000	1	5296512	12	6
hr-axtpa.r44	-	150000000	1	155296512	12	150
hr-axtpa.r45	-	150000000	1	305296512	12	294
hr-axtpa.r46	-	150000000	1	455296512	12	438
hr-axtpa.r47	-	150000000	1	68211072	13	66
hr-axtpa.r48	-	150000000	1	218211072	13	210
hr-axtpa.r49	-	150000000	1	368211072	13	354
hr-axtpa.r50	-	150000000	1	518211072	13	498
hr-axtpa.r51	-	150000000	1	131125632	14	126
hr-axtpa.r52	-	150000000	1	281125632	14	270
hr-axtpa.r53	-	150000000	1	431125632	14	414
hr-axtpa.r54	-	150000000	1	44093824	15	43
hr-axtpa.r55	-	150000000	1	194093824	15	187
hr-axtpa.r56	-	150000000	1	344093824	15	331
hr-axtpa.r57	-	150000000	1	494093824	15	475
hr-axtpa.r58	-	150000000	1	107008384	16	103
hr-axtpa.r59	-	150000000	1	257008384	16	247
hr-axtpa.r60	-	150000000	1	407008384	16	391
hr-axtpa.r61	-	150000000	1	19976576	17	20
hr-axtpa.r62	-	150000000	1	169976576	17	164
hr-axtpa.r63	-	150000000	1	319976576	17	308
hr-axtpa.r64	-	150000000	1	469976576	17	452
hr-axtpa.r65	-	150000000	1	82891136	18	80
hr-axtpa.r66	-	24120074	1	232891136	18	224
hr-axtpa.rar	-	150000000	1	257011210	18	248
hr-axtpa.sfv	-	1564	1	407011210	18	392
Proof	d	0	1	407012774	18	393
Proof/hr-axtpa.jpg	-	148320	1	407012774	18	393
