sxs-snowrunner_v1376256.nfo	-	5432	1	0	0	0
sxs-snowrunner_v1376256.r00	-	100000000	1	5432	0	1
sxs-snowrunner_v1376256.r01	-	100000000	1	100005432	0	97
sxs-snowrunner_v1376256.r02	-	100000000	1	200005432	0	193
sxs-snowrunner_v1376256.r03	-	100000000	1	300005432	0	289
sxs-snowrunner_v1376256.r04	-	100000000	1	400005432	0	385
sxs-snowrunner_v1376256.r05	-	100000000	1	500005432	0	481
sxs-snowrunner_v1376256.r06	-	100000000	1	62251264	1	60
sxs-snowrunner_v1376256.r07	-	100000000	1	162251264	1	156
sxs-snowrunner_v1376256.r08	-	100000000	1	262251264	1	252
sxs-snowrunner_v1376256.r09	-	100000000	1	362251264	1	348
sxs-snowrunner_v1376256.r10	-	100000000	1	462251264	1	444
sxs-snowrunner_v1376256.r11	-	100000000	1	24502528	2	24
sxs-snowrunner_v1376256.r12	-	100000000	1	124502528	2	120
sxs-snowrunner_v1376256.r13	-	100000000	1	224502528	2	216
sxs-snowrunner_v1376256.r14	-	100000000	1	324502528	2	312
sxs-snowrunner_v1376256.r15	-	100000000	1	424502528	2	408
sxs-snowrunner_v1376256.r16	-	100000000	1	524502528	2	504
sxs-snowrunner_v1376256.r17	-	100000000	1	87417088	3	84
sxs-snowrunner_v1376256.r18	-	100000000	1	187417088	3	180
sxs-snowrunner_v1376256.r19	-	100000000	1	287417088	3	276
sxs-snowrunner_v1376256.r20	-	100000000	1	387417088	3	372
sxs-snowrunner_v1376256.r21	-	100000000	1	487417088	3	468
sxs-snowrunner_v1376256.r22	-	100000000	1	49668352	4	48
sxs-snowrunner_v1376256.r23	-	100000000	1	149668352	4	144
sxs-snowrunner_v1376256.r24	-	100000000	1	249668352	4	240
sxs-snowrunner_v1376256.r25	-	100000000	1	349668352	4	336
sxs-snowrunner_v1376256.r26	-	100000000	1	449668352	4	432
sxs-snowrunner_v1376256.r27	-	100000000	1	11919616	5	12
sxs-snowrunner_v1376256.r28	-	100000000	1	111919616	5	108
sxs-snowrunner_v1376256.r29	-	100000000	1	211919616	5	204
sxs-snowrunner_v1376256.r30	-	100000000	1	311919616	5	300
sxs-snowrunner_v1376256.r31	-	100000000	1	411919616	5	396
sxs-snowrunner_v1376256.r32	-	100000000	1	511919616	5	492
sxs-snowrunner_v1376256.r33	-	100000000	1	74834176	6	72
sxs-snowrunner_v1376256.r34	-	100000000	1	174834176	6	168
sxs-snowrunner_v1376256.r35	-	100000000	1	274834176	6	264
sxs-snowrunner_v1376256.r36	-	100000000	1	374834176	6	360
sxs-snowrunner_v1376256.r37	-	100000000	1	474834176	6	456
sxs-snowrunner_v1376256.r38	-	100000000	1	37085440	7	36
sxs-snowrunner_v1376256.r39	-	100000000	1	137085440	7	132
sxs-snowrunner_v1376256.r40	-	100000000	1	237085440	7	228
sxs-snowrunner_v1376256.r41	-	100000000	1	337085440	7	324
sxs-snowrunner_v1376256.r42	-	100000000	1	437085440	7	420
sxs-snowrunner_v1376256.r43	-	100000000	1	0	8	0
sxs-snowrunner_v1376256.r44	-	100000000	1	100000000	8	96
sxs-snowrunner_v1376256.r45	-	100000000	1	200000000	8	192
sxs-snowrunner_v1376256.r46	-	100000000	1	300000000	8	288
sxs-snowrunner_v1376256.r47	-	100000000	1	400000000	8	384
sxs-snowrunner_v1376256.r48	-	100000000	1	500000000	8	480
sxs-snowrunner_v1376256.r49	-	100000000	1	62251264	9	60
sxs-snowrunner_v1376256.r50	-	100000000	1	162251264	9	156
sxs-snowrunner_v1376256.r51	-	100000000	1	262251264	9	252
sxs-snowrunner_v1376256.r52	-	100000000	1	362251264	9	348
sxs-snowrunner_v1376256.r53	-	100000000	1	462251264	9	444
sxs-snowrunner_v1376256.r54	-	100000000	1	24502528	10	24
sxs-snowrunner_v1376256.r55	-	100000000	1	124502528	10	120
sxs-snowrunner_v1376256.r56	-	100000000	1	224502528	10	216
sxs-snowrunner_v1376256.r57	-	100000000	1	324502528	10	312
sxs-snowrunner_v1376256.r58	-	100000000	1	424502528	10	408
sxs-snowrunner_v1376256.r59	-	100000000	1	524502528	10	504
sxs-snowrunner_v1376256.r60	-	100000000	1	87417088	11	84
sxs-snowrunner_v1376256.r61	-	100000000	1	187417088	11	180
sxs-snowrunner_v1376256.r62	-	100000000	1	287417088	11	276
sxs-snowrunner_v1376256.r63	-	100000000	1	387417088	11	372
sxs-snowrunner_v1376256.r64	-	100000000	1	487417088	11	468
sxs-snowrunner_v1376256.r65	-	100000000	1	49668352	12	48
sxs-snowrunner_v1376256.r66	-	100000000	1	149668352	12	144
sxs-snowrunner_v1376256.r67	-	100000000	1	249668352	12	240
sxs-snowrunner_v1376256.r68	-	100000000	1	349668352	12	336
sxs-snowrunner_v1376256.r69	-	100000000	1	449668352	12	432
sxs-snowrunner_v1376256.r70	-	100000000	1	11919616	13	12
sxs-snowrunner_v1376256.r71	-	100000000	1	111919616	13	108
sxs-snowrunner_v1376256.r72	-	100000000	1	211919616	13	204
sxs-snowrunner_v1376256.r73	-	100000000	1	311919616	13	300
sxs-snowrunner_v1376256.r74	-	100000000	1	411919616	13	396
sxs-snowrunner_v1376256.r75	-	100000000	1	511919616	13	492
sxs-snowrunner_v1376256.r76	-	100000000	1	74834176	14	72
sxs-snowrunner_v1376256.r77	-	100000000	1	174834176	14	168
sxs-snowrunner_v1376256.r78	-	100000000	1	274834176	14	264
sxs-snowrunner_v1376256.r79	-	100000000	1	374834176	14	360
sxs-snowrunner_v1376256.r80	-	100000000	1	474834176	14	456
sxs-snowrunner_v1376256.r81	-	100000000	1	37085440	15	36
sxs-snowrunner_v1376256.r82	-	100000000	1	137085440	15	132
sxs-snowrunner_v1376256.r83	-	100000000	1	237085440	15	228
sxs-snowrunner_v1376256.r84	-	100000000	1	337085440	15	324
sxs-snowrunner_v1376256.r85	-	100000000	1	437085440	15	420
sxs-snowrunner_v1376256.r86	-	100000000	1	0	16	0
sxs-snowrunner_v1376256.r87	-	100000000	1	100000000	16	96
sxs-snowrunner_v1376256.r88	-	100000000	1	200000000	16	192
sxs-snowrunner_v1376256.r89	-	100000000	1	300000000	16	288
sxs-snowrunner_v1376256.r90	-	100000000	1	400000000	16	384
sxs-snowrunner_v1376256.r91	-	100000000	1	500000000	16	480
sxs-snowrunner_v1376256.r92	-	100000000	1	62251264	17	60
sxs-snowrunner_v1376256.r93	-	100000000	1	162251264	17	156
sxs-snowrunner_v1376256.r94	-	2108514	1	262251264	17	252
sxs-snowrunner_v1376256.rar	-	100000000	1	264359778	17	255
sxs-snowrunner_v1376256.sfv	-	3648	1	364359778	17	351
