sxs-crashbots_v131072.nfo	-	4652	1	0	0	0
sxs-crashbots_v131072.r00	-	50000000	1	4652	0	1
sxs-crashbots_v131072.r01	-	50000000	1	50004652	0	49
sxs-crashbots_v131072.r02	-	50000000	1	100004652	0	97
sxs-crashbots_v131072.r03	-	50000000	1	150004652	0	145
sxs-crashbots_v131072.r04	-	50000000	1	200004652	0	193
sxs-crashbots_v131072.r05	-	50000000	1	250004652	0	241
sxs-crashbots_v131072.r06	-	50000000	1	300004652	0	289
sxs-crashbots_v131072.r07	-	42978795	1	350004652	0	337
sxs-crashbots_v131072.rar	-	50000000	1	392983447	0	378
sxs-crashbots_v131072.sfv	-	324	1	442983447	0	426
