v-gear_club_unlimited_2_v196608.nfo	-	7072	1	0	0	0
v-gear_club_unlimited_2_v196608.r00	-	50000000	1	7072	0	1
v-gear_club_unlimited_2_v196608.r01	-	50000000	1	50007072	0	49
v-gear_club_unlimited_2_v196608.r02	-	50000000	1	100007072	0	97
v-gear_club_unlimited_2_v196608.r03	-	50000000	1	150007072	0	145
v-gear_club_unlimited_2_v196608.r04	-	50000000	1	200007072	0	193
v-gear_club_unlimited_2_v196608.r05	-	50000000	1	250007072	0	241
v-gear_club_unlimited_2_v196608.r06	-	50000000	1	300007072	0	289
v-gear_club_unlimited_2_v196608.r07	-	50000000	1	350007072	0	337
v-gear_club_unlimited_2_v196608.r08	-	50000000	1	400007072	0	385
v-gear_club_unlimited_2_v196608.r09	-	50000000	1	450007072	0	433
v-gear_club_unlimited_2_v196608.r10	-	50000000	1	500007072	0	481
v-gear_club_unlimited_2_v196608.r11	-	50000000	1	12251264	1	12
v-gear_club_unlimited_2_v196608.r12	-	50000000	1	62251264	1	60
v-gear_club_unlimited_2_v196608.r13	-	50000000	1	112251264	1	108
v-gear_club_unlimited_2_v196608.r14	-	50000000	1	162251264	1	156
v-gear_club_unlimited_2_v196608.r15	-	50000000	1	212251264	1	204
v-gear_club_unlimited_2_v196608.r16	-	50000000	1	262251264	1	252
v-gear_club_unlimited_2_v196608.r17	-	50000000	1	312251264	1	300
v-gear_club_unlimited_2_v196608.r18	-	50000000	1	362251264	1	348
v-gear_club_unlimited_2_v196608.r19	-	50000000	1	412251264	1	396
v-gear_club_unlimited_2_v196608.r20	-	50000000	1	462251264	1	444
v-gear_club_unlimited_2_v196608.r21	-	50000000	1	512251264	1	492
v-gear_club_unlimited_2_v196608.r22	-	50000000	1	24834176	2	24
v-gear_club_unlimited_2_v196608.r23	-	50000000	1	74834176	2	72
v-gear_club_unlimited_2_v196608.r24	-	50000000	1	124834176	2	120
v-gear_club_unlimited_2_v196608.r25	-	11855515	1	174834176	2	168
v-gear_club_unlimited_2_v196608.rar	-	50000000	1	186689691	2	180
v-gear_club_unlimited_2_v196608.sfv	-	1242	1	236689691	2	228
