n-alstaatmpdx.nfo	-	6089	1	0	0	0
n-alstaatmpdx.r00	-	150000000	1	6089	0	1
n-alstaatmpdx.r01	-	150000000	1	150006089	0	145
n-alstaatmpdx.r02	-	150000000	1	300006089	0	289
n-alstaatmpdx.r03	-	150000000	1	450006089	0	433
n-alstaatmpdx.r04	-	150000000	1	62968192	1	61
n-alstaatmpdx.r05	-	150000000	1	212968192	1	205
n-alstaatmpdx.r06	-	150000000	1	362968192	1	349
n-alstaatmpdx.r07	-	150000000	1	512968192	1	493
n-alstaatmpdx.r08	-	150000000	1	125882752	2	121
n-alstaatmpdx.r09	-	150000000	1	275882752	2	265
n-alstaatmpdx.r10	-	150000000	1	425882752	2	409
n-alstaatmpdx.r11	-	150000000	1	38850944	3	38
n-alstaatmpdx.r12	-	150000000	1	188850944	3	182
n-alstaatmpdx.r13	-	150000000	1	338850944	3	326
n-alstaatmpdx.r14	-	150000000	1	488850944	3	470
n-alstaatmpdx.r15	-	150000000	1	101765504	4	98
n-alstaatmpdx.r16	-	150000000	1	251765504	4	242
n-alstaatmpdx.r17	-	150000000	1	401765504	4	386
n-alstaatmpdx.r18	-	150000000	1	14733696	5	15
n-alstaatmpdx.r19	-	150000000	1	164733696	5	159
n-alstaatmpdx.r20	-	150000000	1	314733696	5	303
n-alstaatmpdx.r21	-	150000000	1	464733696	5	447
n-alstaatmpdx.r22	-	150000000	1	77648256	6	75
n-alstaatmpdx.r23	-	150000000	1	227648256	6	219
n-alstaatmpdx.r24	-	150000000	1	377648256	6	363
n-alstaatmpdx.r25	-	150000000	1	527648256	6	507
n-alstaatmpdx.r26	-	150000000	1	140562816	7	135
n-alstaatmpdx.r27	-	150000000	1	290562816	7	279
n-alstaatmpdx.r28	-	150000000	1	440562816	7	423
n-alstaatmpdx.r29	-	150000000	1	53531008	8	52
n-alstaatmpdx.r30	-	150000000	1	203531008	8	196
n-alstaatmpdx.r31	-	150000000	1	353531008	8	340
n-alstaatmpdx.r32	-	150000000	1	503531008	8	484
n-alstaatmpdx.r33	-	150000000	1	116445568	9	112
n-alstaatmpdx.r34	-	150000000	1	266445568	9	256
n-alstaatmpdx.r35	-	150000000	1	416445568	9	400
n-alstaatmpdx.r36	-	150000000	1	29413760	10	29
n-alstaatmpdx.r37	-	150000000	1	179413760	10	173
n-alstaatmpdx.r38	-	150000000	1	329413760	10	317
n-alstaatmpdx.r39	-	150000000	1	479413760	10	461
n-alstaatmpdx.r40	-	150000000	1	92328320	11	89
n-alstaatmpdx.r41	-	150000000	1	242328320	11	233
n-alstaatmpdx.r42	-	150000000	1	392328320	11	377
n-alstaatmpdx.r43	-	150000000	1	5296512	12	6
n-alstaatmpdx.r44	-	150000000	1	155296512	12	150
n-alstaatmpdx.r45	-	150000000	1	305296512	12	294
n-alstaatmpdx.r46	-	150000000	1	455296512	12	438
n-alstaatmpdx.r47	-	150000000	1	68211072	13	66
n-alstaatmpdx.r48	-	150000000	1	218211072	13	210
n-alstaatmpdx.r49	-	150000000	1	368211072	13	354
n-alstaatmpdx.r50	-	150000000	1	518211072	13	498
n-alstaatmpdx.r51	-	150000000	1	131125632	14	126
n-alstaatmpdx.r52	-	150000000	1	281125632	14	270
n-alstaatmpdx.r53	-	150000000	1	431125632	14	414
n-alstaatmpdx.r54	-	150000000	1	44093824	15	43
n-alstaatmpdx.r55	-	150000000	1	194093824	15	187
n-alstaatmpdx.r56	-	150000000	1	344093824	15	331
n-alstaatmpdx.r57	-	150000000	1	494093824	15	475
n-alstaatmpdx.r58	-	150000000	1	107008384	16	103
n-alstaatmpdx.r59	-	150000000	1	257008384	16	247
n-alstaatmpdx.r60	-	150000000	1	407008384	16	391
n-alstaatmpdx.r61	-	150000000	1	19976576	17	20
n-alstaatmpdx.r62	-	150000000	1	169976576	17	164
n-alstaatmpdx.r63	-	150000000	1	319976576	17	308
n-alstaatmpdx.r64	-	93982159	1	469976576	17	452
n-alstaatmpdx.rar	-	150000000	1	26873295	18	26
n-alstaatmpdx.sfv	-	1848	1	176873295	18	170
