v-killer_queen_black_v720896.nfo	-	7150	1	0	0	0
v-killer_queen_black_v720896.r00	-	50000000	1	7150	0	1
v-killer_queen_black_v720896.r01	-	50000000	1	50007150	0	49
v-killer_queen_black_v720896.r02	-	50000000	1	100007150	0	97
v-killer_queen_black_v720896.r03	-	50000000	1	150007150	0	145
v-killer_queen_black_v720896.r04	-	50000000	1	200007150	0	193
v-killer_queen_black_v720896.r05	-	50000000	1	250007150	0	241
v-killer_queen_black_v720896.r06	-	50000000	1	300007150	0	289
v-killer_queen_black_v720896.r07	-	50000000	1	350007150	0	337
v-killer_queen_black_v720896.r08	-	50000000	1	400007150	0	385
v-killer_queen_black_v720896.r09	-	50000000	1	450007150	0	433
v-killer_queen_black_v720896.r10	-	50000000	1	500007150	0	481
v-killer_queen_black_v720896.r11	-	50000000	1	12251264	1	12
v-killer_queen_black_v720896.r12	-	50000000	1	62251264	1	60
v-killer_queen_black_v720896.r13	-	50000000	1	112251264	1	108
v-killer_queen_black_v720896.r14	-	50000000	1	162251264	1	156
v-killer_queen_black_v720896.r15	-	50000000	1	212251264	1	204
v-killer_queen_black_v720896.r16	-	50000000	1	262251264	1	252
v-killer_queen_black_v720896.r17	-	50000000	1	312251264	1	300
v-killer_queen_black_v720896.r18	-	50000000	1	362251264	1	348
v-killer_queen_black_v720896.r19	-	50000000	1	412251264	1	396
v-killer_queen_black_v720896.r20	-	18855990	1	462251264	1	444
v-killer_queen_black_v720896.rar	-	50000000	1	481107254	1	462
v-killer_queen_black_v720896.sfv	-	946	1	531107254	1	510
