nnssww_syndrome.nfo	-	1106	1	0	0	0
nnssww_syndrome.r00	-	100000000	1	1106	0	1
nnssww_syndrome.r01	-	100000000	1	100001106	0	97
nnssww_syndrome.r02	-	100000000	1	200001106	0	193
nnssww_syndrome.r03	-	100000000	1	300001106	0	289
nnssww_syndrome.r04	-	100000000	1	400001106	0	385
nnssww_syndrome.r05	-	100000000	1	500001106	0	481
nnssww_syndrome.r06	-	100000000	1	62251264	1	60
nnssww_syndrome.r07	-	100000000	1	162251264	1	156
nnssww_syndrome.r08	-	100000000	1	262251264	1	252
nnssww_syndrome.r09	-	100000000	1	362251264	1	348
nnssww_syndrome.r10	-	100000000	1	462251264	1	444
nnssww_syndrome.r11	-	100000000	1	24502528	2	24
nnssww_syndrome.r12	-	100000000	1	124502528	2	120
nnssww_syndrome.r13	-	100000000	1	224502528	2	216
nnssww_syndrome.r14	-	100000000	1	324502528	2	312
nnssww_syndrome.r15	-	100000000	1	424502528	2	408
nnssww_syndrome.r16	-	100000000	1	524502528	2	504
nnssww_syndrome.r17	-	100000000	1	87417088	3	84
nnssww_syndrome.r18	-	100000000	1	187417088	3	180
nnssww_syndrome.r19	-	100000000	1	287417088	3	276
nnssww_syndrome.r20	-	100000000	1	387417088	3	372
nnssww_syndrome.r21	-	100000000	1	487417088	3	468
nnssww_syndrome.r22	-	100000000	1	49668352	4	48
nnssww_syndrome.r23	-	100000000	1	149668352	4	144
nnssww_syndrome.r24	-	100000000	1	249668352	4	240
nnssww_syndrome.r25	-	100000000	1	349668352	4	336
nnssww_syndrome.r26	-	100000000	1	449668352	4	432
nnssww_syndrome.r27	-	100000000	1	11919616	5	12
nnssww_syndrome.r28	-	100000000	1	111919616	5	108
nnssww_syndrome.r29	-	100000000	1	211919616	5	204
nnssww_syndrome.r30	-	100000000	1	311919616	5	300
nnssww_syndrome.r31	-	100000000	1	411919616	5	396
nnssww_syndrome.r32	-	100000000	1	511919616	5	492
nnssww_syndrome.r33	-	100000000	1	74834176	6	72
nnssww_syndrome.r34	-	100000000	1	174834176	6	168
nnssww_syndrome.r35	-	100000000	1	274834176	6	264
nnssww_syndrome.r36	-	100000000	1	374834176	6	360
nnssww_syndrome.r37	-	100000000	1	474834176	6	456
nnssww_syndrome.r38	-	100000000	1	37085440	7	36
nnssww_syndrome.r39	-	100000000	1	137085440	7	132
nnssww_syndrome.r40	-	100000000	1	237085440	7	228
nnssww_syndrome.r41	-	100000000	1	337085440	7	324
nnssww_syndrome.r42	-	100000000	1	437085440	7	420
nnssww_syndrome.r43	-	100000000	1	0	8	0
nnssww_syndrome.r44	-	100000000	1	100000000	8	96
nnssww_syndrome.r45	-	100000000	1	200000000	8	192
nnssww_syndrome.r46	-	100000000	1	300000000	8	288
nnssww_syndrome.r47	-	100000000	1	400000000	8	384
nnssww_syndrome.r48	-	100000000	1	500000000	8	480
nnssww_syndrome.r49	-	100000000	1	62251264	9	60
nnssww_syndrome.r50	-	100000000	1	162251264	9	156
nnssww_syndrome.r51	-	100000000	1	262251264	9	252
nnssww_syndrome.r52	-	100000000	1	362251264	9	348
nnssww_syndrome.r53	-	100000000	1	462251264	9	444
nnssww_syndrome.r54	-	100000000	1	24502528	10	24
nnssww_syndrome.r55	-	100000000	1	124502528	10	120
nnssww_syndrome.r56	-	100000000	1	224502528	10	216
nnssww_syndrome.r57	-	64487929	1	324502528	10	312
nnssww_syndrome.rar	-	100000000	1	388990457	10	374
nnssww_syndrome.sfv	-	1770	1	488990457	10	470
