v-northgard_v393216.nfo	-	6215	1	0	0	0
v-northgard_v393216.r00	-	50000000	1	6215	0	1
v-northgard_v393216.r01	-	50000000	1	50006215	0	49
v-northgard_v393216.r02	-	50000000	1	100006215	0	97
v-northgard_v393216.r03	-	50000000	1	150006215	0	145
v-northgard_v393216.r04	-	50000000	1	200006215	0	193
v-northgard_v393216.r05	-	50000000	1	250006215	0	241
v-northgard_v393216.r06	-	50000000	1	300006215	0	289
v-northgard_v393216.r07	-	14177766	1	350006215	0	337
v-northgard_v393216.rar	-	50000000	1	364183981	0	351
v-northgard_v393216.sfv	-	306	1	414183981	0	399
