sxs-ultra_age_v393216.nfo	-	7382	1	0	0	0
sxs-ultra_age_v393216.r00	-	100000000	1	7382	0	1
sxs-ultra_age_v393216.r01	-	100000000	1	100007382	0	97
sxs-ultra_age_v393216.r02	-	100000000	1	200007382	0	193
sxs-ultra_age_v393216.r03	-	100000000	1	300007382	0	289
sxs-ultra_age_v393216.r04	-	100000000	1	400007382	0	385
sxs-ultra_age_v393216.r05	-	100000000	1	500007382	0	481
sxs-ultra_age_v393216.r06	-	100000000	1	62251264	1	60
sxs-ultra_age_v393216.r07	-	100000000	1	162251264	1	156
sxs-ultra_age_v393216.r08	-	100000000	1	262251264	1	252
sxs-ultra_age_v393216.r09	-	100000000	1	362251264	1	348
sxs-ultra_age_v393216.r10	-	100000000	1	462251264	1	444
sxs-ultra_age_v393216.r11	-	100000000	1	24502528	2	24
sxs-ultra_age_v393216.r12	-	100000000	1	124502528	2	120
sxs-ultra_age_v393216.r13	-	100000000	1	224502528	2	216
sxs-ultra_age_v393216.r14	-	100000000	1	324502528	2	312
sxs-ultra_age_v393216.r15	-	100000000	1	424502528	2	408
sxs-ultra_age_v393216.r16	-	100000000	1	524502528	2	504
sxs-ultra_age_v393216.r17	-	100000000	1	87417088	3	84
sxs-ultra_age_v393216.r18	-	100000000	1	187417088	3	180
sxs-ultra_age_v393216.r19	-	100000000	1	287417088	3	276
sxs-ultra_age_v393216.r20	-	100000000	1	387417088	3	372
sxs-ultra_age_v393216.r21	-	33222098	1	487417088	3	468
sxs-ultra_age_v393216.rar	-	100000000	1	520639186	3	500
sxs-ultra_age_v393216.sfv	-	828	1	83222784	4	80
