sxs-save_koch.nfo	-	5043	1	0	0	0
sxs-save_koch.r00	-	50000000	1	5043	0	1
sxs-save_koch.r01	-	50000000	1	50005043	0	49
sxs-save_koch.r02	-	50000000	1	100005043	0	97
sxs-save_koch.r03	-	50000000	1	150005043	0	145
sxs-save_koch.r04	-	50000000	1	200005043	0	193
sxs-save_koch.r05	-	50000000	1	250005043	0	241
sxs-save_koch.r06	-	50000000	1	300005043	0	289
sxs-save_koch.r07	-	50000000	1	350005043	0	337
sxs-save_koch.r08	-	50000000	1	400005043	0	385
sxs-save_koch.r09	-	50000000	1	450005043	0	433
sxs-save_koch.r10	-	50000000	1	500005043	0	481
sxs-save_koch.r11	-	50000000	1	12251264	1	12
sxs-save_koch.r12	-	50000000	1	62251264	1	60
sxs-save_koch.r13	-	50000000	1	112251264	1	108
sxs-save_koch.r14	-	50000000	1	162251264	1	156
sxs-save_koch.r15	-	50000000	1	212251264	1	204
sxs-save_koch.r16	-	50000000	1	262251264	1	252
sxs-save_koch.r17	-	50000000	1	312251264	1	300
sxs-save_koch.r18	-	50000000	1	362251264	1	348
sxs-save_koch.r19	-	50000000	1	412251264	1	396
sxs-save_koch.r20	-	50000000	1	462251264	1	444
sxs-save_koch.r21	-	50000000	1	512251264	1	492
sxs-save_koch.r22	-	1601925	1	24834176	2	24
sxs-save_koch.rar	-	50000000	1	26436101	2	26
sxs-save_koch.sfv	-	672	1	76436101	2	74
