v-unto_the_end_v196608.nfo	-	5824	1	0	0	0
v-unto_the_end_v196608.r00	-	50000000	1	5824	0	1
v-unto_the_end_v196608.r01	-	50000000	1	50005824	0	49
v-unto_the_end_v196608.r02	-	50000000	1	100005824	0	97
v-unto_the_end_v196608.r03	-	50000000	1	150005824	0	145
v-unto_the_end_v196608.r04	-	50000000	1	200005824	0	193
v-unto_the_end_v196608.r05	-	50000000	1	250005824	0	241
v-unto_the_end_v196608.r06	-	50000000	1	300005824	0	289
v-unto_the_end_v196608.r07	-	50000000	1	350005824	0	337
v-unto_the_end_v196608.r08	-	8344958	1	400005824	0	385
v-unto_the_end_v196608.rar	-	50000000	1	408350782	0	393
v-unto_the_end_v196608.sfv	-	370	1	458350782	0	441
