sxs-dice_legacy_v393216.nfo	-	6524	1	0	0	0
sxs-dice_legacy_v393216.r00	-	50000000	1	6524	0	1
sxs-dice_legacy_v393216.r01	-	50000000	1	50006524	0	49
sxs-dice_legacy_v393216.r02	-	50000000	1	100006524	0	97
sxs-dice_legacy_v393216.r03	-	50000000	1	150006524	0	145
sxs-dice_legacy_v393216.r04	-	50000000	1	200006524	0	193
sxs-dice_legacy_v393216.r05	-	50000000	1	250006524	0	241
sxs-dice_legacy_v393216.r06	-	50000000	1	300006524	0	289
sxs-dice_legacy_v393216.r07	-	50000000	1	350006524	0	337
sxs-dice_legacy_v393216.r08	-	19273599	1	400006524	0	385
sxs-dice_legacy_v393216.rar	-	50000000	1	419280123	0	404
sxs-dice_legacy_v393216.sfv	-	380	1	469280123	0	452
