Proof	d	0	1	0	0	0
Proof/sxs-fatal_twelve.jpg	-	163380	1	0	0	0
sxs-fatal_twelve.nfo	-	9176	1	163380	0	1
sxs-fatal_twelve.r00	-	100000000	1	172556	0	2
sxs-fatal_twelve.r01	-	100000000	1	100172556	0	98
sxs-fatal_twelve.r02	-	100000000	1	200172556	0	194
sxs-fatal_twelve.r03	-	100000000	1	300172556	0	290
sxs-fatal_twelve.r04	-	100000000	1	400172556	0	386
sxs-fatal_twelve.r05	-	100000000	1	500172556	0	482
sxs-fatal_twelve.r06	-	100000000	1	63299840	1	61
sxs-fatal_twelve.r07	-	100000000	1	163299840	1	157
sxs-fatal_twelve.r08	-	100000000	1	263299840	1	253
sxs-fatal_twelve.r09	-	100000000	1	363299840	1	349
sxs-fatal_twelve.r10	-	100000000	1	463299840	1	445
sxs-fatal_twelve.r11	-	100000000	1	25551104	2	25
sxs-fatal_twelve.r12	-	100000000	1	125551104	2	121
sxs-fatal_twelve.r13	-	100000000	1	225551104	2	217
sxs-fatal_twelve.r14	-	100000000	1	325551104	2	313
sxs-fatal_twelve.r15	-	100000000	1	425551104	2	409
sxs-fatal_twelve.r16	-	100000000	1	525551104	2	505
sxs-fatal_twelve.r17	-	100000000	1	88465664	3	85
sxs-fatal_twelve.r18	-	100000000	1	188465664	3	181
sxs-fatal_twelve.r19	-	100000000	1	288465664	3	277
sxs-fatal_twelve.r20	-	100000000	1	388465664	3	373
sxs-fatal_twelve.r21	-	100000000	1	488465664	3	469
sxs-fatal_twelve.r22	-	100000000	1	50716928	4	49
sxs-fatal_twelve.r23	-	100000000	1	150716928	4	145
sxs-fatal_twelve.r24	-	100000000	1	250716928	4	241
sxs-fatal_twelve.r25	-	100000000	1	350716928	4	337
sxs-fatal_twelve.r26	-	100000000	1	450716928	4	433
sxs-fatal_twelve.r27	-	100000000	1	12968192	5	13
sxs-fatal_twelve.r28	-	100000000	1	112968192	5	109
sxs-fatal_twelve.r29	-	100000000	1	212968192	5	205
sxs-fatal_twelve.r30	-	100000000	1	312968192	5	301
sxs-fatal_twelve.r31	-	100000000	1	412968192	5	397
sxs-fatal_twelve.r32	-	100000000	1	512968192	5	493
sxs-fatal_twelve.r33	-	100000000	1	75882752	6	73
sxs-fatal_twelve.r34	-	100000000	1	175882752	6	169
sxs-fatal_twelve.r35	-	39179403	1	275882752	6	265
sxs-fatal_twelve.rar	-	100000000	1	315062155	6	303
sxs-fatal_twelve.sfv	-	1147	1	415062155	6	399
