sxs-guardian_tales_v524288.nfo	-	7716	1	0	0	0
sxs-guardian_tales_v524288.r00	-	100000000	1	7716	0	1
sxs-guardian_tales_v524288.r01	-	100000000	1	100007716	0	97
sxs-guardian_tales_v524288.r02	-	100000000	1	200007716	0	193
sxs-guardian_tales_v524288.r03	-	100000000	1	300007716	0	289
sxs-guardian_tales_v524288.r04	-	100000000	1	400007716	0	385
sxs-guardian_tales_v524288.r05	-	100000000	1	500007716	0	481
sxs-guardian_tales_v524288.r06	-	100000000	1	62251264	1	60
sxs-guardian_tales_v524288.r07	-	100000000	1	162251264	1	156
sxs-guardian_tales_v524288.r08	-	100000000	1	262251264	1	252
sxs-guardian_tales_v524288.r09	-	100000000	1	362251264	1	348
sxs-guardian_tales_v524288.r10	-	100000000	1	462251264	1	444
sxs-guardian_tales_v524288.r11	-	100000000	1	24502528	2	24
sxs-guardian_tales_v524288.r12	-	100000000	1	124502528	2	120
sxs-guardian_tales_v524288.r13	-	100000000	1	224502528	2	216
sxs-guardian_tales_v524288.r14	-	100000000	1	324502528	2	312
sxs-guardian_tales_v524288.r15	-	100000000	1	424502528	2	408
sxs-guardian_tales_v524288.r16	-	100000000	1	524502528	2	504
sxs-guardian_tales_v524288.r17	-	100000000	1	87417088	3	84
sxs-guardian_tales_v524288.r18	-	100000000	1	187417088	3	180
sxs-guardian_tales_v524288.r19	-	100000000	1	287417088	3	276
sxs-guardian_tales_v524288.r20	-	100000000	1	387417088	3	372
sxs-guardian_tales_v524288.r21	-	100000000	1	487417088	3	468
sxs-guardian_tales_v524288.r22	-	100000000	1	49668352	4	48
sxs-guardian_tales_v524288.r23	-	100000000	1	149668352	4	144
sxs-guardian_tales_v524288.r24	-	100000000	1	249668352	4	240
sxs-guardian_tales_v524288.r25	-	100000000	1	349668352	4	336
sxs-guardian_tales_v524288.r26	-	100000000	1	449668352	4	432
sxs-guardian_tales_v524288.r27	-	100000000	1	11919616	5	12
sxs-guardian_tales_v524288.r28	-	100000000	1	111919616	5	108
sxs-guardian_tales_v524288.r29	-	42362105	1	211919616	5	204
sxs-guardian_tales_v524288.rar	-	100000000	1	254281721	5	245
sxs-guardian_tales_v524288.sfv	-	1271	1	354281721	5	341
