sxs-warparty_v131072.nfo	-	4496	1	0	0	0
sxs-warparty_v131072.r00	-	50000000	1	4496	0	1
sxs-warparty_v131072.r01	-	50000000	1	50004496	0	49
sxs-warparty_v131072.r02	-	50000000	1	100004496	0	97
sxs-warparty_v131072.r03	-	50000000	1	150004496	0	145
sxs-warparty_v131072.r04	-	50000000	1	200004496	0	193
sxs-warparty_v131072.r05	-	50000000	1	250004496	0	241
sxs-warparty_v131072.r06	-	50000000	1	300004496	0	289
sxs-warparty_v131072.r07	-	50000000	1	350004496	0	337
sxs-warparty_v131072.r08	-	50000000	1	400004496	0	385
sxs-warparty_v131072.r09	-	50000000	1	450004496	0	433
sxs-warparty_v131072.r10	-	50000000	1	500004496	0	481
sxs-warparty_v131072.r11	-	50000000	1	12251264	1	12
sxs-warparty_v131072.r12	-	50000000	1	62251264	1	60
sxs-warparty_v131072.r13	-	50000000	1	112251264	1	108
sxs-warparty_v131072.r14	-	50000000	1	162251264	1	156
sxs-warparty_v131072.r15	-	50000000	1	212251264	1	204
sxs-warparty_v131072.r16	-	50000000	1	262251264	1	252
sxs-warparty_v131072.r17	-	50000000	1	312251264	1	300
sxs-warparty_v131072.r18	-	50000000	1	362251264	1	348
sxs-warparty_v131072.r19	-	50000000	1	412251264	1	396
sxs-warparty_v131072.r20	-	50000000	1	462251264	1	444
sxs-warparty_v131072.r21	-	50000000	1	512251264	1	492
sxs-warparty_v131072.r22	-	50000000	1	24834176	2	24
sxs-warparty_v131072.r23	-	50000000	1	74834176	2	72
sxs-warparty_v131072.r24	-	50000000	1	124834176	2	120
sxs-warparty_v131072.r25	-	50000000	1	174834176	2	168
sxs-warparty_v131072.r26	-	50000000	1	224834176	2	216
sxs-warparty_v131072.r27	-	29210666	1	274834176	2	264
sxs-warparty_v131072.rar	-	50000000	1	304044842	2	292
sxs-warparty_v131072.sfv	-	1015	1	354044842	2	340
