v-doom_1993_v327680.nfo	-	4732	1	0	0	0
v-doom_1993_v327680.r00	-	50000000	1	4732	0	1
v-doom_1993_v327680.r01	-	50000000	1	50004732	0	49
v-doom_1993_v327680.r02	-	50000000	1	100004732	0	97
v-doom_1993_v327680.r03	-	50000000	1	150004732	0	145
v-doom_1993_v327680.r04	-	50000000	1	200004732	0	193
v-doom_1993_v327680.r05	-	50000000	1	250004732	0	241
v-doom_1993_v327680.r06	-	50000000	1	300004732	0	289
v-doom_1993_v327680.r07	-	50000000	1	350004732	0	337
v-doom_1993_v327680.r08	-	3604564	1	400004732	0	385
v-doom_1993_v327680.rar	-	50000000	1	403609296	0	389
v-doom_1993_v327680.sfv	-	340	1	453609296	0	437
