v-muse_dash_v458752.nfo	-	7164	1	0	0	0
v-muse_dash_v458752.r00	-	50000000	1	7164	0	1
v-muse_dash_v458752.r01	-	50000000	1	50007164	0	49
v-muse_dash_v458752.r02	-	50000000	1	100007164	0	97
v-muse_dash_v458752.r03	-	50000000	1	150007164	0	145
v-muse_dash_v458752.r04	-	50000000	1	200007164	0	193
v-muse_dash_v458752.r05	-	50000000	1	250007164	0	241
v-muse_dash_v458752.r06	-	50000000	1	300007164	0	289
v-muse_dash_v458752.r07	-	50000000	1	350007164	0	337
v-muse_dash_v458752.r08	-	42241078	1	400007164	0	385
v-muse_dash_v458752.rar	-	50000000	1	442248242	0	426
v-muse_dash_v458752.sfv	-	340	1	492248242	0	474
