hr-dunklords.nfo	-	11258	1	0	0	0
hr-dunklords.r00	-	50000000	1	11258	0	1
hr-dunklords.r01	-	50000000	1	50011258	0	49
hr-dunklords.r02	-	50000000	1	100011258	0	97
hr-dunklords.r03	-	50000000	1	150011258	0	145
hr-dunklords.r04	-	50000000	1	200011258	0	193
hr-dunklords.r05	-	50000000	1	250011258	0	241
hr-dunklords.r06	-	50000000	1	300011258	0	289
hr-dunklords.r07	-	50000000	1	350011258	0	337
hr-dunklords.r08	-	50000000	1	400011258	0	385
hr-dunklords.r09	-	50000000	1	450011258	0	433
hr-dunklords.r10	-	50000000	1	500011258	0	481
hr-dunklords.r11	-	50000000	1	12251264	1	12
hr-dunklords.r12	-	50000000	1	62251264	1	60
hr-dunklords.r13	-	50000000	1	112251264	1	108
hr-dunklords.r14	-	50000000	1	162251264	1	156
hr-dunklords.r15	-	50000000	1	212251264	1	204
hr-dunklords.r16	-	50000000	1	262251264	1	252
hr-dunklords.r17	-	50000000	1	312251264	1	300
hr-dunklords.r18	-	50000000	1	362251264	1	348
hr-dunklords.r19	-	50000000	1	412251264	1	396
hr-dunklords.r20	-	50000000	1	462251264	1	444
hr-dunklords.r21	-	50000000	1	512251264	1	492
hr-dunklords.r22	-	50000000	1	24834176	2	24
hr-dunklords.r23	-	50000000	1	74834176	2	72
hr-dunklords.r24	-	50000000	1	124834176	2	120
hr-dunklords.r25	-	50000000	1	174834176	2	168
hr-dunklords.r26	-	50000000	1	224834176	2	216
hr-dunklords.r27	-	50000000	1	274834176	2	264
hr-dunklords.r28	-	50000000	1	324834176	2	312
hr-dunklords.r29	-	50000000	1	374834176	2	360
hr-dunklords.r30	-	50000000	1	424834176	2	408
hr-dunklords.r31	-	50000000	1	474834176	2	456
hr-dunklords.r32	-	50000000	1	524834176	2	504
hr-dunklords.r33	-	50000000	1	37417088	3	36
hr-dunklords.r34	-	50000000	1	87417088	3	84
hr-dunklords.r35	-	50000000	1	137417088	3	132
hr-dunklords.r36	-	50000000	1	187417088	3	180
hr-dunklords.r37	-	50000000	1	237417088	3	228
hr-dunklords.r38	-	50000000	1	287417088	3	276
hr-dunklords.r39	-	50000000	1	337417088	3	324
hr-dunklords.r40	-	50000000	1	387417088	3	372
hr-dunklords.r41	-	50000000	1	437417088	3	420
hr-dunklords.r42	-	50000000	1	487417088	3	468
hr-dunklords.r43	-	50000000	1	0	4	0
hr-dunklords.r44	-	50000000	1	50000000	4	48
hr-dunklords.r45	-	50000000	1	100000000	4	96
hr-dunklords.r46	-	50000000	1	150000000	4	144
hr-dunklords.r47	-	50000000	1	200000000	4	192
hr-dunklords.r48	-	50000000	1	250000000	4	240
hr-dunklords.r49	-	50000000	1	300000000	4	288
hr-dunklords.r50	-	50000000	1	350000000	4	336
hr-dunklords.r51	-	50000000	1	400000000	4	384
hr-dunklords.r52	-	50000000	1	450000000	4	432
hr-dunklords.r53	-	50000000	1	500000000	4	480
hr-dunklords.r54	-	50000000	1	12251264	5	12
hr-dunklords.r55	-	50000000	1	62251264	5	60
hr-dunklords.r56	-	50000000	1	112251264	5	108
hr-dunklords.r57	-	50000000	1	162251264	5	156
hr-dunklords.r58	-	50000000	1	212251264	5	204
hr-dunklords.r59	-	50000000	1	262251264	5	252
hr-dunklords.r60	-	50000000	1	312251264	5	300
hr-dunklords.r61	-	33684555	1	362251264	5	348
hr-dunklords.rar	-	50000000	1	395935819	5	381
hr-dunklords.sfv	-	1701	1	445935819	5	429
