sxs-n64_v983040.nfo	-	5978	1	0	0	0
sxs-n64_v983040.r00	-	100000000	1	5978	0	1
sxs-n64_v983040.r01	-	100000000	1	100005978	0	97
sxs-n64_v983040.r02	-	100000000	1	200005978	0	193
sxs-n64_v983040.r03	-	100000000	1	300005978	0	289
sxs-n64_v983040.r04	-	100000000	1	400005978	0	385
sxs-n64_v983040.r05	-	100000000	1	500005978	0	481
sxs-n64_v983040.r06	-	100000000	1	62251264	1	60
sxs-n64_v983040.r07	-	100000000	1	162251264	1	156
sxs-n64_v983040.r08	-	27508211	1	262251264	1	252
sxs-n64_v983040.rar	-	100000000	1	289759475	1	279
sxs-n64_v983040.sfv	-	300	1	389759475	1	375
