v-lego_bricktales_v458752.nfo	-	9256	1	0	0	0
v-lego_bricktales_v458752.r00	-	100000000	1	9256	0	1
v-lego_bricktales_v458752.r01	-	100000000	1	100009256	0	97
v-lego_bricktales_v458752.r02	-	100000000	1	200009256	0	193
v-lego_bricktales_v458752.r03	-	100000000	1	300009256	0	289
v-lego_bricktales_v458752.r04	-	100000000	1	400009256	0	385
v-lego_bricktales_v458752.r05	-	100000000	1	500009256	0	481
v-lego_bricktales_v458752.r06	-	100000000	1	62251264	1	60
v-lego_bricktales_v458752.r07	-	100000000	1	162251264	1	156
v-lego_bricktales_v458752.r08	-	81667427	1	262251264	1	252
v-lego_bricktales_v458752.rar	-	100000000	1	343918691	1	330
v-lego_bricktales_v458752.sfv	-	400	1	443918691	1	426
