sxs-koloro_v131072.nfo	-	5510	1	0	0	0
sxs-koloro_v131072.r00	-	50000000	1	5510	0	1
sxs-koloro_v131072.r01	-	50000000	1	50005510	0	49
sxs-koloro_v131072.r02	-	50000000	1	100005510	0	97
sxs-koloro_v131072.r03	-	50000000	1	150005510	0	145
sxs-koloro_v131072.r04	-	50000000	1	200005510	0	193
sxs-koloro_v131072.r05	-	50000000	1	250005510	0	241
sxs-koloro_v131072.r06	-	50000000	1	300005510	0	289
sxs-koloro_v131072.r07	-	50000000	1	350005510	0	337
sxs-koloro_v131072.r08	-	50000000	1	400005510	0	385
sxs-koloro_v131072.r09	-	50000000	1	450005510	0	433
sxs-koloro_v131072.r10	-	50000000	1	500005510	0	481
sxs-koloro_v131072.r11	-	50000000	1	12251264	1	12
sxs-koloro_v131072.r12	-	50000000	1	62251264	1	60
sxs-koloro_v131072.r13	-	50000000	1	112251264	1	108
sxs-koloro_v131072.r14	-	50000000	1	162251264	1	156
sxs-koloro_v131072.r15	-	50000000	1	212251264	1	204
sxs-koloro_v131072.r16	-	50000000	1	262251264	1	252
sxs-koloro_v131072.r17	-	16606217	1	312251264	1	300
sxs-koloro_v131072.rar	-	50000000	1	328857481	1	316
sxs-koloro_v131072.sfv	-	627	1	378857481	1	364
