sxs-nekopara1_v262144.nfo	-	5354	1	0	0	0
sxs-nekopara1_v262144.r00	-	50000000	1	5354	0	1
sxs-nekopara1_v262144.r01	-	50000000	1	50005354	0	49
sxs-nekopara1_v262144.r02	-	50000000	1	100005354	0	97
sxs-nekopara1_v262144.r03	-	50000000	1	150005354	0	145
sxs-nekopara1_v262144.r04	-	50000000	1	200005354	0	193
sxs-nekopara1_v262144.r05	-	50000000	1	250005354	0	241
sxs-nekopara1_v262144.r06	-	13573501	1	300005354	0	289
sxs-nekopara1_v262144.rar	-	50000000	1	313578855	0	302
sxs-nekopara1_v262144.sfv	-	288	1	363578855	0	350
