v-strayed_lights.nfo	-	4498	1	0	0	0
v-strayed_lights.r00	-	100000000	1	4498	0	1
v-strayed_lights.r01	-	100000000	1	100004498	0	97
v-strayed_lights.r02	-	100000000	1	200004498	0	193
v-strayed_lights.r03	-	100000000	1	300004498	0	289
v-strayed_lights.r04	-	100000000	1	400004498	0	385
v-strayed_lights.r05	-	100000000	1	500004498	0	481
v-strayed_lights.r06	-	100000000	1	62251264	1	60
v-strayed_lights.r07	-	100000000	1	162251264	1	156
v-strayed_lights.r08	-	100000000	1	262251264	1	252
v-strayed_lights.r09	-	100000000	1	362251264	1	348
v-strayed_lights.r10	-	100000000	1	462251264	1	444
v-strayed_lights.r11	-	100000000	1	24502528	2	24
v-strayed_lights.r12	-	100000000	1	124502528	2	120
v-strayed_lights.r13	-	100000000	1	224502528	2	216
v-strayed_lights.r14	-	100000000	1	324502528	2	312
v-strayed_lights.r15	-	100000000	1	424502528	2	408
v-strayed_lights.r16	-	100000000	1	524502528	2	504
v-strayed_lights.r17	-	100000000	1	87417088	3	84
v-strayed_lights.r18	-	100000000	1	187417088	3	180
v-strayed_lights.r19	-	100000000	1	287417088	3	276
v-strayed_lights.r20	-	100000000	1	387417088	3	372
v-strayed_lights.r21	-	100000000	1	487417088	3	468
v-strayed_lights.r22	-	100000000	1	49668352	4	48
v-strayed_lights.r23	-	100000000	1	149668352	4	144
v-strayed_lights.r24	-	100000000	1	249668352	4	240
v-strayed_lights.r25	-	100000000	1	349668352	4	336
v-strayed_lights.r26	-	100000000	1	449668352	4	432
v-strayed_lights.r27	-	100000000	1	11919616	5	12
v-strayed_lights.r28	-	100000000	1	111919616	5	108
v-strayed_lights.r29	-	100000000	1	211919616	5	204
v-strayed_lights.r30	-	100000000	1	311919616	5	300
v-strayed_lights.r31	-	100000000	1	411919616	5	396
v-strayed_lights.r32	-	60017988	1	511919616	5	492
v-strayed_lights.rar	-	100000000	1	34852164	6	34
v-strayed_lights.sfv	-	1054	1	134852164	6	130
