sxs-ship_of_fools_v262144.nfo	-	7460	1	0	0	0
sxs-ship_of_fools_v262144.r00	-	100000000	1	7460	0	1
sxs-ship_of_fools_v262144.r01	-	100000000	1	100007460	0	97
sxs-ship_of_fools_v262144.r02	-	100000000	1	200007460	0	193
sxs-ship_of_fools_v262144.r03	-	100000000	1	300007460	0	289
sxs-ship_of_fools_v262144.r04	-	100000000	1	400007460	0	385
sxs-ship_of_fools_v262144.r05	-	100000000	1	500007460	0	481
sxs-ship_of_fools_v262144.r06	-	100000000	1	62251264	1	60
sxs-ship_of_fools_v262144.r07	-	100000000	1	162251264	1	156
sxs-ship_of_fools_v262144.r08	-	100000000	1	262251264	1	252
sxs-ship_of_fools_v262144.r09	-	100000000	1	362251264	1	348
sxs-ship_of_fools_v262144.r10	-	23779221	1	462251264	1	444
sxs-ship_of_fools_v262144.rar	-	100000000	1	486030485	1	467
sxs-ship_of_fools_v262144.sfv	-	480	1	48619776	2	47
