bbb-h-ah5bc.nfo	-	5517	1	0	0	0
bbb-h-ah5bc.part01.rar	-	250000000	1	5517	0	1
bbb-h-ah5bc.part02.rar	-	250000000	1	250005517	0	240
bbb-h-ah5bc.part03.rar	-	250000000	1	500005517	0	479
bbb-h-ah5bc.part04.rar	-	250000000	1	212251264	1	203
bbb-h-ah5bc.part05.rar	-	250000000	1	462251264	1	442
bbb-h-ah5bc.part06.rar	-	250000000	1	174502528	2	167
bbb-h-ah5bc.part07.rar	-	250000000	1	424502528	2	406
bbb-h-ah5bc.part08.rar	-	250000000	1	136753792	3	131
bbb-h-ah5bc.part09.rar	-	250000000	1	386753792	3	370
bbb-h-ah5bc.part10.rar	-	250000000	1	99005056	4	95
bbb-h-ah5bc.part11.rar	-	250000000	1	349005056	4	334
bbb-h-ah5bc.part12.rar	-	250000000	1	61256320	5	59
bbb-h-ah5bc.part13.rar	-	250000000	1	311256320	5	298
bbb-h-ah5bc.part14.rar	-	250000000	1	23507584	6	23
bbb-h-ah5bc.part15.rar	-	242709627	1	273507584	6	262
bbb-h-ah5bc.sfv	-	495	1	516217211	6	494
