Proof	d	0	1	0	0	0
Proof/v-twermx.jpg	-	95594	1	0	0	0
v-twermx.nfo	-	4732	1	95594	0	1
v-twermx.r00	-	50000000	1	100326	0	2
v-twermx.r01	-	50000000	1	50100326	0	50
v-twermx.r02	-	50000000	1	100100326	0	98
v-twermx.r03	-	50000000	1	150100326	0	146
v-twermx.r04	-	50000000	1	200100326	0	194
v-twermx.r05	-	50000000	1	250100326	0	242
v-twermx.r06	-	50000000	1	300100326	0	290
v-twermx.r07	-	50000000	1	350100326	0	338
v-twermx.r08	-	50000000	1	400100326	0	386
v-twermx.r09	-	50000000	1	450100326	0	434
v-twermx.r10	-	50000000	1	500100326	0	482
v-twermx.r11	-	50000000	1	12251264	1	12
v-twermx.r12	-	50000000	1	62251264	1	60
v-twermx.r13	-	50000000	1	112251264	1	108
v-twermx.r14	-	50000000	1	162251264	1	156
v-twermx.r15	-	50000000	1	212251264	1	204
v-twermx.r16	-	50000000	1	262251264	1	252
v-twermx.r17	-	50000000	1	312251264	1	300
v-twermx.r18	-	50000000	1	362251264	1	348
v-twermx.r19	-	50000000	1	412251264	1	396
v-twermx.r20	-	50000000	1	462251264	1	444
v-twermx.r21	-	50000000	1	512251264	1	492
v-twermx.r22	-	50000000	1	24834176	2	24
v-twermx.r23	-	50000000	1	74834176	2	72
v-twermx.r24	-	50000000	1	124834176	2	120
v-twermx.r25	-	50000000	1	174834176	2	168
v-twermx.r26	-	50000000	1	224834176	2	216
v-twermx.r27	-	50000000	1	274834176	2	264
v-twermx.r28	-	50000000	1	324834176	2	312
v-twermx.r29	-	50000000	1	374834176	2	360
v-twermx.r30	-	50000000	1	424834176	2	408
v-twermx.r31	-	50000000	1	474834176	2	456
v-twermx.r32	-	50000000	1	524834176	2	504
v-twermx.r33	-	50000000	1	37417088	3	36
v-twermx.r34	-	50000000	1	87417088	3	84
v-twermx.r35	-	50000000	1	137417088	3	132
v-twermx.r36	-	50000000	1	187417088	3	180
v-twermx.r37	-	50000000	1	237417088	3	228
v-twermx.r38	-	50000000	1	287417088	3	276
v-twermx.r39	-	50000000	1	337417088	3	324
v-twermx.r40	-	50000000	1	387417088	3	372
v-twermx.r41	-	50000000	1	437417088	3	420
v-twermx.r42	-	50000000	1	487417088	3	468
v-twermx.r43	-	50000000	1	0	4	0
v-twermx.r44	-	50000000	1	50000000	4	48
v-twermx.r45	-	50000000	1	100000000	4	96
v-twermx.r46	-	50000000	1	150000000	4	144
v-twermx.r47	-	50000000	1	200000000	4	192
v-twermx.r48	-	50000000	1	250000000	4	240
v-twermx.r49	-	50000000	1	300000000	4	288
v-twermx.r50	-	50000000	1	350000000	4	336
v-twermx.r51	-	50000000	1	400000000	4	384
v-twermx.r52	-	50000000	1	450000000	4	432
v-twermx.r53	-	50000000	1	500000000	4	480
v-twermx.r54	-	50000000	1	12251264	5	12
v-twermx.r55	-	50000000	1	62251264	5	60
v-twermx.r56	-	12141462	1	112251264	5	108
v-twermx.rar	-	50000000	1	124392726	5	120
v-twermx.sfv	-	1334	1	174392726	5	168
