gant-ocse2.nfo	-	9802	1	0	0	0
gant-ocse2.r00	-	100000000	1	9802	0	1
gant-ocse2.r01	-	100000000	1	100009802	0	97
gant-ocse2.r02	-	100000000	1	200009802	0	193
gant-ocse2.r03	-	100000000	1	300009802	0	289
gant-ocse2.r04	-	100000000	1	400009802	0	385
gant-ocse2.r05	-	100000000	1	500009802	0	481
gant-ocse2.r06	-	100000000	1	62251264	1	60
gant-ocse2.r07	-	100000000	1	162251264	1	156
gant-ocse2.r08	-	100000000	1	262251264	1	252
gant-ocse2.r09	-	100000000	1	362251264	1	348
gant-ocse2.r10	-	100000000	1	462251264	1	444
gant-ocse2.r11	-	100000000	1	24502528	2	24
gant-ocse2.r12	-	100000000	1	124502528	2	120
gant-ocse2.r13	-	100000000	1	224502528	2	216
gant-ocse2.r14	-	100000000	1	324502528	2	312
gant-ocse2.r15	-	100000000	1	424502528	2	408
gant-ocse2.r16	-	100000000	1	524502528	2	504
gant-ocse2.r17	-	100000000	1	87417088	3	84
gant-ocse2.r18	-	100000000	1	187417088	3	180
gant-ocse2.r19	-	100000000	1	287417088	3	276
gant-ocse2.r20	-	100000000	1	387417088	3	372
gant-ocse2.r21	-	100000000	1	487417088	3	468
gant-ocse2.r22	-	100000000	1	49668352	4	48
gant-ocse2.r23	-	100000000	1	149668352	4	144
gant-ocse2.r24	-	100000000	1	249668352	4	240
gant-ocse2.r25	-	100000000	1	349668352	4	336
gant-ocse2.r26	-	100000000	1	449668352	4	432
gant-ocse2.r27	-	100000000	1	11919616	5	12
gant-ocse2.r28	-	100000000	1	111919616	5	108
gant-ocse2.r29	-	100000000	1	211919616	5	204
gant-ocse2.r30	-	100000000	1	311919616	5	300
gant-ocse2.r31	-	100000000	1	411919616	5	396
gant-ocse2.r32	-	100000000	1	511919616	5	492
gant-ocse2.r33	-	100000000	1	74834176	6	72
gant-ocse2.r34	-	100000000	1	174834176	6	168
gant-ocse2.r35	-	100000000	1	274834176	6	264
gant-ocse2.r36	-	100000000	1	374834176	6	360
gant-ocse2.r37	-	100000000	1	474834176	6	456
gant-ocse2.r38	-	100000000	1	37085440	7	36
gant-ocse2.r39	-	100000000	1	137085440	7	132
gant-ocse2.r40	-	100000000	1	237085440	7	228
gant-ocse2.r41	-	100000000	1	337085440	7	324
gant-ocse2.r42	-	100000000	1	437085440	7	420
gant-ocse2.r43	-	100000000	1	0	8	0
gant-ocse2.r44	-	100000000	1	100000000	8	96
gant-ocse2.r45	-	100000000	1	200000000	8	192
gant-ocse2.r46	-	100000000	1	300000000	8	288
gant-ocse2.r47	-	100000000	1	400000000	8	384
gant-ocse2.r48	-	100000000	1	500000000	8	480
gant-ocse2.r49	-	100000000	1	62251264	9	60
gant-ocse2.r50	-	100000000	1	162251264	9	156
gant-ocse2.r51	-	100000000	1	262251264	9	252
gant-ocse2.r52	-	100000000	1	362251264	9	348
gant-ocse2.r53	-	100000000	1	462251264	9	444
gant-ocse2.r54	-	100000000	1	24502528	10	24
gant-ocse2.r55	-	100000000	1	124502528	10	120
gant-ocse2.r56	-	100000000	1	224502528	10	216
gant-ocse2.r57	-	100000000	1	324502528	10	312
gant-ocse2.r58	-	100000000	1	424502528	10	408
gant-ocse2.r59	-	100000000	1	524502528	10	504
gant-ocse2.r60	-	100000000	1	87417088	11	84
gant-ocse2.r61	-	100000000	1	187417088	11	180
gant-ocse2.r62	-	100000000	1	287417088	11	276
gant-ocse2.r63	-	100000000	1	387417088	11	372
gant-ocse2.r64	-	100000000	1	487417088	11	468
gant-ocse2.r65	-	100000000	1	49668352	12	48
gant-ocse2.r66	-	100000000	1	149668352	12	144
gant-ocse2.r67	-	81261085	1	249668352	12	240
gant-ocse2.rar	-	100000000	1	330929437	12	318
gant-ocse2.sfv	-	1725	1	430929437	12	414
Proof	d	0	1	430931162	12	415
Proof/gant-ocse2.jpg	-	4814409	1	430931162	12	415
