v-ls2020_song_pass_dlc.nfo	-	9646	1	0	0	0
v-ls2020_song_pass_dlc.r00	-	50000000	1	9646	0	1
v-ls2020_song_pass_dlc.r01	-	50000000	1	50009646	0	49
v-ls2020_song_pass_dlc.r02	-	50000000	1	100009646	0	97
v-ls2020_song_pass_dlc.r03	-	50000000	1	150009646	0	145
v-ls2020_song_pass_dlc.r04	-	50000000	1	200009646	0	193
v-ls2020_song_pass_dlc.r05	-	50000000	1	250009646	0	241
v-ls2020_song_pass_dlc.r06	-	50000000	1	300009646	0	289
v-ls2020_song_pass_dlc.r07	-	50000000	1	350009646	0	337
v-ls2020_song_pass_dlc.r08	-	50000000	1	400009646	0	385
v-ls2020_song_pass_dlc.r09	-	50000000	1	450009646	0	433
v-ls2020_song_pass_dlc.r10	-	50000000	1	500009646	0	481
v-ls2020_song_pass_dlc.r11	-	50000000	1	12251264	1	12
v-ls2020_song_pass_dlc.r12	-	50000000	1	62251264	1	60
v-ls2020_song_pass_dlc.r13	-	50000000	1	112251264	1	108
v-ls2020_song_pass_dlc.r14	-	50000000	1	162251264	1	156
v-ls2020_song_pass_dlc.r15	-	50000000	1	212251264	1	204
v-ls2020_song_pass_dlc.r16	-	50000000	1	262251264	1	252
v-ls2020_song_pass_dlc.r17	-	50000000	1	312251264	1	300
v-ls2020_song_pass_dlc.r18	-	50000000	1	362251264	1	348
v-ls2020_song_pass_dlc.r19	-	50000000	1	412251264	1	396
v-ls2020_song_pass_dlc.r20	-	50000000	1	462251264	1	444
v-ls2020_song_pass_dlc.r21	-	50000000	1	512251264	1	492
v-ls2020_song_pass_dlc.r22	-	50000000	1	24834176	2	24
v-ls2020_song_pass_dlc.r23	-	50000000	1	74834176	2	72
v-ls2020_song_pass_dlc.r24	-	50000000	1	124834176	2	120
v-ls2020_song_pass_dlc.r25	-	50000000	1	174834176	2	168
v-ls2020_song_pass_dlc.r26	-	50000000	1	224834176	2	216
v-ls2020_song_pass_dlc.r27	-	50000000	1	274834176	2	264
v-ls2020_song_pass_dlc.r28	-	50000000	1	324834176	2	312
v-ls2020_song_pass_dlc.r29	-	50000000	1	374834176	2	360
v-ls2020_song_pass_dlc.r30	-	50000000	1	424834176	2	408
v-ls2020_song_pass_dlc.r31	-	50000000	1	474834176	2	456
v-ls2020_song_pass_dlc.r32	-	50000000	1	524834176	2	504
v-ls2020_song_pass_dlc.r33	-	50000000	1	37417088	3	36
v-ls2020_song_pass_dlc.r34	-	50000000	1	87417088	3	84
v-ls2020_song_pass_dlc.r35	-	50000000	1	137417088	3	132
v-ls2020_song_pass_dlc.r36	-	50000000	1	187417088	3	180
v-ls2020_song_pass_dlc.r37	-	50000000	1	237417088	3	228
v-ls2020_song_pass_dlc.r38	-	50000000	1	287417088	3	276
v-ls2020_song_pass_dlc.r39	-	50000000	1	337417088	3	324
v-ls2020_song_pass_dlc.r40	-	50000000	1	387417088	3	372
v-ls2020_song_pass_dlc.r41	-	50000000	1	437417088	3	420
v-ls2020_song_pass_dlc.r42	-	50000000	1	487417088	3	468
v-ls2020_song_pass_dlc.r43	-	10453056	1	0	4	0
v-ls2020_song_pass_dlc.rar	-	50000000	1	10453056	4	10
v-ls2020_song_pass_dlc.sfv	-	1665	1	60453056	4	58
