sxs-titan_chaser_v196608.nfo	-	5744	1	0	0	0
sxs-titan_chaser_v196608.r00	-	50000000	1	5744	0	1
sxs-titan_chaser_v196608.r01	-	50000000	1	50005744	0	49
sxs-titan_chaser_v196608.r02	-	50000000	1	100005744	0	97
sxs-titan_chaser_v196608.r03	-	50000000	1	150005744	0	145
sxs-titan_chaser_v196608.r04	-	50000000	1	200005744	0	193
sxs-titan_chaser_v196608.r05	-	50000000	1	250005744	0	241
sxs-titan_chaser_v196608.r06	-	50000000	1	300005744	0	289
sxs-titan_chaser_v196608.r07	-	50000000	1	350005744	0	337
sxs-titan_chaser_v196608.r08	-	13842412	1	400005744	0	385
sxs-titan_chaser_v196608.rar	-	50000000	1	413848156	0	399
sxs-titan_chaser_v196608.sfv	-	390	1	463848156	0	447
