sxs-fifa19_v327680.nfo	-	3716	1	0	0	0
sxs-fifa19_v327680.r00	-	50000000	1	3716	0	1
sxs-fifa19_v327680.r01	-	50000000	1	50003716	0	49
sxs-fifa19_v327680.r02	-	50000000	1	100003716	0	97
sxs-fifa19_v327680.r03	-	50000000	1	150003716	0	145
sxs-fifa19_v327680.r04	-	50000000	1	200003716	0	193
sxs-fifa19_v327680.r05	-	50000000	1	250003716	0	241
sxs-fifa19_v327680.r06	-	50000000	1	300003716	0	289
sxs-fifa19_v327680.r07	-	30638806	1	350003716	0	337
sxs-fifa19_v327680.rar	-	50000000	1	380642522	0	367
sxs-fifa19_v327680.sfv	-	297	1	430642522	0	415
