hr-avarav393216.nfo	-	11339	1	0	0	0
hr-avarav393216.r00	-	50000000	1	11339	0	1
hr-avarav393216.r01	-	50000000	1	50011339	0	49
hr-avarav393216.r02	-	50000000	1	100011339	0	97
hr-avarav393216.r03	-	50000000	1	150011339	0	145
hr-avarav393216.r04	-	50000000	1	200011339	0	193
hr-avarav393216.r05	-	50000000	1	250011339	0	241
hr-avarav393216.r06	-	50000000	1	300011339	0	289
hr-avarav393216.r07	-	50000000	1	350011339	0	337
hr-avarav393216.r08	-	50000000	1	400011339	0	385
hr-avarav393216.r09	-	50000000	1	450011339	0	433
hr-avarav393216.r10	-	50000000	1	500011339	0	481
hr-avarav393216.r11	-	50000000	1	12251264	1	12
hr-avarav393216.r12	-	50000000	1	62251264	1	60
hr-avarav393216.r13	-	22715673	1	112251264	1	108
hr-avarav393216.rar	-	50000000	1	134966937	1	130
hr-avarav393216.sfv	-	450	1	184966937	1	178
