sxs-wulverblade_v196608.nfo	-	7071	1	0	0	0
sxs-wulverblade_v196608.r00	-	50000000	1	7071	0	1
sxs-wulverblade_v196608.r01	-	50000000	1	50007071	0	49
sxs-wulverblade_v196608.r02	-	50000000	1	100007071	0	97
sxs-wulverblade_v196608.r03	-	50000000	1	150007071	0	145
sxs-wulverblade_v196608.r04	-	50000000	1	200007071	0	193
sxs-wulverblade_v196608.r05	-	50000000	1	250007071	0	241
sxs-wulverblade_v196608.r06	-	50000000	1	300007071	0	289
sxs-wulverblade_v196608.r07	-	50000000	1	350007071	0	337
sxs-wulverblade_v196608.r08	-	50000000	1	400007071	0	385
sxs-wulverblade_v196608.r09	-	50000000	1	450007071	0	433
sxs-wulverblade_v196608.r10	-	50000000	1	500007071	0	481
sxs-wulverblade_v196608.r11	-	50000000	1	12251264	1	12
sxs-wulverblade_v196608.r12	-	50000000	1	62251264	1	60
sxs-wulverblade_v196608.r13	-	50000000	1	112251264	1	108
sxs-wulverblade_v196608.r14	-	50000000	1	162251264	1	156
sxs-wulverblade_v196608.r15	-	50000000	1	212251264	1	204
sxs-wulverblade_v196608.r16	-	50000000	1	262251264	1	252
sxs-wulverblade_v196608.r17	-	50000000	1	312251264	1	300
sxs-wulverblade_v196608.r18	-	50000000	1	362251264	1	348
sxs-wulverblade_v196608.r19	-	50000000	1	412251264	1	396
sxs-wulverblade_v196608.r20	-	50000000	1	462251264	1	444
sxs-wulverblade_v196608.r21	-	50000000	1	512251264	1	492
sxs-wulverblade_v196608.r22	-	50000000	1	24834176	2	24
sxs-wulverblade_v196608.r23	-	50000000	1	74834176	2	72
sxs-wulverblade_v196608.r24	-	50000000	1	124834176	2	120
sxs-wulverblade_v196608.r25	-	50000000	1	174834176	2	168
sxs-wulverblade_v196608.r26	-	50000000	1	224834176	2	216
sxs-wulverblade_v196608.r27	-	50000000	1	274834176	2	264
sxs-wulverblade_v196608.r28	-	50000000	1	324834176	2	312
sxs-wulverblade_v196608.r29	-	50000000	1	374834176	2	360
sxs-wulverblade_v196608.r30	-	45830232	1	424834176	2	408
sxs-wulverblade_v196608.rar	-	50000000	1	470664408	2	452
sxs-wulverblade_v196608.sfv	-	1216	1	520664408	2	500
