hr-atpfav393216.nfo	-	11258	1	0	0	0
hr-atpfav393216.r00	-	50000000	1	11258	0	1
hr-atpfav393216.r01	-	50000000	1	50011258	0	49
hr-atpfav393216.r02	-	50000000	1	100011258	0	97
hr-atpfav393216.r03	-	50000000	1	150011258	0	145
hr-atpfav393216.r04	-	50000000	1	200011258	0	193
hr-atpfav393216.r05	-	50000000	1	250011258	0	241
hr-atpfav393216.r06	-	50000000	1	300011258	0	289
hr-atpfav393216.r07	-	50000000	1	350011258	0	337
hr-atpfav393216.r08	-	50000000	1	400011258	0	385
hr-atpfav393216.r09	-	50000000	1	450011258	0	433
hr-atpfav393216.r10	-	50000000	1	500011258	0	481
hr-atpfav393216.r11	-	50000000	1	12251264	1	12
hr-atpfav393216.r12	-	50000000	1	62251264	1	60
hr-atpfav393216.r13	-	50000000	1	112251264	1	108
hr-atpfav393216.r14	-	50000000	1	162251264	1	156
hr-atpfav393216.r15	-	50000000	1	212251264	1	204
hr-atpfav393216.r16	-	50000000	1	262251264	1	252
hr-atpfav393216.r17	-	50000000	1	312251264	1	300
hr-atpfav393216.r18	-	50000000	1	362251264	1	348
hr-atpfav393216.r19	-	50000000	1	412251264	1	396
hr-atpfav393216.r20	-	50000000	1	462251264	1	444
hr-atpfav393216.r21	-	50000000	1	512251264	1	492
hr-atpfav393216.r22	-	50000000	1	24834176	2	24
hr-atpfav393216.r23	-	50000000	1	74834176	2	72
hr-atpfav393216.r24	-	50000000	1	124834176	2	120
hr-atpfav393216.r25	-	3124051	1	174834176	2	168
hr-atpfav393216.rar	-	50000000	1	177958227	2	171
hr-atpfav393216.sfv	-	810	1	227958227	2	219
