bbb-n-alh9a.nfo	-	5517	1	0	0	0
bbb-n-alh9a.part01.rar	-	250000000	1	5517	0	1
bbb-n-alh9a.part02.rar	-	250000000	1	250005517	0	240
bbb-n-alh9a.part03.rar	-	250000000	1	500005517	0	479
bbb-n-alh9a.part04.rar	-	250000000	1	212251264	1	203
bbb-n-alh9a.part05.rar	-	250000000	1	462251264	1	442
bbb-n-alh9a.part06.rar	-	250000000	1	174502528	2	167
bbb-n-alh9a.part07.rar	-	250000000	1	424502528	2	406
bbb-n-alh9a.part08.rar	-	250000000	1	136753792	3	131
bbb-n-alh9a.part09.rar	-	250000000	1	386753792	3	370
bbb-n-alh9a.part10.rar	-	250000000	1	99005056	4	95
bbb-n-alh9a.part11.rar	-	250000000	1	349005056	4	334
bbb-n-alh9a.part12.rar	-	250000000	1	61256320	5	59
bbb-n-alh9a.part13.rar	-	250000000	1	311256320	5	298
bbb-n-alh9a.part14.rar	-	169825625	1	23507584	6	23
bbb-n-alh9a.sfv	-	462	1	193333209	6	185
