v-astroneer_v458752.nfo	-	5980	1	0	0	0
v-astroneer_v458752.r00	-	50000000	1	5980	0	1
v-astroneer_v458752.r01	-	50000000	1	50005980	0	49
v-astroneer_v458752.r02	-	50000000	1	100005980	0	97
v-astroneer_v458752.r03	-	50000000	1	150005980	0	145
v-astroneer_v458752.r04	-	50000000	1	200005980	0	193
v-astroneer_v458752.r05	-	50000000	1	250005980	0	241
v-astroneer_v458752.r06	-	50000000	1	300005980	0	289
v-astroneer_v458752.r07	-	50000000	1	350005980	0	337
v-astroneer_v458752.r08	-	50000000	1	400005980	0	385
v-astroneer_v458752.r09	-	50000000	1	450005980	0	433
v-astroneer_v458752.r10	-	50000000	1	500005980	0	481
v-astroneer_v458752.r11	-	50000000	1	12251264	1	12
v-astroneer_v458752.r12	-	50000000	1	62251264	1	60
v-astroneer_v458752.r13	-	50000000	1	112251264	1	108
v-astroneer_v458752.r14	-	27168367	1	162251264	1	156
v-astroneer_v458752.rar	-	50000000	1	189419631	1	182
v-astroneer_v458752.sfv	-	544	1	239419631	1	230
