sxs-hokko_life.nfo	-	8162	1	0	0	0
sxs-hokko_life.r00	-	50000000	1	8162	0	1
sxs-hokko_life.r01	-	50000000	1	50008162	0	49
sxs-hokko_life.r02	-	50000000	1	100008162	0	97
sxs-hokko_life.r03	-	50000000	1	150008162	0	145
sxs-hokko_life.r04	-	50000000	1	200008162	0	193
sxs-hokko_life.r05	-	50000000	1	250008162	0	241
sxs-hokko_life.r06	-	50000000	1	300008162	0	289
sxs-hokko_life.r07	-	50000000	1	350008162	0	337
sxs-hokko_life.r08	-	50000000	1	400008162	0	385
sxs-hokko_life.r09	-	50000000	1	450008162	0	433
sxs-hokko_life.r10	-	50000000	1	500008162	0	481
sxs-hokko_life.r11	-	50000000	1	12251264	1	12
sxs-hokko_life.r12	-	50000000	1	62251264	1	60
sxs-hokko_life.r13	-	50000000	1	112251264	1	108
sxs-hokko_life.r14	-	50000000	1	162251264	1	156
sxs-hokko_life.r15	-	50000000	1	212251264	1	204
sxs-hokko_life.r16	-	50000000	1	262251264	1	252
sxs-hokko_life.r17	-	50000000	1	312251264	1	300
sxs-hokko_life.r18	-	50000000	1	362251264	1	348
sxs-hokko_life.r19	-	50000000	1	412251264	1	396
sxs-hokko_life.r20	-	50000000	1	462251264	1	444
sxs-hokko_life.r21	-	50000000	1	512251264	1	492
sxs-hokko_life.r22	-	50000000	1	24834176	2	24
sxs-hokko_life.r23	-	50000000	1	74834176	2	72
sxs-hokko_life.r24	-	50000000	1	124834176	2	120
sxs-hokko_life.r25	-	50000000	1	174834176	2	168
sxs-hokko_life.r26	-	50000000	1	224834176	2	216
sxs-hokko_life.r27	-	50000000	1	274834176	2	264
sxs-hokko_life.r28	-	50000000	1	324834176	2	312
sxs-hokko_life.r29	-	50000000	1	374834176	2	360
sxs-hokko_life.r30	-	22743495	1	424834176	2	408
sxs-hokko_life.rar	-	50000000	1	447577671	2	430
sxs-hokko_life.sfv	-	928	1	497577671	2	478
