i-circuits.nfo	-	1113	1	0	0	0
i-circuits.r00	-	50000000	1	1113	0	1
i-circuits.r01	-	50000000	1	50001113	0	49
i-circuits.r02	-	50000000	1	100001113	0	97
i-circuits.r03	-	50000000	1	150001113	0	145
i-circuits.r04	-	50000000	1	200001113	0	193
i-circuits.r05	-	50000000	1	250001113	0	241
i-circuits.r06	-	50000000	1	300001113	0	289
i-circuits.r07	-	50000000	1	350001113	0	337
i-circuits.r08	-	50000000	1	400001113	0	385
i-circuits.r09	-	50000000	1	450001113	0	433
i-circuits.r10	-	50000000	1	500001113	0	481
i-circuits.r11	-	50000000	1	12251264	1	12
i-circuits.r12	-	50000000	1	62251264	1	60
i-circuits.r13	-	50000000	1	112251264	1	108
i-circuits.r14	-	50000000	1	162251264	1	156
i-circuits.r15	-	50000000	1	212251264	1	204
i-circuits.r16	-	50000000	1	262251264	1	252
i-circuits.r17	-	50000000	1	312251264	1	300
i-circuits.r18	-	50000000	1	362251264	1	348
i-circuits.r19	-	50000000	1	412251264	1	396
i-circuits.r20	-	50000000	1	462251264	1	444
i-circuits.r21	-	50000000	1	512251264	1	492
i-circuits.r22	-	50000000	1	24834176	2	24
i-circuits.r23	-	50000000	1	74834176	2	72
i-circuits.r24	-	50000000	1	124834176	2	120
i-circuits.r25	-	50000000	1	174834176	2	168
i-circuits.r26	-	50000000	1	224834176	2	216
i-circuits.r27	-	50000000	1	274834176	2	264
i-circuits.r28	-	50000000	1	324834176	2	312
i-circuits.r29	-	15292369	1	374834176	2	360
i-circuits.rar	-	50000000	1	390126545	2	375
i-circuits.sfv	-	775	1	440126545	2	423
