n-stormboy.nfo	-	6072	1	0	0	0
n-stormboy.r00	-	50000000	1	6072	0	1
n-stormboy.r01	-	50000000	1	50006072	0	49
n-stormboy.r02	-	50000000	1	100006072	0	97
n-stormboy.r03	-	50000000	1	150006072	0	145
n-stormboy.r04	-	50000000	1	200006072	0	193
n-stormboy.r05	-	50000000	1	250006072	0	241
n-stormboy.r06	-	50000000	1	300006072	0	289
n-stormboy.r07	-	50000000	1	350006072	0	337
n-stormboy.r08	-	50000000	1	400006072	0	385
n-stormboy.r09	-	50000000	1	450006072	0	433
n-stormboy.r10	-	43029575	1	500006072	0	481
n-stormboy.rar	-	50000000	1	5280839	1	6
n-stormboy.sfv	-	300	1	55280839	1	54
