sxs-prison_architect_v1310720.nfo	-	5276	1	0	0	0
sxs-prison_architect_v1310720.r00	-	50000000	1	5276	0	1
sxs-prison_architect_v1310720.r01	-	50000000	1	50005276	0	49
sxs-prison_architect_v1310720.r02	-	50000000	1	100005276	0	97
sxs-prison_architect_v1310720.r03	-	50000000	1	150005276	0	145
sxs-prison_architect_v1310720.r04	-	50000000	1	200005276	0	193
sxs-prison_architect_v1310720.r05	-	50000000	1	250005276	0	241
sxs-prison_architect_v1310720.r06	-	50000000	1	300005276	0	289
sxs-prison_architect_v1310720.r07	-	50000000	1	350005276	0	337
sxs-prison_architect_v1310720.r08	-	50000000	1	400005276	0	385
sxs-prison_architect_v1310720.r09	-	50000000	1	450005276	0	433
sxs-prison_architect_v1310720.r10	-	50000000	1	500005276	0	481
sxs-prison_architect_v1310720.r11	-	3361139	1	12251264	1	12
sxs-prison_architect_v1310720.rar	-	50000000	1	15612403	1	16
sxs-prison_architect_v1310720.sfv	-	572	1	65612403	1	64
