sxs-garden_paws_v262144.nfo	-	9644	1	0	0	0
sxs-garden_paws_v262144.r00	-	50000000	1	9644	0	1
sxs-garden_paws_v262144.r01	-	50000000	1	50009644	0	49
sxs-garden_paws_v262144.r02	-	50000000	1	100009644	0	97
sxs-garden_paws_v262144.r03	-	50000000	1	150009644	0	145
sxs-garden_paws_v262144.r04	-	50000000	1	200009644	0	193
sxs-garden_paws_v262144.r05	-	50000000	1	250009644	0	241
sxs-garden_paws_v262144.r06	-	50000000	1	300009644	0	289
sxs-garden_paws_v262144.r07	-	50000000	1	350009644	0	337
sxs-garden_paws_v262144.r08	-	50000000	1	400009644	0	385
sxs-garden_paws_v262144.r09	-	50000000	1	450009644	0	433
sxs-garden_paws_v262144.r10	-	50000000	1	500009644	0	481
sxs-garden_paws_v262144.r11	-	50000000	1	12251264	1	12
sxs-garden_paws_v262144.r12	-	50000000	1	62251264	1	60
sxs-garden_paws_v262144.r13	-	50000000	1	112251264	1	108
sxs-garden_paws_v262144.r14	-	50000000	1	162251264	1	156
sxs-garden_paws_v262144.r15	-	50000000	1	212251264	1	204
sxs-garden_paws_v262144.r16	-	50000000	1	262251264	1	252
sxs-garden_paws_v262144.r17	-	50000000	1	312251264	1	300
sxs-garden_paws_v262144.r18	-	50000000	1	362251264	1	348
sxs-garden_paws_v262144.r19	-	41071729	1	412251264	1	396
sxs-garden_paws_v262144.rar	-	50000000	1	453322993	1	436
sxs-garden_paws_v262144.sfv	-	798	1	503322993	1	484
