Proof	d	0	1	0	0	0
Proof/v-commandos2.jpg	-	192548	1	0	0	0
v-commandos2.nfo	-	6370	1	192548	0	1
v-commandos2.r00	-	50000000	1	198918	0	2
v-commandos2.r01	-	50000000	1	50198918	0	50
v-commandos2.r02	-	50000000	1	100198918	0	98
v-commandos2.r03	-	50000000	1	150198918	0	146
v-commandos2.r04	-	50000000	1	200198918	0	194
v-commandos2.r05	-	50000000	1	250198918	0	242
v-commandos2.r06	-	50000000	1	300198918	0	290
v-commandos2.r07	-	50000000	1	350198918	0	338
v-commandos2.r08	-	50000000	1	400198918	0	386
v-commandos2.r09	-	50000000	1	450198918	0	434
v-commandos2.r10	-	50000000	1	500198918	0	482
v-commandos2.r11	-	50000000	1	13299840	1	13
v-commandos2.r12	-	50000000	1	63299840	1	61
v-commandos2.r13	-	50000000	1	113299840	1	109
v-commandos2.r14	-	50000000	1	163299840	1	157
v-commandos2.r15	-	50000000	1	213299840	1	205
v-commandos2.r16	-	50000000	1	263299840	1	253
v-commandos2.r17	-	50000000	1	313299840	1	301
v-commandos2.r18	-	50000000	1	363299840	1	349
v-commandos2.r19	-	50000000	1	413299840	1	397
v-commandos2.r20	-	50000000	1	463299840	1	445
v-commandos2.r21	-	50000000	1	513299840	1	493
v-commandos2.r22	-	50000000	1	25882752	2	25
v-commandos2.r23	-	50000000	1	75882752	2	73
v-commandos2.r24	-	50000000	1	125882752	2	121
v-commandos2.r25	-	50000000	1	175882752	2	169
v-commandos2.r26	-	50000000	1	225882752	2	217
v-commandos2.r27	-	50000000	1	275882752	2	265
v-commandos2.r28	-	50000000	1	325882752	2	313
v-commandos2.r29	-	50000000	1	375882752	2	361
v-commandos2.r30	-	50000000	1	425882752	2	409
v-commandos2.r31	-	50000000	1	475882752	2	457
v-commandos2.r32	-	50000000	1	525882752	2	505
v-commandos2.r33	-	50000000	1	38465664	3	37
v-commandos2.r34	-	50000000	1	88465664	3	85
v-commandos2.r35	-	50000000	1	138465664	3	133
v-commandos2.r36	-	50000000	1	188465664	3	181
v-commandos2.r37	-	50000000	1	238465664	3	229
v-commandos2.r38	-	50000000	1	288465664	3	277
v-commandos2.r39	-	50000000	1	338465664	3	325
v-commandos2.r40	-	50000000	1	388465664	3	373
v-commandos2.r41	-	50000000	1	438465664	3	421
v-commandos2.r42	-	50000000	1	488465664	3	469
v-commandos2.r43	-	50000000	1	716928	4	1
v-commandos2.r44	-	50000000	1	50716928	4	49
v-commandos2.r45	-	50000000	1	100716928	4	97
v-commandos2.r46	-	50000000	1	150716928	4	145
v-commandos2.r47	-	50000000	1	200716928	4	193
v-commandos2.r48	-	50000000	1	250716928	4	241
v-commandos2.r49	-	24285218	1	300716928	4	289
v-commandos2.rar	-	50000000	1	325002146	4	313
v-commandos2.sfv	-	1377	1	375002146	4	361
