v-resident_evil_5.nfo	-	4420	1	0	0	0
v-resident_evil_5.r00	-	250000000	1	4420	0	1
v-resident_evil_5.r01	-	250000000	1	250004420	0	240
v-resident_evil_5.r02	-	250000000	1	500004420	0	479
v-resident_evil_5.r03	-	250000000	1	212251264	1	203
v-resident_evil_5.r04	-	250000000	1	462251264	1	442
v-resident_evil_5.r05	-	250000000	1	174502528	2	167
v-resident_evil_5.r06	-	250000000	1	424502528	2	406
v-resident_evil_5.r07	-	250000000	1	136753792	3	131
v-resident_evil_5.r08	-	250000000	1	386753792	3	370
v-resident_evil_5.r09	-	250000000	1	99005056	4	95
v-resident_evil_5.r10	-	250000000	1	349005056	4	334
v-resident_evil_5.r11	-	250000000	1	61256320	5	59
v-resident_evil_5.r12	-	250000000	1	311256320	5	298
v-resident_evil_5.r13	-	250000000	1	23507584	6	23
v-resident_evil_5.r14	-	250000000	1	273507584	6	262
v-resident_evil_5.r15	-	250000000	1	523507584	6	501
v-resident_evil_5.r16	-	250000000	1	236368512	7	226
v-resident_evil_5.r17	-	250000000	1	486368512	7	465
v-resident_evil_5.r18	-	250000000	1	198619776	8	190
v-resident_evil_5.r19	-	250000000	1	448619776	8	429
v-resident_evil_5.r20	-	250000000	1	160871040	9	154
v-resident_evil_5.r21	-	250000000	1	410871040	9	393
v-resident_evil_5.r22	-	250000000	1	123122304	10	118
v-resident_evil_5.r23	-	250000000	1	373122304	10	357
v-resident_evil_5.r24	-	250000000	1	85373568	11	82
v-resident_evil_5.r25	-	250000000	1	335373568	11	321
v-resident_evil_5.r26	-	250000000	1	47624832	12	46
v-resident_evil_5.r27	-	250000000	1	297624832	12	285
v-resident_evil_5.r28	-	250000000	1	9876096	13	10
v-resident_evil_5.r29	-	250000000	1	259876096	13	249
v-resident_evil_5.r30	-	250000000	1	509876096	13	488
v-resident_evil_5.r31	-	250000000	1	222737024	14	213
v-resident_evil_5.r32	-	250000000	1	472737024	14	452
v-resident_evil_5.r33	-	250000000	1	184988288	15	177
v-resident_evil_5.r34	-	250000000	1	434988288	15	416
v-resident_evil_5.r35	-	250000000	1	147239552	16	141
v-resident_evil_5.r36	-	250000000	1	397239552	16	380
v-resident_evil_5.r37	-	250000000	1	109490816	17	105
v-resident_evil_5.r38	-	250000000	1	359490816	17	344
v-resident_evil_5.r39	-	250000000	1	71742080	18	69
v-resident_evil_5.r40	-	250000000	1	321742080	18	308
v-resident_evil_5.r41	-	250000000	1	33993344	19	33
v-resident_evil_5.r42	-	250000000	1	283993344	19	272
v-resident_evil_5.r43	-	250000000	1	533993344	19	511
v-resident_evil_5.r44	-	250000000	1	246854272	20	236
v-resident_evil_5.r45	-	250000000	1	496854272	20	475
v-resident_evil_5.r46	-	250000000	1	209105536	21	200
v-resident_evil_5.r47	-	250000000	1	459105536	21	439
v-resident_evil_5.r48	-	250000000	1	171356800	22	164
v-resident_evil_5.r49	-	250000000	1	421356800	22	403
v-resident_evil_5.r50	-	250000000	1	133608064	23	128
v-resident_evil_5.r51	-	250000000	1	383608064	23	367
v-resident_evil_5.r52	-	250000000	1	95859328	24	92
v-resident_evil_5.r53	-	250000000	1	345859328	24	331
v-resident_evil_5.r54	-	250000000	1	58110592	25	56
v-resident_evil_5.r55	-	250000000	1	308110592	25	295
v-resident_evil_5.r56	-	250000000	1	20361856	26	20
v-resident_evil_5.r57	-	250000000	1	270361856	26	259
v-resident_evil_5.r58	-	250000000	1	520361856	26	498
v-resident_evil_5.r59	-	250000000	1	233222784	27	223
v-resident_evil_5.r60	-	250000000	1	483222784	27	462
v-resident_evil_5.r61	-	250000000	1	195474048	28	187
v-resident_evil_5.r62	-	250000000	1	445474048	28	426
v-resident_evil_5.r63	-	250000000	1	157725312	29	151
v-resident_evil_5.r64	-	250000000	1	407725312	29	390
v-resident_evil_5.r65	-	250000000	1	119976576	30	115
v-resident_evil_5.r66	-	250000000	1	369976576	30	354
v-resident_evil_5.r67	-	250000000	1	82227840	31	79
v-resident_evil_5.r68	-	250000000	1	332227840	31	318
v-resident_evil_5.r69	-	250000000	1	44479104	32	43
v-resident_evil_5.r70	-	250000000	1	294479104	32	282
v-resident_evil_5.r71	-	250000000	1	6730368	33	7
v-resident_evil_5.r72	-	250000000	1	256730368	33	246
v-resident_evil_5.r73	-	250000000	1	506730368	33	485
v-resident_evil_5.r74	-	250000000	1	219591296	34	210
v-resident_evil_5.r75	-	250000000	1	469591296	34	449
v-resident_evil_5.r76	-	250000000	1	181842560	35	174
v-resident_evil_5.r77	-	250000000	1	431842560	35	413
v-resident_evil_5.r78	-	250000000	1	144093824	36	138
v-resident_evil_5.r79	-	117081504	1	394093824	36	377
v-resident_evil_5.rar	-	250000000	1	511175328	36	489
v-resident_evil_5.sfv	-	2592	1	223785600	37	214
