sxs-chasm_v131072.nfo	-	11594	1	0	0	0
sxs-chasm_v131072.r00	-	50000000	1	11594	0	1
sxs-chasm_v131072.r01	-	50000000	1	50011594	0	49
sxs-chasm_v131072.r02	-	50000000	1	100011594	0	97
sxs-chasm_v131072.r03	-	50000000	1	150011594	0	145
sxs-chasm_v131072.r04	-	50000000	1	200011594	0	193
sxs-chasm_v131072.r05	-	50000000	1	250011594	0	241
sxs-chasm_v131072.r06	-	50000000	1	300011594	0	289
sxs-chasm_v131072.r07	-	50000000	1	350011594	0	337
sxs-chasm_v131072.r08	-	50000000	1	400011594	0	385
sxs-chasm_v131072.r09	-	37321696	1	450011594	0	433
sxs-chasm_v131072.rar	-	50000000	1	487333290	0	469
sxs-chasm_v131072.sfv	-	352	1	0	1	0
