v-pianista.nfo	-	5122	1	0	0	0
v-pianista.r00	-	50000000	1	5122	0	1
v-pianista.r01	-	50000000	1	50005122	0	49
v-pianista.r02	-	50000000	1	100005122	0	97
v-pianista.r03	-	50000000	1	150005122	0	145
v-pianista.r04	-	50000000	1	200005122	0	193
v-pianista.r05	-	50000000	1	250005122	0	241
v-pianista.r06	-	50000000	1	300005122	0	289
v-pianista.r07	-	50000000	1	350005122	0	337
v-pianista.r08	-	50000000	1	400005122	0	385
v-pianista.r09	-	50000000	1	450005122	0	433
v-pianista.r10	-	28220743	1	500005122	0	481
v-pianista.rar	-	50000000	1	528225865	0	508
v-pianista.sfv	-	300	1	40562816	1	39
