sxs-rbi_baseball_21_v196608.nfo	-	8630	1	0	0	0
sxs-rbi_baseball_21_v196608.r00	-	50000000	1	8630	0	1
sxs-rbi_baseball_21_v196608.r01	-	50000000	1	50008630	0	49
sxs-rbi_baseball_21_v196608.r02	-	50000000	1	100008630	0	97
sxs-rbi_baseball_21_v196608.r03	-	50000000	1	150008630	0	145
sxs-rbi_baseball_21_v196608.r04	-	50000000	1	200008630	0	193
sxs-rbi_baseball_21_v196608.r05	-	50000000	1	250008630	0	241
sxs-rbi_baseball_21_v196608.r06	-	50000000	1	300008630	0	289
sxs-rbi_baseball_21_v196608.r07	-	50000000	1	350008630	0	337
sxs-rbi_baseball_21_v196608.r08	-	50000000	1	400008630	0	385
sxs-rbi_baseball_21_v196608.r09	-	50000000	1	450008630	0	433
sxs-rbi_baseball_21_v196608.r10	-	50000000	1	500008630	0	481
sxs-rbi_baseball_21_v196608.r11	-	23338122	1	12251264	1	12
sxs-rbi_baseball_21_v196608.rar	-	50000000	1	35589386	1	35
sxs-rbi_baseball_21_v196608.sfv	-	546	1	85589386	1	83
