ind-dqxoffline.v0.nfo	-	463	1	0	0	0
ind-dqxoffline.v0.r00	-	150000000	1	463	0	1
ind-dqxoffline.v0.r01	-	150000000	1	150000463	0	145
ind-dqxoffline.v0.r02	-	150000000	1	300000463	0	289
ind-dqxoffline.v0.r03	-	150000000	1	450000463	0	433
ind-dqxoffline.v0.r04	-	150000000	1	62968192	1	61
ind-dqxoffline.v0.r05	-	150000000	1	212968192	1	205
ind-dqxoffline.v0.r06	-	150000000	1	362968192	1	349
ind-dqxoffline.v0.r07	-	150000000	1	512968192	1	493
ind-dqxoffline.v0.r08	-	150000000	1	125882752	2	121
ind-dqxoffline.v0.r09	-	150000000	1	275882752	2	265
ind-dqxoffline.v0.r10	-	150000000	1	425882752	2	409
ind-dqxoffline.v0.r11	-	150000000	1	38850944	3	38
ind-dqxoffline.v0.r12	-	150000000	1	188850944	3	182
ind-dqxoffline.v0.r13	-	150000000	1	338850944	3	326
ind-dqxoffline.v0.r14	-	150000000	1	488850944	3	470
ind-dqxoffline.v0.r15	-	150000000	1	101765504	4	98
ind-dqxoffline.v0.r16	-	150000000	1	251765504	4	242
ind-dqxoffline.v0.r17	-	150000000	1	401765504	4	386
ind-dqxoffline.v0.r18	-	150000000	1	14733696	5	15
ind-dqxoffline.v0.r19	-	150000000	1	164733696	5	159
ind-dqxoffline.v0.r20	-	150000000	1	314733696	5	303
ind-dqxoffline.v0.r21	-	150000000	1	464733696	5	447
ind-dqxoffline.v0.r22	-	150000000	1	77648256	6	75
ind-dqxoffline.v0.r23	-	150000000	1	227648256	6	219
ind-dqxoffline.v0.r24	-	150000000	1	377648256	6	363
ind-dqxoffline.v0.r25	-	150000000	1	527648256	6	507
ind-dqxoffline.v0.r26	-	150000000	1	140562816	7	135
ind-dqxoffline.v0.r27	-	150000000	1	290562816	7	279
ind-dqxoffline.v0.r28	-	150000000	1	440562816	7	423
ind-dqxoffline.v0.r29	-	150000000	1	53531008	8	52
ind-dqxoffline.v0.r30	-	150000000	1	203531008	8	196
ind-dqxoffline.v0.r31	-	150000000	1	353531008	8	340
ind-dqxoffline.v0.r32	-	150000000	1	503531008	8	484
ind-dqxoffline.v0.r33	-	150000000	1	116445568	9	112
ind-dqxoffline.v0.r34	-	150000000	1	266445568	9	256
ind-dqxoffline.v0.r35	-	150000000	1	416445568	9	400
ind-dqxoffline.v0.r36	-	150000000	1	29413760	10	29
ind-dqxoffline.v0.r37	-	150000000	1	179413760	10	173
ind-dqxoffline.v0.r38	-	150000000	1	329413760	10	317
ind-dqxoffline.v0.r39	-	150000000	1	479413760	10	461
ind-dqxoffline.v0.r40	-	150000000	1	92328320	11	89
ind-dqxoffline.v0.r41	-	150000000	1	242328320	11	233
ind-dqxoffline.v0.r42	-	150000000	1	392328320	11	377
ind-dqxoffline.v0.r43	-	150000000	1	5296512	12	6
ind-dqxoffline.v0.r44	-	150000000	1	155296512	12	150
ind-dqxoffline.v0.r45	-	150000000	1	305296512	12	294
ind-dqxoffline.v0.r46	-	150000000	1	455296512	12	438
ind-dqxoffline.v0.r47	-	150000000	1	68211072	13	66
ind-dqxoffline.v0.r48	-	150000000	1	218211072	13	210
ind-dqxoffline.v0.r49	-	150000000	1	368211072	13	354
ind-dqxoffline.v0.r50	-	150000000	1	518211072	13	498
ind-dqxoffline.v0.r51	-	150000000	1	131125632	14	126
ind-dqxoffline.v0.r52	-	150000000	1	281125632	14	270
ind-dqxoffline.v0.r53	-	150000000	1	431125632	14	414
ind-dqxoffline.v0.r54	-	150000000	1	44093824	15	43
ind-dqxoffline.v0.r55	-	150000000	1	194093824	15	187
ind-dqxoffline.v0.r56	-	150000000	1	344093824	15	331
ind-dqxoffline.v0.r57	-	150000000	1	494093824	15	475
ind-dqxoffline.v0.r58	-	150000000	1	107008384	16	103
ind-dqxoffline.v0.r59	-	150000000	1	257008384	16	247
ind-dqxoffline.v0.r60	-	150000000	1	407008384	16	391
ind-dqxoffline.v0.r61	-	150000000	1	19976576	17	20
ind-dqxoffline.v0.r62	-	150000000	1	169976576	17	164
ind-dqxoffline.v0.r63	-	150000000	1	319976576	17	308
ind-dqxoffline.v0.r64	-	150000000	1	469976576	17	452
ind-dqxoffline.v0.r65	-	150000000	1	82891136	18	80
ind-dqxoffline.v0.r66	-	150000000	1	232891136	18	224
ind-dqxoffline.v0.r67	-	150000000	1	382891136	18	368
ind-dqxoffline.v0.r68	-	150000000	1	532891136	18	512
ind-dqxoffline.v0.r69	-	150000000	1	145805696	19	140
ind-dqxoffline.v0.r70	-	150000000	1	295805696	19	284
ind-dqxoffline.v0.r71	-	150000000	1	445805696	19	428
ind-dqxoffline.v0.r72	-	150000000	1	58773888	20	57
ind-dqxoffline.v0.r73	-	150000000	1	208773888	20	201
ind-dqxoffline.v0.r74	-	150000000	1	358773888	20	345
ind-dqxoffline.v0.r75	-	150000000	1	508773888	20	489
ind-dqxoffline.v0.r76	-	150000000	1	121688448	21	117
ind-dqxoffline.v0.r77	-	150000000	1	271688448	21	261
ind-dqxoffline.v0.r78	-	150000000	1	421688448	21	405
ind-dqxoffline.v0.r79	-	150000000	1	34656640	22	34
ind-dqxoffline.v0.r80	-	150000000	1	184656640	22	178
ind-dqxoffline.v0.r81	-	150000000	1	334656640	22	322
ind-dqxoffline.v0.r82	-	150000000	1	484656640	22	466
ind-dqxoffline.v0.r83	-	150000000	1	97571200	23	94
ind-dqxoffline.v0.r84	-	150000000	1	247571200	23	238
ind-dqxoffline.v0.r85	-	150000000	1	397571200	23	382
ind-dqxoffline.v0.r86	-	150000000	1	10539392	24	11
ind-dqxoffline.v0.r87	-	150000000	1	160539392	24	155
ind-dqxoffline.v0.r88	-	150000000	1	310539392	24	299
ind-dqxoffline.v0.r89	-	84937094	1	460539392	24	443
ind-dqxoffline.v0.rar	-	150000000	1	8391046	25	9
ind-dqxoffline.v0.sfv	-	2912	1	158391046	25	153
