hr-av3wc.nfo	-	11258	1	0	0	0
hr-av3wc.r00	-	50000000	1	11258	0	1
hr-av3wc.r01	-	50000000	1	50011258	0	49
hr-av3wc.r02	-	50000000	1	100011258	0	97
hr-av3wc.r03	-	50000000	1	150011258	0	145
hr-av3wc.r04	-	50000000	1	200011258	0	193
hr-av3wc.r05	-	50000000	1	250011258	0	241
hr-av3wc.r06	-	50000000	1	300011258	0	289
hr-av3wc.r07	-	50000000	1	350011258	0	337
hr-av3wc.r08	-	50000000	1	400011258	0	385
hr-av3wc.r09	-	50000000	1	450011258	0	433
hr-av3wc.r10	-	50000000	1	500011258	0	481
hr-av3wc.r11	-	50000000	1	12251264	1	12
hr-av3wc.r12	-	50000000	1	62251264	1	60
hr-av3wc.r13	-	50000000	1	112251264	1	108
hr-av3wc.r14	-	50000000	1	162251264	1	156
hr-av3wc.r15	-	50000000	1	212251264	1	204
hr-av3wc.r16	-	50000000	1	262251264	1	252
hr-av3wc.r17	-	50000000	1	312251264	1	300
hr-av3wc.r18	-	50000000	1	362251264	1	348
hr-av3wc.r19	-	50000000	1	412251264	1	396
hr-av3wc.r20	-	50000000	1	462251264	1	444
hr-av3wc.r21	-	50000000	1	512251264	1	492
hr-av3wc.r22	-	50000000	1	24834176	2	24
hr-av3wc.r23	-	22328573	1	74834176	2	72
hr-av3wc.rar	-	50000000	1	97162749	2	94
hr-av3wc.sfv	-	575	1	147162749	2	142
Proof	d	0	1	147163324	2	143
Proof/hr-av3wc.jpg	-	5324591	1	147163324	2	143
