sxs-bomber_crew_v131072.nfo	-	4574	1	0	0	0
sxs-bomber_crew_v131072.r00	-	50000000	1	4574	0	1
sxs-bomber_crew_v131072.r01	-	50000000	1	50004574	0	49
sxs-bomber_crew_v131072.r02	-	50000000	1	100004574	0	97
sxs-bomber_crew_v131072.r03	-	50000000	1	150004574	0	145
sxs-bomber_crew_v131072.r04	-	50000000	1	200004574	0	193
sxs-bomber_crew_v131072.r05	-	50000000	1	250004574	0	241
sxs-bomber_crew_v131072.r06	-	50000000	1	300004574	0	289
sxs-bomber_crew_v131072.r07	-	50000000	1	350004574	0	337
sxs-bomber_crew_v131072.r08	-	13293761	1	400004574	0	385
sxs-bomber_crew_v131072.rar	-	50000000	1	413298335	0	398
sxs-bomber_crew_v131072.sfv	-	380	1	463298335	0	446
