v-batman_arkham_city.nfo	-	4108	1	0	0	0
v-batman_arkham_city.r00	-	150000000	1	4108	0	1
v-batman_arkham_city.r01	-	150000000	1	150004108	0	145
v-batman_arkham_city.r02	-	150000000	1	300004108	0	289
v-batman_arkham_city.r03	-	150000000	1	450004108	0	433
v-batman_arkham_city.r04	-	150000000	1	62968192	1	61
v-batman_arkham_city.r05	-	150000000	1	212968192	1	205
v-batman_arkham_city.r06	-	150000000	1	362968192	1	349
v-batman_arkham_city.r07	-	150000000	1	512968192	1	493
v-batman_arkham_city.r08	-	150000000	1	125882752	2	121
v-batman_arkham_city.r09	-	150000000	1	275882752	2	265
v-batman_arkham_city.r10	-	150000000	1	425882752	2	409
v-batman_arkham_city.r11	-	150000000	1	38850944	3	38
v-batman_arkham_city.r12	-	150000000	1	188850944	3	182
v-batman_arkham_city.r13	-	150000000	1	338850944	3	326
v-batman_arkham_city.r14	-	150000000	1	488850944	3	470
v-batman_arkham_city.r15	-	150000000	1	101765504	4	98
v-batman_arkham_city.r16	-	150000000	1	251765504	4	242
v-batman_arkham_city.r17	-	150000000	1	401765504	4	386
v-batman_arkham_city.r18	-	150000000	1	14733696	5	15
v-batman_arkham_city.r19	-	150000000	1	164733696	5	159
v-batman_arkham_city.r20	-	150000000	1	314733696	5	303
v-batman_arkham_city.r21	-	150000000	1	464733696	5	447
v-batman_arkham_city.r22	-	150000000	1	77648256	6	75
v-batman_arkham_city.r23	-	150000000	1	227648256	6	219
v-batman_arkham_city.r24	-	150000000	1	377648256	6	363
v-batman_arkham_city.r25	-	150000000	1	527648256	6	507
v-batman_arkham_city.r26	-	150000000	1	140562816	7	135
v-batman_arkham_city.r27	-	150000000	1	290562816	7	279
v-batman_arkham_city.r28	-	150000000	1	440562816	7	423
v-batman_arkham_city.r29	-	150000000	1	53531008	8	52
v-batman_arkham_city.r30	-	150000000	1	203531008	8	196
v-batman_arkham_city.r31	-	150000000	1	353531008	8	340
v-batman_arkham_city.r32	-	150000000	1	503531008	8	484
v-batman_arkham_city.r33	-	150000000	1	116445568	9	112
v-batman_arkham_city.r34	-	150000000	1	266445568	9	256
v-batman_arkham_city.r35	-	150000000	1	416445568	9	400
v-batman_arkham_city.r36	-	150000000	1	29413760	10	29
v-batman_arkham_city.r37	-	150000000	1	179413760	10	173
v-batman_arkham_city.r38	-	150000000	1	329413760	10	317
v-batman_arkham_city.r39	-	150000000	1	479413760	10	461
v-batman_arkham_city.r40	-	150000000	1	92328320	11	89
v-batman_arkham_city.r41	-	150000000	1	242328320	11	233
v-batman_arkham_city.r42	-	150000000	1	392328320	11	377
v-batman_arkham_city.r43	-	150000000	1	5296512	12	6
v-batman_arkham_city.r44	-	150000000	1	155296512	12	150
v-batman_arkham_city.r45	-	150000000	1	305296512	12	294
v-batman_arkham_city.r46	-	150000000	1	455296512	12	438
v-batman_arkham_city.r47	-	150000000	1	68211072	13	66
v-batman_arkham_city.r48	-	150000000	1	218211072	13	210
v-batman_arkham_city.r49	-	150000000	1	368211072	13	354
v-batman_arkham_city.r50	-	150000000	1	518211072	13	498
v-batman_arkham_city.r51	-	150000000	1	131125632	14	126
v-batman_arkham_city.r52	-	150000000	1	281125632	14	270
v-batman_arkham_city.r53	-	150000000	1	431125632	14	414
v-batman_arkham_city.r54	-	150000000	1	44093824	15	43
v-batman_arkham_city.r55	-	150000000	1	194093824	15	187
v-batman_arkham_city.r56	-	150000000	1	344093824	15	331
v-batman_arkham_city.r57	-	150000000	1	494093824	15	475
v-batman_arkham_city.r58	-	150000000	1	107008384	16	103
v-batman_arkham_city.r59	-	150000000	1	257008384	16	247
v-batman_arkham_city.r60	-	150000000	1	407008384	16	391
v-batman_arkham_city.r61	-	150000000	1	19976576	17	20
v-batman_arkham_city.r62	-	150000000	1	169976576	17	164
v-batman_arkham_city.r63	-	150000000	1	319976576	17	308
v-batman_arkham_city.r64	-	150000000	1	469976576	17	452
v-batman_arkham_city.r65	-	150000000	1	82891136	18	80
v-batman_arkham_city.r66	-	150000000	1	232891136	18	224
v-batman_arkham_city.r67	-	150000000	1	382891136	18	368
v-batman_arkham_city.r68	-	150000000	1	532891136	18	512
v-batman_arkham_city.r69	-	150000000	1	145805696	19	140
v-batman_arkham_city.r70	-	150000000	1	295805696	19	284
v-batman_arkham_city.r71	-	150000000	1	445805696	19	428
v-batman_arkham_city.r72	-	150000000	1	58773888	20	57
v-batman_arkham_city.r73	-	150000000	1	208773888	20	201
v-batman_arkham_city.r74	-	150000000	1	358773888	20	345
v-batman_arkham_city.r75	-	150000000	1	508773888	20	489
v-batman_arkham_city.r76	-	150000000	1	121688448	21	117
v-batman_arkham_city.r77	-	150000000	1	271688448	21	261
v-batman_arkham_city.r78	-	150000000	1	421688448	21	405
v-batman_arkham_city.r79	-	150000000	1	34656640	22	34
v-batman_arkham_city.r80	-	150000000	1	184656640	22	178
v-batman_arkham_city.r81	-	150000000	1	334656640	22	322
v-batman_arkham_city.r82	-	150000000	1	484656640	22	466
v-batman_arkham_city.r83	-	150000000	1	97571200	23	94
v-batman_arkham_city.r84	-	17787638	1	247571200	23	238
v-batman_arkham_city.rar	-	150000000	1	265358838	23	255
v-batman_arkham_city.sfv	-	3010	1	415358838	23	399
