Proof	d	0	1	0	0	0
Proof/sxs-riverbond.jpg	-	157407	1	0	0	0
sxs-riverbond.nfo	-	5744	1	157407	0	1
sxs-riverbond.r00	-	100000000	1	163151	0	2
sxs-riverbond.r01	-	100000000	1	100163151	0	98
sxs-riverbond.r02	-	100000000	1	200163151	0	194
sxs-riverbond.r03	-	100000000	1	300163151	0	290
sxs-riverbond.r04	-	100000000	1	400163151	0	386
sxs-riverbond.r05	-	100000000	1	500163151	0	482
sxs-riverbond.r06	-	100000000	1	62251264	1	60
sxs-riverbond.r07	-	100000000	1	162251264	1	156
sxs-riverbond.r08	-	50434485	1	262251264	1	252
sxs-riverbond.rar	-	100000000	1	312685749	1	301
sxs-riverbond.sfv	-	280	1	412685749	1	397
