v-thief_simulator.nfo	-	6838	1	0	0	0
v-thief_simulator.r00	-	50000000	1	6838	0	1
v-thief_simulator.r01	-	50000000	1	50006838	0	49
v-thief_simulator.r02	-	50000000	1	100006838	0	97
v-thief_simulator.r03	-	50000000	1	150006838	0	145
v-thief_simulator.r04	-	50000000	1	200006838	0	193
v-thief_simulator.r05	-	50000000	1	250006838	0	241
v-thief_simulator.r06	-	50000000	1	300006838	0	289
v-thief_simulator.r07	-	50000000	1	350006838	0	337
v-thief_simulator.r08	-	50000000	1	400006838	0	385
v-thief_simulator.r09	-	50000000	1	450006838	0	433
v-thief_simulator.r10	-	50000000	1	500006838	0	481
v-thief_simulator.r11	-	50000000	1	12251264	1	12
v-thief_simulator.r12	-	50000000	1	62251264	1	60
v-thief_simulator.r13	-	50000000	1	112251264	1	108
v-thief_simulator.r14	-	50000000	1	162251264	1	156
v-thief_simulator.r15	-	50000000	1	212251264	1	204
v-thief_simulator.r16	-	50000000	1	262251264	1	252
v-thief_simulator.r17	-	50000000	1	312251264	1	300
v-thief_simulator.r18	-	50000000	1	362251264	1	348
v-thief_simulator.r19	-	50000000	1	412251264	1	396
v-thief_simulator.r20	-	50000000	1	462251264	1	444
v-thief_simulator.r21	-	50000000	1	512251264	1	492
v-thief_simulator.r22	-	50000000	1	24834176	2	24
v-thief_simulator.r23	-	50000000	1	74834176	2	72
v-thief_simulator.r24	-	50000000	1	124834176	2	120
v-thief_simulator.r25	-	50000000	1	174834176	2	168
v-thief_simulator.r26	-	50000000	1	224834176	2	216
v-thief_simulator.r27	-	50000000	1	274834176	2	264
v-thief_simulator.r28	-	50000000	1	324834176	2	312
v-thief_simulator.r29	-	50000000	1	374834176	2	360
v-thief_simulator.r30	-	50000000	1	424834176	2	408
v-thief_simulator.r31	-	50000000	1	474834176	2	456
v-thief_simulator.r32	-	50000000	1	524834176	2	504
v-thief_simulator.r33	-	50000000	1	37417088	3	36
v-thief_simulator.r34	-	50000000	1	87417088	3	84
v-thief_simulator.r35	-	50000000	1	137417088	3	132
v-thief_simulator.r36	-	50000000	1	187417088	3	180
v-thief_simulator.r37	-	50000000	1	237417088	3	228
v-thief_simulator.r38	-	50000000	1	287417088	3	276
v-thief_simulator.r39	-	50000000	1	337417088	3	324
v-thief_simulator.r40	-	50000000	1	387417088	3	372
v-thief_simulator.r41	-	50000000	1	437417088	3	420
v-thief_simulator.r42	-	50000000	1	487417088	3	468
v-thief_simulator.r43	-	50000000	1	0	4	0
v-thief_simulator.r44	-	50000000	1	50000000	4	48
v-thief_simulator.r45	-	50000000	1	100000000	4	96
v-thief_simulator.r46	-	50000000	1	150000000	4	144
v-thief_simulator.r47	-	50000000	1	200000000	4	192
v-thief_simulator.r48	-	50000000	1	250000000	4	240
v-thief_simulator.r49	-	50000000	1	300000000	4	288
v-thief_simulator.r50	-	50000000	1	350000000	4	336
v-thief_simulator.r51	-	50000000	1	400000000	4	384
v-thief_simulator.r52	-	50000000	1	450000000	4	432
v-thief_simulator.r53	-	50000000	1	500000000	4	480
v-thief_simulator.r54	-	50000000	1	12251264	5	12
v-thief_simulator.r55	-	50000000	1	62251264	5	60
v-thief_simulator.r56	-	50000000	1	112251264	5	108
v-thief_simulator.r57	-	50000000	1	162251264	5	156
v-thief_simulator.r58	-	50000000	1	212251264	5	204
v-thief_simulator.r59	-	50000000	1	262251264	5	252
v-thief_simulator.r60	-	50000000	1	312251264	5	300
v-thief_simulator.r61	-	50000000	1	362251264	5	348
v-thief_simulator.r62	-	50000000	1	412251264	5	396
v-thief_simulator.r63	-	50000000	1	462251264	5	444
v-thief_simulator.r64	-	50000000	1	512251264	5	492
v-thief_simulator.r65	-	50000000	1	24834176	6	24
v-thief_simulator.r66	-	50000000	1	74834176	6	72
v-thief_simulator.r67	-	50000000	1	124834176	6	120
v-thief_simulator.r68	-	50000000	1	174834176	6	168
v-thief_simulator.r69	-	50000000	1	224834176	6	216
v-thief_simulator.r70	-	50000000	1	274834176	6	264
v-thief_simulator.r71	-	50000000	1	324834176	6	312
v-thief_simulator.r72	-	50000000	1	374834176	6	360
v-thief_simulator.r73	-	50000000	1	424834176	6	408
v-thief_simulator.r74	-	50000000	1	474834176	6	456
v-thief_simulator.r75	-	50000000	1	524834176	6	504
v-thief_simulator.r76	-	50000000	1	37417088	7	36
v-thief_simulator.r77	-	50000000	1	87417088	7	84
v-thief_simulator.r78	-	50000000	1	137417088	7	132
v-thief_simulator.r79	-	50000000	1	187417088	7	180
v-thief_simulator.r80	-	50000000	1	237417088	7	228
v-thief_simulator.r81	-	50000000	1	287417088	7	276
v-thief_simulator.r82	-	50000000	1	337417088	7	324
v-thief_simulator.r83	-	50000000	1	387417088	7	372
v-thief_simulator.r84	-	50000000	1	437417088	7	420
v-thief_simulator.r85	-	50000000	1	487417088	7	468
v-thief_simulator.r86	-	50000000	1	0	8	0
v-thief_simulator.r87	-	50000000	1	50000000	8	48
v-thief_simulator.r88	-	46014625	1	100000000	8	96
v-thief_simulator.rar	-	50000000	1	146014625	8	140
v-thief_simulator.sfv	-	2880	1	196014625	8	188
