hr-axseav196608.nfo	-	11258	1	0	0	0
hr-axseav196608.r00	-	50000000	1	11258	0	1
hr-axseav196608.r01	-	50000000	1	50011258	0	49
hr-axseav196608.r02	-	50000000	1	100011258	0	97
hr-axseav196608.r03	-	50000000	1	150011258	0	145
hr-axseav196608.r04	-	50000000	1	200011258	0	193
hr-axseav196608.r05	-	50000000	1	250011258	0	241
hr-axseav196608.r06	-	50000000	1	300011258	0	289
hr-axseav196608.r07	-	50000000	1	350011258	0	337
hr-axseav196608.r08	-	50000000	1	400011258	0	385
hr-axseav196608.r09	-	50000000	1	450011258	0	433
hr-axseav196608.r10	-	50000000	1	500011258	0	481
hr-axseav196608.r11	-	12981214	1	12251264	1	12
hr-axseav196608.rar	-	50000000	1	25232478	1	25
hr-axseav196608.sfv	-	390	1	75232478	1	73
