n-movingout2.nfo	-	6069	1	0	0	0
n-movingout2.r00	-	50000000	1	6069	0	1
n-movingout2.r01	-	50000000	1	50006069	0	49
n-movingout2.r02	-	50000000	1	100006069	0	97
n-movingout2.r03	-	50000000	1	150006069	0	145
n-movingout2.r04	-	50000000	1	200006069	0	193
n-movingout2.r05	-	50000000	1	250006069	0	241
n-movingout2.r06	-	50000000	1	300006069	0	289
n-movingout2.r07	-	50000000	1	350006069	0	337
n-movingout2.r08	-	50000000	1	400006069	0	385
n-movingout2.r09	-	50000000	1	450006069	0	433
n-movingout2.r10	-	50000000	1	500006069	0	481
n-movingout2.r11	-	50000000	1	12251264	1	12
n-movingout2.r12	-	50000000	1	62251264	1	60
n-movingout2.r13	-	50000000	1	112251264	1	108
n-movingout2.r14	-	50000000	1	162251264	1	156
n-movingout2.r15	-	50000000	1	212251264	1	204
n-movingout2.r16	-	50000000	1	262251264	1	252
n-movingout2.r17	-	50000000	1	312251264	1	300
n-movingout2.r18	-	50000000	1	362251264	1	348
n-movingout2.r19	-	50000000	1	412251264	1	396
n-movingout2.r20	-	50000000	1	462251264	1	444
n-movingout2.r21	-	50000000	1	512251264	1	492
n-movingout2.r22	-	50000000	1	24834176	2	24
n-movingout2.r23	-	50000000	1	74834176	2	72
n-movingout2.r24	-	50000000	1	124834176	2	120
n-movingout2.r25	-	50000000	1	174834176	2	168
n-movingout2.r26	-	50000000	1	224834176	2	216
n-movingout2.r27	-	50000000	1	274834176	2	264
n-movingout2.r28	-	50000000	1	324834176	2	312
n-movingout2.r29	-	50000000	1	374834176	2	360
n-movingout2.r30	-	50000000	1	424834176	2	408
n-movingout2.r31	-	50000000	1	474834176	2	456
n-movingout2.r32	-	50000000	1	524834176	2	504
n-movingout2.r33	-	50000000	1	37417088	3	36
n-movingout2.r34	-	30906982	1	87417088	3	84
n-movingout2.rar	-	50000000	1	118324070	3	114
n-movingout2.sfv	-	972	1	168324070	3	162
