sxs-marvelua3_v327680.nfo	-	6446	1	0	0	0
sxs-marvelua3_v327680.r00	-	50000000	1	6446	0	1
sxs-marvelua3_v327680.r01	-	50000000	1	50006446	0	49
sxs-marvelua3_v327680.r02	-	50000000	1	100006446	0	97
sxs-marvelua3_v327680.r03	-	50000000	1	150006446	0	145
sxs-marvelua3_v327680.r04	-	50000000	1	200006446	0	193
sxs-marvelua3_v327680.r05	-	50000000	1	250006446	0	241
sxs-marvelua3_v327680.r06	-	50000000	1	300006446	0	289
sxs-marvelua3_v327680.r07	-	50000000	1	350006446	0	337
sxs-marvelua3_v327680.r08	-	50000000	1	400006446	0	385
sxs-marvelua3_v327680.r09	-	50000000	1	450006446	0	433
sxs-marvelua3_v327680.r10	-	50000000	1	500006446	0	481
sxs-marvelua3_v327680.r11	-	50000000	1	12251264	1	12
sxs-marvelua3_v327680.r12	-	50000000	1	62251264	1	60
sxs-marvelua3_v327680.r13	-	50000000	1	112251264	1	108
sxs-marvelua3_v327680.r14	-	50000000	1	162251264	1	156
sxs-marvelua3_v327680.r15	-	50000000	1	212251264	1	204
sxs-marvelua3_v327680.r16	-	50000000	1	262251264	1	252
sxs-marvelua3_v327680.r17	-	50000000	1	312251264	1	300
sxs-marvelua3_v327680.r18	-	50000000	1	362251264	1	348
sxs-marvelua3_v327680.r19	-	50000000	1	412251264	1	396
sxs-marvelua3_v327680.r20	-	50000000	1	462251264	1	444
sxs-marvelua3_v327680.r21	-	50000000	1	512251264	1	492
sxs-marvelua3_v327680.r22	-	50000000	1	24834176	2	24
sxs-marvelua3_v327680.r23	-	50000000	1	74834176	2	72
sxs-marvelua3_v327680.r24	-	50000000	1	124834176	2	120
sxs-marvelua3_v327680.r25	-	50000000	1	174834176	2	168
sxs-marvelua3_v327680.r26	-	50000000	1	224834176	2	216
sxs-marvelua3_v327680.r27	-	50000000	1	274834176	2	264
sxs-marvelua3_v327680.r28	-	50000000	1	324834176	2	312
sxs-marvelua3_v327680.r29	-	50000000	1	374834176	2	360
sxs-marvelua3_v327680.r30	-	50000000	1	424834176	2	408
sxs-marvelua3_v327680.r31	-	50000000	1	474834176	2	456
sxs-marvelua3_v327680.r32	-	50000000	1	524834176	2	504
sxs-marvelua3_v327680.r33	-	50000000	1	37417088	3	36
sxs-marvelua3_v327680.r34	-	50000000	1	87417088	3	84
sxs-marvelua3_v327680.r35	-	50000000	1	137417088	3	132
sxs-marvelua3_v327680.r36	-	50000000	1	187417088	3	180
sxs-marvelua3_v327680.r37	-	50000000	1	237417088	3	228
sxs-marvelua3_v327680.r38	-	50000000	1	287417088	3	276
sxs-marvelua3_v327680.r39	-	50000000	1	337417088	3	324
sxs-marvelua3_v327680.r40	-	50000000	1	387417088	3	372
sxs-marvelua3_v327680.r41	-	50000000	1	437417088	3	420
sxs-marvelua3_v327680.r42	-	50000000	1	487417088	3	468
sxs-marvelua3_v327680.r43	-	50000000	1	0	4	0
sxs-marvelua3_v327680.r44	-	50000000	1	50000000	4	48
sxs-marvelua3_v327680.r45	-	50000000	1	100000000	4	96
sxs-marvelua3_v327680.r46	-	50000000	1	150000000	4	144
sxs-marvelua3_v327680.r47	-	50000000	1	200000000	4	192
sxs-marvelua3_v327680.r48	-	50000000	1	250000000	4	240
sxs-marvelua3_v327680.r49	-	50000000	1	300000000	4	288
sxs-marvelua3_v327680.r50	-	50000000	1	350000000	4	336
sxs-marvelua3_v327680.r51	-	50000000	1	400000000	4	384
sxs-marvelua3_v327680.r52	-	50000000	1	450000000	4	432
sxs-marvelua3_v327680.r53	-	50000000	1	500000000	4	480
sxs-marvelua3_v327680.r54	-	50000000	1	12251264	5	12
sxs-marvelua3_v327680.r55	-	50000000	1	62251264	5	60
sxs-marvelua3_v327680.r56	-	50000000	1	112251264	5	108
sxs-marvelua3_v327680.r57	-	50000000	1	162251264	5	156
sxs-marvelua3_v327680.r58	-	50000000	1	212251264	5	204
sxs-marvelua3_v327680.r59	-	50000000	1	262251264	5	252
sxs-marvelua3_v327680.r60	-	12760019	1	312251264	5	300
sxs-marvelua3_v327680.rar	-	50000000	1	325011283	5	313
sxs-marvelua3_v327680.sfv	-	2232	1	375011283	5	361
