v-ls2020_v131072.nfo	-	4576	1	0	0	0
v-ls2020_v131072.r00	-	50000000	1	4576	0	1
v-ls2020_v131072.r01	-	50000000	1	50004576	0	49
v-ls2020_v131072.r02	-	50000000	1	100004576	0	97
v-ls2020_v131072.r03	-	50000000	1	150004576	0	145
v-ls2020_v131072.r04	-	50000000	1	200004576	0	193
v-ls2020_v131072.r05	-	50000000	1	250004576	0	241
v-ls2020_v131072.r06	-	50000000	1	300004576	0	289
v-ls2020_v131072.r07	-	50000000	1	350004576	0	337
v-ls2020_v131072.r08	-	50000000	1	400004576	0	385
v-ls2020_v131072.r09	-	50000000	1	450004576	0	433
v-ls2020_v131072.r10	-	49554547	1	500004576	0	481
v-ls2020_v131072.rar	-	50000000	1	11805811	1	12
v-ls2020_v131072.sfv	-	372	1	61805811	1	60
