sxs-imp_of_the_sun_v65536.nfo	-	8474	1	0	0	0
sxs-imp_of_the_sun_v65536.r00	-	50000000	1	8474	0	1
sxs-imp_of_the_sun_v65536.r01	-	50000000	1	50008474	0	49
sxs-imp_of_the_sun_v65536.r02	-	50000000	1	100008474	0	97
sxs-imp_of_the_sun_v65536.r03	-	50000000	1	150008474	0	145
sxs-imp_of_the_sun_v65536.r04	-	50000000	1	200008474	0	193
sxs-imp_of_the_sun_v65536.r05	-	50000000	1	250008474	0	241
sxs-imp_of_the_sun_v65536.r06	-	17913352	1	300008474	0	289
sxs-imp_of_the_sun_v65536.rar	-	50000000	1	317921826	0	307
sxs-imp_of_the_sun_v65536.sfv	-	320	1	367921826	0	355
