Proof	d	0	1	0	0	0
Proof/sxs-art_of_rally.jpg	-	182668	1	0	0	0
sxs-art_of_rally.nfo	-	5666	1	182668	0	1
sxs-art_of_rally.r00	-	100000000	1	188334	0	2
sxs-art_of_rally.r01	-	100000000	1	100188334	0	98
sxs-art_of_rally.r02	-	100000000	1	200188334	0	194
sxs-art_of_rally.r03	-	100000000	1	300188334	0	290
sxs-art_of_rally.r04	-	100000000	1	400188334	0	386
sxs-art_of_rally.r05	-	100000000	1	500188334	0	482
sxs-art_of_rally.r06	-	100000000	1	63299840	1	61
sxs-art_of_rally.r07	-	100000000	1	163299840	1	157
sxs-art_of_rally.r08	-	100000000	1	263299840	1	253
sxs-art_of_rally.r09	-	100000000	1	363299840	1	349
sxs-art_of_rally.r10	-	100000000	1	463299840	1	445
sxs-art_of_rally.r11	-	100000000	1	25551104	2	25
sxs-art_of_rally.r12	-	100000000	1	125551104	2	121
sxs-art_of_rally.r13	-	100000000	1	225551104	2	217
sxs-art_of_rally.r14	-	100000000	1	325551104	2	313
sxs-art_of_rally.r15	-	100000000	1	425551104	2	409
sxs-art_of_rally.r16	-	100000000	1	525551104	2	505
sxs-art_of_rally.r17	-	100000000	1	88465664	3	85
sxs-art_of_rally.r18	-	100000000	1	188465664	3	181
sxs-art_of_rally.r19	-	100000000	1	288465664	3	277
sxs-art_of_rally.r20	-	100000000	1	388465664	3	373
sxs-art_of_rally.r21	-	100000000	1	488465664	3	469
sxs-art_of_rally.r22	-	100000000	1	50716928	4	49
sxs-art_of_rally.r23	-	100000000	1	150716928	4	145
sxs-art_of_rally.r24	-	100000000	1	250716928	4	241
sxs-art_of_rally.r25	-	100000000	1	350716928	4	337
sxs-art_of_rally.r26	-	100000000	1	450716928	4	433
sxs-art_of_rally.r27	-	100000000	1	12968192	5	13
sxs-art_of_rally.r28	-	100000000	1	112968192	5	109
sxs-art_of_rally.r29	-	100000000	1	212968192	5	205
sxs-art_of_rally.r30	-	100000000	1	312968192	5	301
sxs-art_of_rally.r31	-	100000000	1	412968192	5	397
sxs-art_of_rally.r32	-	100000000	1	512968192	5	493
sxs-art_of_rally.r33	-	100000000	1	75882752	6	73
sxs-art_of_rally.r34	-	100000000	1	175882752	6	169
sxs-art_of_rally.r35	-	100000000	1	275882752	6	265
sxs-art_of_rally.r36	-	100000000	1	375882752	6	361
sxs-art_of_rally.r37	-	100000000	1	475882752	6	457
sxs-art_of_rally.r38	-	100000000	1	38134016	7	37
sxs-art_of_rally.r39	-	100000000	1	138134016	7	133
sxs-art_of_rally.r40	-	100000000	1	238134016	7	229
sxs-art_of_rally.r41	-	100000000	1	338134016	7	325
sxs-art_of_rally.r42	-	100000000	1	438134016	7	421
sxs-art_of_rally.r43	-	100000000	1	385280	8	1
sxs-art_of_rally.r44	-	20367507	1	100385280	8	97
sxs-art_of_rally.rar	-	100000000	1	120752787	8	117
sxs-art_of_rally.sfv	-	1426	1	220752787	8	213
