sxs-suzerain_v131072.nfo	-	9410	1	0	0	0
sxs-suzerain_v131072.r00	-	50000000	1	9410	0	1
sxs-suzerain_v131072.r01	-	50000000	1	50009410	0	49
sxs-suzerain_v131072.r02	-	50000000	1	100009410	0	97
sxs-suzerain_v131072.r03	-	50000000	1	150009410	0	145
sxs-suzerain_v131072.r04	-	50000000	1	200009410	0	193
sxs-suzerain_v131072.r05	-	50000000	1	250009410	0	241
sxs-suzerain_v131072.r06	-	50000000	1	300009410	0	289
sxs-suzerain_v131072.r07	-	50000000	1	350009410	0	337
sxs-suzerain_v131072.r08	-	50000000	1	400009410	0	385
sxs-suzerain_v131072.r09	-	50000000	1	450009410	0	433
sxs-suzerain_v131072.r10	-	50000000	1	500009410	0	481
sxs-suzerain_v131072.r11	-	50000000	1	12251264	1	12
sxs-suzerain_v131072.r12	-	50000000	1	62251264	1	60
sxs-suzerain_v131072.r13	-	44831259	1	112251264	1	108
sxs-suzerain_v131072.rar	-	50000000	1	157082523	1	151
sxs-suzerain_v131072.sfv	-	525	1	207082523	1	199
