v-book_of_demons.nfo	-	7072	1	0	0	0
v-book_of_demons.r00	-	50000000	1	7072	0	1
v-book_of_demons.r01	-	50000000	1	50007072	0	49
v-book_of_demons.r02	-	50000000	1	100007072	0	97
v-book_of_demons.r03	-	50000000	1	150007072	0	145
v-book_of_demons.r04	-	50000000	1	200007072	0	193
v-book_of_demons.r05	-	50000000	1	250007072	0	241
v-book_of_demons.r06	-	50000000	1	300007072	0	289
v-book_of_demons.r07	-	50000000	1	350007072	0	337
v-book_of_demons.r08	-	50000000	1	400007072	0	385
v-book_of_demons.r09	-	50000000	1	450007072	0	433
v-book_of_demons.r10	-	50000000	1	500007072	0	481
v-book_of_demons.r11	-	50000000	1	12251264	1	12
v-book_of_demons.r12	-	50000000	1	62251264	1	60
v-book_of_demons.r13	-	50000000	1	112251264	1	108
v-book_of_demons.r14	-	46385049	1	162251264	1	156
v-book_of_demons.rar	-	50000000	1	208636313	1	201
v-book_of_demons.sfv	-	496	1	258636313	1	249
