sxs-minecraft_v5308416.nfo	-	4028	1	0	0	0
sxs-minecraft_v5308416.r00	-	100000000	1	4028	0	1
sxs-minecraft_v5308416.r01	-	100000000	1	100004028	0	97
sxs-minecraft_v5308416.r02	-	100000000	1	200004028	0	193
sxs-minecraft_v5308416.r03	-	100000000	1	300004028	0	289
sxs-minecraft_v5308416.r04	-	100000000	1	400004028	0	385
sxs-minecraft_v5308416.r05	-	100000000	1	500004028	0	481
sxs-minecraft_v5308416.r06	-	100000000	1	62251264	1	60
sxs-minecraft_v5308416.r07	-	100000000	1	162251264	1	156
sxs-minecraft_v5308416.r08	-	100000000	1	262251264	1	252
sxs-minecraft_v5308416.r09	-	62115286	1	362251264	1	348
sxs-minecraft_v5308416.rar	-	100000000	1	424366550	1	408
sxs-minecraft_v5308416.sfv	-	407	1	524366550	1	504
