v-kao_the_kangaroo.nfo	-	6292	1	0	0	0
v-kao_the_kangaroo.r00	-	50000000	1	6292	0	1
v-kao_the_kangaroo.r01	-	50000000	1	50006292	0	49
v-kao_the_kangaroo.r02	-	50000000	1	100006292	0	97
v-kao_the_kangaroo.r03	-	50000000	1	150006292	0	145
v-kao_the_kangaroo.r04	-	50000000	1	200006292	0	193
v-kao_the_kangaroo.r05	-	50000000	1	250006292	0	241
v-kao_the_kangaroo.r06	-	50000000	1	300006292	0	289
v-kao_the_kangaroo.r07	-	50000000	1	350006292	0	337
v-kao_the_kangaroo.r08	-	50000000	1	400006292	0	385
v-kao_the_kangaroo.r09	-	50000000	1	450006292	0	433
v-kao_the_kangaroo.r10	-	50000000	1	500006292	0	481
v-kao_the_kangaroo.r11	-	50000000	1	12251264	1	12
v-kao_the_kangaroo.r12	-	50000000	1	62251264	1	60
v-kao_the_kangaroo.r13	-	50000000	1	112251264	1	108
v-kao_the_kangaroo.r14	-	50000000	1	162251264	1	156
v-kao_the_kangaroo.r15	-	50000000	1	212251264	1	204
v-kao_the_kangaroo.r16	-	50000000	1	262251264	1	252
v-kao_the_kangaroo.r17	-	50000000	1	312251264	1	300
v-kao_the_kangaroo.r18	-	50000000	1	362251264	1	348
v-kao_the_kangaroo.r19	-	50000000	1	412251264	1	396
v-kao_the_kangaroo.r20	-	50000000	1	462251264	1	444
v-kao_the_kangaroo.r21	-	50000000	1	512251264	1	492
v-kao_the_kangaroo.r22	-	50000000	1	24834176	2	24
v-kao_the_kangaroo.r23	-	50000000	1	74834176	2	72
v-kao_the_kangaroo.r24	-	50000000	1	124834176	2	120
v-kao_the_kangaroo.r25	-	50000000	1	174834176	2	168
v-kao_the_kangaroo.r26	-	50000000	1	224834176	2	216
v-kao_the_kangaroo.r27	-	50000000	1	274834176	2	264
v-kao_the_kangaroo.r28	-	50000000	1	324834176	2	312
v-kao_the_kangaroo.r29	-	50000000	1	374834176	2	360
v-kao_the_kangaroo.r30	-	50000000	1	424834176	2	408
v-kao_the_kangaroo.r31	-	50000000	1	474834176	2	456
v-kao_the_kangaroo.r32	-	50000000	1	524834176	2	504
v-kao_the_kangaroo.r33	-	50000000	1	37417088	3	36
v-kao_the_kangaroo.r34	-	50000000	1	87417088	3	84
v-kao_the_kangaroo.r35	-	50000000	1	137417088	3	132
v-kao_the_kangaroo.r36	-	50000000	1	187417088	3	180
v-kao_the_kangaroo.r37	-	50000000	1	237417088	3	228
v-kao_the_kangaroo.r38	-	50000000	1	287417088	3	276
v-kao_the_kangaroo.r39	-	50000000	1	337417088	3	324
v-kao_the_kangaroo.r40	-	50000000	1	387417088	3	372
v-kao_the_kangaroo.r41	-	50000000	1	437417088	3	420
v-kao_the_kangaroo.r42	-	50000000	1	487417088	3	468
v-kao_the_kangaroo.r43	-	50000000	1	0	4	0
v-kao_the_kangaroo.r44	-	50000000	1	50000000	4	48
v-kao_the_kangaroo.r45	-	50000000	1	100000000	4	96
v-kao_the_kangaroo.r46	-	50000000	1	150000000	4	144
v-kao_the_kangaroo.r47	-	50000000	1	200000000	4	192
v-kao_the_kangaroo.r48	-	50000000	1	250000000	4	240
v-kao_the_kangaroo.r49	-	50000000	1	300000000	4	288
v-kao_the_kangaroo.r50	-	50000000	1	350000000	4	336
v-kao_the_kangaroo.r51	-	50000000	1	400000000	4	384
v-kao_the_kangaroo.r52	-	50000000	1	450000000	4	432
v-kao_the_kangaroo.r53	-	50000000	1	500000000	4	480
v-kao_the_kangaroo.r54	-	50000000	1	12251264	5	12
v-kao_the_kangaroo.r55	-	50000000	1	62251264	5	60
v-kao_the_kangaroo.r56	-	50000000	1	112251264	5	108
v-kao_the_kangaroo.r57	-	50000000	1	162251264	5	156
v-kao_the_kangaroo.r58	-	50000000	1	212251264	5	204
v-kao_the_kangaroo.r59	-	50000000	1	262251264	5	252
v-kao_the_kangaroo.r60	-	50000000	1	312251264	5	300
v-kao_the_kangaroo.r61	-	50000000	1	362251264	5	348
v-kao_the_kangaroo.r62	-	50000000	1	412251264	5	396
v-kao_the_kangaroo.r63	-	50000000	1	462251264	5	444
v-kao_the_kangaroo.r64	-	50000000	1	512251264	5	492
v-kao_the_kangaroo.r65	-	50000000	1	24834176	6	24
v-kao_the_kangaroo.r66	-	50000000	1	74834176	6	72
v-kao_the_kangaroo.r67	-	50000000	1	124834176	6	120
v-kao_the_kangaroo.r68	-	50000000	1	174834176	6	168
v-kao_the_kangaroo.r69	-	50000000	1	224834176	6	216
v-kao_the_kangaroo.r70	-	50000000	1	274834176	6	264
v-kao_the_kangaroo.r71	-	50000000	1	324834176	6	312
v-kao_the_kangaroo.r72	-	50000000	1	374834176	6	360
v-kao_the_kangaroo.r73	-	50000000	1	424834176	6	408
v-kao_the_kangaroo.r74	-	50000000	1	474834176	6	456
v-kao_the_kangaroo.r75	-	50000000	1	524834176	6	504
v-kao_the_kangaroo.r76	-	50000000	1	37417088	7	36
v-kao_the_kangaroo.r77	-	50000000	1	87417088	7	84
v-kao_the_kangaroo.r78	-	50000000	1	137417088	7	132
v-kao_the_kangaroo.r79	-	50000000	1	187417088	7	180
v-kao_the_kangaroo.r80	-	50000000	1	237417088	7	228
v-kao_the_kangaroo.r81	-	50000000	1	287417088	7	276
v-kao_the_kangaroo.r82	-	50000000	1	337417088	7	324
v-kao_the_kangaroo.r83	-	50000000	1	387417088	7	372
v-kao_the_kangaroo.r84	-	50000000	1	437417088	7	420
v-kao_the_kangaroo.r85	-	50000000	1	487417088	7	468
v-kao_the_kangaroo.r86	-	50000000	1	0	8	0
v-kao_the_kangaroo.r87	-	50000000	1	50000000	8	48
v-kao_the_kangaroo.r88	-	50000000	1	100000000	8	96
v-kao_the_kangaroo.r89	-	50000000	1	150000000	8	144
v-kao_the_kangaroo.r90	-	50000000	1	200000000	8	192
v-kao_the_kangaroo.r91	-	50000000	1	250000000	8	240
v-kao_the_kangaroo.r92	-	50000000	1	300000000	8	288
v-kao_the_kangaroo.r93	-	50000000	1	350000000	8	336
v-kao_the_kangaroo.r94	-	50000000	1	400000000	8	384
v-kao_the_kangaroo.r95	-	50000000	1	450000000	8	432
v-kao_the_kangaroo.r96	-	50000000	1	500000000	8	480
v-kao_the_kangaroo.r97	-	10659862	1	12251264	9	12
v-kao_the_kangaroo.rar	-	50000000	1	22911126	9	23
v-kao_the_kangaroo.sfv	-	3267	1	72911126	9	71
